n: 115
m: 4
g: 55
k: 24

apparatus:
[
 "Vault"
 "Uneven Bars"
 "Balance Beam"
 "Floor Exercise"
]

countries:
[
 "USA"
 "GBR"
 "BRA"
 "CAN"
 "ITA"
 "CHN"
 "FRA"
 "NED"
 "ALG"
 "AUS"
 "ROU"
 "GER"
 "KOR"
 "MEX"
 "JPN"
 "POR"
 "PHI"
 "HUN"
 "ESP"
 "UKR"
 "SUI"
 "PAN"
 "RSA"
 "CZE"
 "ISR"
 "SLO"
 "INA"
 "BEL"
 "SWE"
 "AUT"
 "FIN"
 "IRL"
 "LUX"
 "ISL"
 "TPE"
 "ARG"
 "TUR"
 "UZB"
 "BAR"
 "NOR"
 "SVK"
 "HAI"
 "DEN"
 "GRE"
 "EGY"
 "SGP"
 "NZL"
 "COL"
 "ECU"
 "POL"
 "LAT"
 "PER"
 "KAZ"
 "SRI"
 "CHI"
]

athletes:
[
 "BILES Simone"
 "JONES Shilese"
 "GADIROVA Jessica"
 "ANDRADE Rebeca"
 "BLACK Elsabeth"
 "SARAIVA Flavia"
 "ESPOSITO Manila"
 "QIU Qiyuan"
 "OU Yushan"
 "DE JESUS DOS SANTOS Melanie"
 "WONG Leanne"
 "VISSER Naomi"
 "NEMOUR Kaylia"
 "ACHAMPONG Ondine"
 "KINSELLA Alice"
 "GODWIN Georgia"
 "D'AMATO Alice"
 "IORIO Elisa"
 "BARBOSU Ana"
 "SCHAEFER-BETZ Pauline"
 "LEE Yunseo"
 "MORENO Alexa"
 "VOSS Sarah"
 "THORSDOTTIR Eythora"
 "KISHI Rina"
 "HATAKEDA Chiaki"
 "MARTINS Filipa"
 "OSYSSEK-REIMER Morgane"
 "BARBOSA Jade"
 "MIYATA Shoko"
 "BOYER Marine"
 "FINNEGAN Aleah"
 "CZIFRA Bettina Lili"
 "SZEKELY Zoja"
 "PASS Ruby"
 "PETISCO Alba"
 "TRAN Aurelie"
 "LASHCHEVSKA Anna"
 "BICKEL Lena"
 "SHIN Solyi"
 "HERON Hillary"
 "VAN POL Vera"
 "NAVAS Karla"
 "SCHOENMAIER Karina"
 "CASABUENA Laura"
 "ROOSKRANTZ Caitlin"
 "ARTAMONOVA Sona"
 "RAZ Lihie"
 "HRIBAR Lucija"
 "PREDA Andreea"
 "MAYER Greta"
 "IRFANALUTHFI Rifda"
 "PINXTEN Erika"
 "WILLIAMS Jennifer"
 "PAULSSON Tonya"
 "KICKINGER Selina"
 "TANSKANEN Kaia"
 "ESCALERA Natalia"
 "HILTON Halle"
 "WESTLUND Emelie"
 "DANDOIS Margaux"
 "FONT Laia"
 "KVAMME Kylee Ann"
 "MORDENTI Celeste"
 "ANDERS Caleigh"
 "ADALSTEINSDOTTIR Thelma"
 "LIAO Yi-Chun"
 "WU Anny"
 "FRYSAK Bianca"
 "CURTI RUIZ Milagros"
 "LAI Pin-Ju"
 "YILDIZ Bengisu"
 "ARIPOVA Dildora"
 "VLKOVA Alice"
 "KELLY Olivia"
 "BOHLE Leni"
 "TRONRUD Maria"
 "SLEVIN Emma"
 "DARIES Naveen"
 "MOKOSOVA Barbora"
 "TRTNIK Zala"
 "BROWN Lynnzee"
 "PONIZILOVA Dominika"
 "TING Hua-Tien"
 "IRIBARNE Nicole"
 "KAYISOGLU Sevgi"
 "RASMUSSEN Camille"
 "MESIRI Athanasia"
 "HERRERA Lana"
 "ELSADEK Sandra"
 "KANTER Mari"
 "YAP Emma"
 "MARSHALL Madeleine"
 "PILGRIM Anya"
 "VALENZUELA Yiseth"
 "PEREA Alais"
 "VAETTOE Olivia"
 "ESCOBAR BETANCUR Ginna"
 "KRISTINSDOTTIR Margret Lea"
 "NATHAN Nadine Joy"
 "ESTARLI Lucila"
 "COBB Reece"
 "SKALSKA Kaja"
 "RATOBILSKA Valerija"
 "HAUTALA Ada"
 "COSTA Mafalda"
 "MENDEZ Ana Karina"
 "BAUYRZHANOVA Aida"
 "ELPITIYA BADALGE DONA Milka Gehani"
 "KRUPA Ilona"
 "PINTO ADASME Makarena"
 "ABDELSALAM Jana"
 "SALEM Lahna"
 "LIN Yi-Chen"
 "ANANJEVA Anastasija"
]

group_of:
[
 1 1 2 3 4 3 5 6 6 7
 1 8 9 2 2 10 5 5 11 12
 13 14 12 8 15 15 16 7 3 15
 7 17 18 18 10 19 4 20 21 13
 22 8 22 12 19 23 24 25 26 11
 18 27 28 29 29 30 31 14 32 29
 28 19 17 33 23 34 35 21 30 36
 35 37 38 24 39 30 40 32 23 41
 26 42 24 35 36 37 43 44 22 45
 40 46 47 39 48 49 31 48 34 46
 36 47 50 51 31 16 52 53 54 20
 55 45 9 35 51
]

official_qualifier:
[
 1 1 1 1 1 1 1 1 1 1
 0 1 1 1 0 1 1 0 1 1
 1 1 1 1 1 1 1 0 0 0
 0 0 0 0 0 0 0 0 0 0
 0 0 0 0 0 0 0 0 0 0
 0 0 0 0 0 0 0 0 0 0
 0 0 0 0 0 0 0 0 0 0
 0 0 0 0 0 0 0 0 0 0
 0 0 0 0 0 0 0 0 0 0
 0 0 0 0 0 0 0 0 0 0
 0 0 0 0 0 0 0 0 0 0
 0 0 0 0 0
]

points:
[
 15.266 14.400 14.566 14.633
 14.266 14.833 14.033 13.800
 14.600 13.766 14.000 14.400
 14.900 13.866 13.800 14.033
 13.966 14.133 13.566 13.400
 13.866 13.600 13.400 13.833
 13.766 13.666 13.666 13.600
 13.133 14.900 13.800 12.833
 13.100 14.100 14.066 13.366
 14.366 14.066 12.733 13.300
 14.166 13.666 13.366 13.200
 13.233 14.166 13.200 13.733
 13.000 14.733 13.266 12.700
 14.300 12.733 13.433 12.866
 14.000 13.533 12.133 13.633
 13.633 13.666 13.133 12.766
 14.000 13.033 12.533 13.400
 13.233 13.400 13.400 12.933
 13.500 13.366 12.866 13.200
 12.966 12.966 14.066 12.733
 13.300 13.633 12.766 13.000
 14.566 12.466 12.266 13.033
 13.433 12.733 12.866 13.200
 13.900 13.266 12.133 12.900
 14.000 12.166 12.700 13.333
 13.500 12.933 13.166 12.600
 13.166 13.333 12.633 12.833
 13.333 12.033 13.033 13.433
 13.833 12.766 12.400 12.833
 14.100 13.366 11.900 12.366
 13.366 12.700 13.400 12.000
 13.400 12.433 12.700 12.833
 13.633 12.733 12.866 12.133
 13.033 13.866 12.166 12.200
 11.900 13.833 12.600 12.733
 13.633 12.666 11.566 13.100
 13.233 13.133 11.933 12.600
 12.833 13.133 12.900 11.800
 13.166 12.266 12.700 12.500
 13.500 12.800 11.800 12.500
 14.100 11.733 11.800 12.966
 13.600 13.066 10.866 13.066
 13.700 12.766 11.866 11.966
 13.133 12.933 11.966 12.266
 13.066 12.900 11.233 13.066
 13.066 12.900 11.700 12.433
 13.133 11.533 12.633 12.733
 13.033 12.400 12.033 12.533
 13.233 12.566 11.866 12.300
 12.966 12.733 11.933 12.333
 13.300 11.766 12.600 12.266
 13.166 12.033 12.366 12.367
 12.966 11.833 12.633 12.400
 13.166 12.000 12.333 12.333
 13.400 12.866 11.633 11.900
 13.166 12.600 11.866 12.166
 13.333 12.600 11.633 12.166
 13.500 12.866 11.566 11.733
 12.900 12.033 12.866 11.866
 12.933 12.633 12.000 12.033
 11.800 12.866 12.666 12.133
 12.766 12.566 11.999 12.133
 13.400 12.266 11.833 11.933
 12.833 11.833 12.033 12.633
 13.000 12.500 11.800 11.900
 12.300 12.166 12.333 12.300
 12.666 11.500 12.500 12.233
 12.966 12.000 11.866 11.967
 12.700 12.200 11.900 11.933
 13.100 11.666 11.966 12.000
 12.933 11.133 12.833 11.800
 13.100 12.166 11.600 11.800
 11.533 12.600 12.433 12.033
 13.200 11.666 11.266 12.400
 13.200 11.666 11.733 11.900
 13.100 11.666 11.733 11.833
 12.466 11.766 12.266 11.766
 12.100 11.900 12.333 11.833
 13.133 12.166 11.500 11.333
 11.733 11.933 12.166 12.200
 13.000 10.900 12.400 11.566
 13.500 11.100 11.866 11.300
 13.100 10.433 12.300 11.866
 12.666 11.533 12.000 11.433
 12.900 11.666 11.300 11.733
 12.700 11.666 11.233 11.800
 13.366 11.833 11.200 10.966
 13.133 10.066 11.900 12.100
 12.833 11.600 11.033 11.600
 12.900 10.733 11.833 11.566
 12.333 11.600 11.800 11.166
 12.000 10.733 12.133 11.833
 12.700 10.833 11.466 11.533
 13.100 10.700 11.300 11.400
 12.900 10.733 11.066 11.733
 12.700 11.766 10.300 11.633
 12.966 10.433 10.666 12.133
 12.966 11.533 10.800 10.733
 12.166 11.100 10.866 11.833
 12.966 11.466 10.300 11.000
 13.000 9.933 11.000 11.766
 11.433 10.800 12.366 11.066
 12.166 10.866 10.900 11.600
 12.033 10.033 11.400 11.800
 13.000 8.000 12.266 11.966
 11.800 9.666 11.833 11.933
 12.200 11.500 10.933 10.533
 12.533 10.500 11.733 10.100
 12.933 9.133 10.966 11.766
 12.766 11.433 9.266 11.000
 12.866 9.366 10.933 11.200
 12.400 8.233 10.666 11.400
 12.266 10.266 10.166 9.833
 11.733 9.100 10.933 10.200
 12.433 9.466 9.466 10.566
]

c:
[
 0.5 0.75 1 1 1 1 1 0.75 1 1 1 1 0.75 1 1 1 1 1 1 1 1 1 1 1 1 1 1 1 1 1 1 1 1 1 1 1 1 1 1 1 1 1 1 1 1 1 1 1 1 1 1 1 1 1 1 1 1 1 1 1 1 1 1 1 1 1 1 1 1 1 1 1 1 1 1 1 1 1 1 1 1 1 1 1 1 1 1 1 1 1 1 1 1 1 1 1 1 1 1 1 1 1 1 1 1 1 1 1 1 1 1 1 1 1 1
 0.25 0.5 0.5 0.5 1 0.75 1 0.75 0.75 0.75 1 1 1 0.75 1 1 1 1 1 0.75 1 0.75 1 1 1 1 1 1 1 1 1 1 1 1 1 1 1 1 1 1 1 1 1 1 1 1 1 1 1 1 1 1 1 1 1 1 1 1 1 1 1 1 1 1 1 1 1 1 1 1 1 1 1 1 1 1 1 1 1 1 1 1 1 1 1 1 1 1 1 1 1 1 1 1 1 1 1 1 1 1 1 1 1 1 1 1 1 1 1 1 1 1 1 1 1
 0 0.5 0.5 0.5 0.75 1 1 0.75 0.5 0.75 1 0.75 0.75 1 1 1 1 1 1 0.75 1 1 1 1 1 1 1 1 1 1 1 1 1 0.75 0.75 1 1 1 1 1 1 1 1 1 1 1 1 1 1 1 1 1 1 1 1 1 1 1 1 1 1 1 1 1 1 1 1 1 1 1 1 1 1 1 1 1 1 1 1 1 1 1 1 1 1 1 1 1 1 1 1 1 1 1 1 1 1 1 1 1 1 1 1 1 1 1 1 1 1 1 1 1 1 1 1
 0 0.5 0.5 0.5 0.75 1 1 0.625 0.5 0.75 1 0.75 0.75 1 1 1 1 1 1 0.75 1 1 1 1 1 1 1 1 1 1 1 1 1 0.875 1 1 1 1 1 1 1 1 1 1 1 1 1 1 1 1 1 1 1 1 1 1 1 1 1 1 1 1 1 1 1 1 1 1 1 1 1 1 1 1 1 1 1 1 1 1 1 1 1 1 1 1 1 1 1 1 1 1 1 1 1 1 1 1 1 1 1 1 1 1 1 1 1 1 1 1 1 1 1 1 1
 0 0 0.25 0.25 0.5 0.75 0.5 0.5 0.75 0.75 0.75 0.5 0.75 0.75 0.5 1 0.625 1 1 0.75 1 0.75 1 1 0.75 1 1 0.75 1 0.75 1 1 1 1 1 1 1 1 1 1 0.75 1 1 1 1 1 1 1 1 1 1 1 1 1 1 1 1 1 1 1 1 1 1 1 1 1 1 1 1 1 1 1 1 1 1 1 1 1 1 1 1 1 1 1 1 1 1 1 1 1 1 1 1 1 1 1 1 1 1 1 1 1 1 1 1 1 1 1 1 1 1 1 1 1 1
 0 0.25 0 0 0.25 0.5 0.5 0.5 0.5 0.5 0.5 0.75 0.75 0.5 0.75 0.75 0.75 0.875 1 0.75 0.75 0.75 1 0.75 0.75 1 1 1 1 0.75 0.875 1 1 0.75 0.75 1 1 1 1 1 0.75 1 1 1 1 1 1 1 1 1 1 1 1 1 1 1 1 1 1 1 1 1 1 1 1 1 1 1 1 1 1 1 1 1 1 1 1 1 1 1 1 1 1 1 1 1 1 1 1 1 1 1 1 1 1 1 1 1 1 1 1 1 1 1 1 1 1 1 1 1 1 1 1 1 1
 0 0 0 0 0.5 0.5 0.5 0.5 0.5 0.5 0.625 0.5 0.75 0.75 0.5 0.875 0.75 1 1 0.75 1 0.75 1 0.75 0.75 1 1 1 0.75 0.75 1 1 1 0.75 0.75 1 1 1 1 1 0.75 1 1 1 1 1 1 1 1 1 1 1 1 1 1 1 1 1 1 1 1 1 1 1 1 1 1 1 1 1 1 1 1 1 1 1 1 1 1 1 1 1 1 1 1 1 1 1 1 1 1 1 1 1 1 1 1 1 1 1 1 1 1 1 1 1 1 1 1 1 1 1 1 1 1
 0.25 0.25 0.25 0.375 0.5 0.5 0.5 0.5 0.5 0.5 0.5 0.5 1 0.5 0.5 0.75 0.5 0.5 0.5 0.75 0.5 0.5 0.5 0.5 0.5 0.75 0.625 0.5 0.625 0.75 0.75 0.625 0.75 1 1 0.5 0.75 1 0.75 0.75 0.5 0.5 0.75 0.875 0.75 1 0.875 1 0.75 1 0.75 0.75 1 0.75 0.75 0.75 0.75 0.75 1 1 1 1 0.75 1 1 1 1 1 1 1 1 1 1 0.75 0.75 1 1 1 0.875 1 1 0.75 1 1 1 1 0.75 0.875 1 1 1 1 1 1 1 1 1 1 1 1 1 1 1 1 1 1 1 1 1 1 1 1 1 1 1
 0 0.25 0.5 0.5 0.25 0.5 0.5 0.5 0.5 0.75 0.75 0.25 0.75 0.75 0.5 0.75 0.5 0.75 0.75 0.875 0.75 0.75 0.75 0.75 0.75 0.75 0.75 0.5 0.75 0.75 0.75 0.75 0.75 1 1 0.75 0.75 1 0.75 0.75 0.75 0.75 0.75 0.75 1 1 0.75 1 0.75 1 0.75 0.75 1 0.75 0.75 0.75 0.75 0.75 1 1 1 1 0.75 1 1 1 1 1 1 0.875 1 0.875 1 0.75 0.75 0.875 1 1 0.75 1 1 0.75 0.875 1 1 1 0.75 0.75 1 1 1 1 1 0.875 1 1 1 1 1 1 1 1 1 1 1 1 1 1 1 1 1 1 1 1 1
 0 0.25 0.25 0.25 0.25 0.5 0.5 0.5 0.25 0.5 0.75 0.25 0.5 0.75 0.75 0.75 0.75 0.75 0.75 0.75 0.75 0.75 0.75 1 0.75 0.75 1 0.5 1 1 0.75 1 0.75 1 1 1 1 0.75 1 1 1 1 1 1 1 1 1 1 1 1 1 1 1 1 1 1 1 1 0.75 1 1 1 1 1 1 1 1 1 1 1 0.75 1 1 1 1 1 1 1 1 1 1 1 1 1 1 1 1 1 1 1 1 1 1 1 1 1 1 1 1 1 1 1 1 1 1 1 1 1 1 1 1 1 1 1 1
 0 0 0 0 0.25 0.5 0.375 0.5 0.25 0.25 0.5 0.5 0.75 0.5 0.75 0.875 0.75 0.75 0.875 0.75 1 0.75 0.875 1 0.75 1 1 0.75 1 1 0.75 1 1 0.75 0.75 1 1 1 1 1 1 1 1 1 1 1 1 1 1 1 1 1 1 1 1 1 1 1 1 1 1 1 1 1 1 1 1 1 1 1 1 1 1 1 1 1 1 1 1 1 1 1 1 1 1 1 1 1 1 1 1 1 1 1 1 1 1 1 1 1 1 1 1 1 1 1 1 1 1 1 1 1 1 1 1
 0 0 0.25 0.25 0.5 0.25 0.5 0.5 0.75 0.75 0.5 0.5 0.5 0.5 0.75 0.75 0.75 0.625 0.75 0.75 0.75 0.75 0.75 0.75 0.75 0.75 1 0.75 0.75 0.75 0.5 0.75 0.75 1 1 0.75 0.875 1 1 0.75 0.75 0.75 0.75 1 1 1 1 1 0.875 1 0.75 1 1 1 0.75 1 0.75 0.75 1 1 1 1 0.75 1 1 1 1 1 1 1 1 1 1 1 1 1 1 1 1 1 1 0.75 1 1 1 1 0.75 1 1 1 1 1 1 1 1 1 1 1 1 1 1 1 1 1 1 1 1 1 1 1 1 1 1 1 1
 0.25 0 0.25 0.25 0.25 0.25 0.25 0 0.25 0.5 0.25 0.5 0.5 0.25 0.5 0.5 0.5 0.25 0.5 0.5 0.5 0.5 0.5 0.5 0.5 0.75 0.5 0.5 0.5 0.75 0.5 0.5 0.75 0.75 0.75 0.5 0.75 1 0.75 0.75 0.5 0.5 0.75 0.75 0.5 0.75 0.5 0.75 0.75 1 0.75 0.75 1 0.75 0.75 0.75 0.75 0.75 1 1 1 1 0.75 1 0.875 1 1 1 1 0.75 1 0.75 1 0.75 0.75 0.75 1 1 0.75 1 0.875 0.75 0.75 1 1 1 0.75 0.75 1 1 1 1 1 0.75 1 1 1 1 1 1 0.875 1 1 1 0.875 1 1 1 1 1 1 1 1 1 1
 0 0.25 0 0 0.25 0.5 0.25 0.5 0.25 0.25 0.5 0.5 0.75 0.5 0.5 0.75 0.5 0.5 0.5 0.5 0.5 0.5 0.625 0.5 0.75 0.75 0.75 0.75 0.75 0.75 1 1 0.875 0.75 0.75 0.75 0.75 0.75 1 0.75 0.75 0.5 0.75 0.75 0.5 0.75 1 1 1 0.875 1 1 1 1 0.75 1 1 0.75 1 1 0.75 1 1 1 1 1 1 1 1 1 1 1 1 1 1 1 1 1 1 1 1 1 1 1 1 1 1 1 1 1 1 1 1 1 1 1 1 1 1 1 1 1 1 1 1 1 1 1 1 1 1 1 1 1 1
 0 0 0 0 0.5 0.25 0.5 0.5 0.5 0.25 0.25 0.25 0.5 0.5 0.5 0.5 0.625 0.75 0.75 0.75 0.5 0.5 0.75 0.875 0.625 0.75 0.75 0.75 0.75 0.75 0.75 0.75 0.75 0.5 0.5 1 1 0.75 0.75 1 0.75 1 1 1 1 1 0.75 1 1 1 0.75 0.75 0.75 0.75 1 1 1 1 0.75 1 0.75 1 1 1 1 0.75 0.75 1 1 1 0.75 1 0.75 1 1 1 0.75 0.75 1 0.75 0.75 1 0.75 1 1 1 1 1 1 1 1 0.875 1 1 1 1 1 1 1 1 1 0.75 1 1 0.75 1 1 1 1 1 1 1 1 1 1
 0 0 0 0 0 0.25 0.125 0.25 0.25 0.25 0.125 0.25 0.5 0.25 0.5 0.5 0.5 0.5 0.75 0.75 0.75 0.5 0.75 0.5 0.5 0.75 0.75 0.75 0.5 0.75 0.75 0.75 0.875 0.75 0.75 0.625 1 1 1 1 0.5 0.75 0.75 1 0.75 1 1 1 1 1 1 1 1 1 1 1 1 1 1 1 1 1 1 1 1 1 1 1 1 1 1 1 1 1 1 1 1 1 1 1 1 1 1 1 1 1 1 1 1 1 1 1 1 1 1 1 1 1 1 1 1 1 1 1 1 1 1 1 1 1 1 1 1 1 1
 0 0 0 0 0.375 0.25 0.25 0.5 0.5 0.25 0.25 0.25 0.5 0.5 0.375 0.5 0.5 0.5 0.5 0.75 0.5 0.75 0.75 0.75 0.625 0.75 0.5 0.5 1 0.5 0.75 0.75 0.75 0.75 0.5 1 0.75 0.5 0.75 1 0.75 0.75 1 1 1 1 0.75 1 1 1 0.75 1 0.75 1 1 1 1 1 0.75 1 0.75 1 1 1 1 1 1 1 1 1 0.75 1 1 1 1 1 1 1 1 1 1 1 1 1 1 1 1 1 1 1 1 1 1 1 1 1 1 1 1 1 1 1 1 1 1 1 1 1 1 1 1 1 1 1 1
 0 0 0 0 0 0.125 0 0.5 0.25 0.25 0.25 0.375 0.75 0.5 0.25 0.5 0.5 0.5 0.5 0.75 0.25 0.5 0.5 0.75 0.5 0.75 1 0.5 0.75 0.75 0.625 0.75 0.75 0.75 0.75 0.5 0.875 1 1 0.75 0.5 0.5 0.75 1 0.75 1 1 1 0.875 1 0.75 1 1 1 0.75 1 0.75 0.75 1 1 1 1 0.75 1 1 1 1 1 1 1 1 1 1 1 1 1 1 1 1 1 1 0.75 1 1 1 1 0.75 1 1 1 1 1 1 1 1 1 1 1 1 1 1 1 1 1 1 1 1 1 1 1 1 1 1 1 1
 0 0 0 0 0 0 0 0.5 0.25 0.25 0.125 0.25 0.5 0.5 0.25 0.25 0.5 0.5 0.5 0.75 0.75 0.75 0.75 0.75 0.5 0.625 1 0.5 0.75 0.625 0.75 1 0.625 0.75 0.75 0.75 1 0.75 1 0.875 0.75 0.75 0.75 1 1 1 1 1 1 1 1 1 1 1 1 1 1 0.875 0.875 1 1 1 1 1 1 1 1 1 1 1 1 1 1 1 1 1 1 1 1 1 1 0.875 1 1 1 1 1 1 1 1 1 1 1 1 1 1 1 1 1 1 1 1 1 1 1 1 1 1 1 1 1 1 1 1 1
 0 0.25 0.25 0.25 0.25 0.25 0.25 0.25 0.125 0.25 0.25 0.25 0.5 0.5 0.25 0.25 0.25 0.25 0.25 0.5 0.25 0.5 0.5 0.25 0.5 0.75 0.25 0.5 0.5 0.5 0.75 0.5 0.75 0.5 0.625 0.5 0.5 0.75 0.75 0.75 0.5 0.25 0.75 0.75 0.5 0.75 0.625 0.75 0.75 0.875 0.75 0.75 0.875 0.75 0.75 0.75 0.75 0.75 1 1 1 1 0.75 1 0.75 1 1 0.875 1 0.75 1 0.75 1 0.75 0.75 0.75 1 1 0.75 1 0.75 0.75 0.75 1 1 1 0.75 0.75 1 1 1 1 1 0.75 1 1 0.875 0.875 1 0.875 0.75 1 1 1 0.75 1 1 1 1 1 1 1 1 1 1
 0 0 0 0 0 0.25 0 0.5 0.25 0.25 0 0.25 0.5 0.5 0.5 0.25 0.5 0.75 0.25 0.75 0.5 0.5 0.25 0.75 0.5 0.5 1 0.25 0.75 0.75 0.5 0.75 0.5 0.75 0.75 0.5 1 0.75 1 0.75 0.75 0.5 0.75 1 0.75 1 1 1 1 1 0.875 1 1 1 0.75 1 0.75 0.75 0.75 1 1 1 0.75 1 1 1 1 1 1 1 0.75 1 1 1 1 1 1 1 1 1 1 0.75 1 1 1 1 0.75 1 1 1 1 1 1 1 1 1 1 1 1 1 1 1 1 1 1 1 1 1 1 1 1 1 1 1 1
 0 0.25 0 0 0.25 0.25 0.25 0.5 0.25 0.25 0.25 0.25 0.5 0.5 0.5 0.5 0.25 0.5 0.25 0.5 0.5 0.5 0.25 0.75 0.5 0.5 0.5 0.5 0.5 0.75 0.5 0.75 0.5 0.75 0.5 0.5 0.75 0.5 0.75 0.75 1 0.5 0.75 0.75 0.5 0.75 0.75 1 0.75 0.75 0.75 0.75 0.75 0.75 0.75 0.75 0.75 0.75 0.75 0.75 0.5 0.75 1 1 0.75 0.75 0.75 1 1 1 0.75 1 0.5 1 1 1 0.875 0.75 1 1 0.75 1 0.75 1 1 1 1 1 1 1 1 1 1 1 1 1 1 1 1 1 1 0.75 1 1 0.875 1 1 1 1 1 1 1 1 1 1
 0 0 0 0 0 0 0 0.5 0.25 0.25 0.125 0.25 0.5 0.375 0.25 0.25 0.25 0.5 0.25 0.5 0.75 0.75 0.5 0.5 0.5 0.25 0.75 0.5 0.5 0.5 0.75 1 0.5 0.75 0.75 0.75 0.75 0.5 1 0.5 0.75 0.5 0.5 0.75 0.75 0.75 1 1 1 0.875 1 1 1 1 0.75 1 1 0.5 0.875 1 0.75 1 1 1 1 1 1 1 1 1 1 1 1 1 1 1 1 1 1 1 1 0.75 1 1 1 1 1 1 1 1 1 1 1 1 1 1 1 1 1 1 1 1 1 1 1 1 1 1 1 1 1 1 1 1 1
 0 0 0 0 0 0.25 0.25 0.5 0.25 0 0 0.25 0.5 0.5 0.125 0.5 0.25 0.25 0.25 0.75 0.25 0.25 0.5 0.5 0.25 0.75 0.5 0.5 0.75 0.5 0.75 0.75 0.75 0.5 0.5 0.75 1 0.75 0.75 1 0.5 0.75 1 1 0.75 1 0.75 1 1 1 0.75 0.75 0.75 0.75 1 1 1 1 0.75 1 0.75 1 1 1 1 0.75 0.75 1 1 1 0.75 1 0.75 1 1 1 0.75 0.75 1 0.75 0.75 1 0.75 1 1 1 1 1 1 1 1 0.875 1 1 1 1 1 1 1 1 1 0.75 1 1 0.75 1 1 1 1 1 1 1 1 1 1
 0 0 0 0 0.25 0.25 0.25 0.5 0.25 0.25 0.25 0.25 0.5 0.25 0.375 0.5 0.375 0.5 0.5 0.5 0.5 0.5 0.5 0.75 0.5 0.5 0.75 0.5 0.75 0.5 0.5 0.625 0.5 0.75 0.75 0.75 0.75 0.5 0.625 0.75 0.75 0.75 0.75 0.75 0.75 0.75 1 0.75 0.75 0.75 1 1 1 1 0.75 0.75 0.75 0.75 0.75 0.75 0.75 0.75 0.75 1 0.75 0.875 1 1 0.75 1 0.75 0.875 0.75 1 1 1 1 1 0.875 1 1 1 1 1 1 1 1 1 1 1 1 1 1 1 1 1 1 1 1 1 1 1 1 1 1 1 1 1 1 1 1 1 1 1 1
 0 0 0 0 0 0 0 0.25 0.25 0.25 0 0.25 0.25 0.25 0.25 0.25 0.25 0.25 0.375 0.25 0.5 0.5 0.75 0.25 0.5 0.5 0.5 0.75 0.5 0.5 0.75 0.75 0.75 0.75 0.5 0.5 0.625 0.75 1 0.875 0.5 0.25 0.75 0.875 0.75 1 0.75 1 1 1 1 1 1 1 1 1 1 0.875 1 1 1 1 1 0.75 1 1 1 1 1 1 1 1 1 1 1 1 1 1 1 1 1 0.875 1 1 1 1 1 1 1 1 1 1 1 1 1 1 1 1 1 1 1 1 1 1 1 1 1 1 1 1 1 1 1 1 1
 0 0 0 0 0 0 0 0.375 0.25 0 0 0 0.5 0.25 0.25 0.25 0.5 0 0 0.75 0 0.5 0.25 0.5 0.25 0.5 0.5 0.25 0.625 0.5 0.5 0.375 0.5 0.75 0.75 0.5 0.75 0.75 0.625 0.75 0.5 0.5 0.75 1 0.75 1 0.875 1 0.75 1 0.75 0.875 0.875 0.875 0.75 0.875 0.75 0.75 0.75 1 0.75 1 0.75 1 1 1 1 1 1 1 0.75 1 1 0.75 0.75 1 1 1 1 1 1 0.75 1 1 1 1 0.75 1 1 1 1 1 1 1 1 1 1 1 1 1 1 1 1 1 1 1 1 1 1 1 1 1 1 1 1
 0 0 0 0 0.25 0 0 0.5 0.5 0.5 0.25 0.25 0.5 0.25 0.25 0.25 0.5 0.5 0.5 0.5 0.75 0.5 0.5 0.5 0.5 0.25 0.75 0.5 0.5 0.5 0.25 0.5 0.5 0.75 0.75 0.5 0.75 0.75 0.75 0.5 0.75 0.5 0.5 0.75 0.75 0.75 1 0.75 0.75 0.75 1 0.875 1 1 0.5 0.75 0.625 0.5 0.875 0.75 0.75 0.75 0.5 1 0.75 0.75 1 1 0.75 1 1 0.75 0.75 1 1 1 1 1 0.75 1 1 0.75 1 1 1 1 0.75 1 1 1 1 1 1 1 1 1 1 1 1 1 1 1 1 1 1 1 1 1 1 1 1 1 1 1 1
 0 0 0 0 0 0 0.25 0.375 0.25 0 0 0.25 0.5 0.25 0.25 0.5 0 0.25 0.25 0.5 0.25 0.5 0.5 0.25 0.25 0.5 0.375 0.5 0.5 0.5 0.75 0.625 0.75 0.75 0.5 0.75 0.75 0.5 0.75 0.75 0.5 0.5 0.875 0.75 0.5 0.75 0.75 1 1 1 0.75 1 0.75 1 0.75 1 1 0.75 0.75 1 0.5 1 1 1 1 1 0.75 1 1 1 0.75 1 0.75 1 1 1 1 1 1 1 0.875 1 1 1 1 1 1 1 1 1 1 1 1 1 1 1 1 1 1 1 1 1 1 1 1 1 1 1 1 1 1 1 1 1 1
 0 0 0 0 0.25 0.25 0.25 0.25 0.25 0 0 0.25 0.25 0.25 0.25 0.25 0.5 0.25 0.375 0.5 0.25 0.25 0.5 0.5 0.5 0.5 0.5 0.5 0.5 0.5 0.75 0.5 0.75 0.5 0.25 0.75 0.5 0.75 0.5 0.75 0.625 0.75 1 0.75 0.75 0.75 0.5 0.5 1 0.75 0.75 0.5 0.5 0.75 1 1 1 1 0.75 0.75 0.75 0.75 1 0.5 1 0.75 0.75 1 0.875 0.75 0.75 1 0.75 0.75 1 1 0.75 0.75 1 0.75 0.75 1 0.75 0.75 1 1 1 0.875 1 1 1 0.75 1 1 1 1 1 1 1 1 1 0.75 1 1 0.75 1 1 1 1 1 1 1 1 1 1
 0 0 0 0 0 0.125 0 0.25 0.25 0.25 0.25 0.5 0.5 0 0.25 0.25 0.25 0.375 0.25 0.25 0.5 0.5 0.25 0.25 0.5 0.25 0.5 0.75 0.25 0.25 0.5 0.5 0.25 0.5 0.5 0.5 0.5 0.75 0.75 0.25 0.5 0.25 0.5 0.5 0.5 0.5 0.75 0.75 0.75 0.5 0.75 0.75 0.75 0.75 0.5 0.75 0.75 0.5 1 0.75 0.5 0.75 0.75 0.75 1 0.75 0.75 1 1 0.875 1 1 0.75 0.75 1 1 1 1 1 0.75 1 0.75 1 1 1 1 0.875 0.75 1 1 1 1 1 1 1 1 0.75 1 1 1 1 1 1 1 1 1 1 1 1 1 1 1 1 1 1
 0 0 0 0 0 0 0 0.375 0.25 0 0 0.25 0.5 0 0.25 0.25 0.25 0.25 0 0.5 0.25 0.25 0 0.25 0.375 0.25 0.625 0.5 0.375 0.5 0.5 0.5 0.25 0.75 0.75 0.25 0.75 0.5 0.875 0.5 0.5 0.25 0.5 0.75 0.5 0.75 1 1 0.75 0.75 1 1 1 1 0.625 0.75 0.75 0.5 0.75 0.75 0.75 0.75 0.875 1 0.75 1 1 1 1 1 0.75 1 0.75 1 1 1 1 1 1 1 1 0.75 1 1 1 1 1 1 1 1 1 1 1 1 1 1 1 1 1 1 1 1 1 1 1 1 1 1 1 1 1 1 1 1 1
 0 0 0 0 0 0 0 0.25 0.25 0.25 0 0.25 0.25 0.125 0.25 0.125 0.25 0.25 0.375 0.25 0.5 0.5 0.5 0.25 0.5 0.25 0.5 0.5 0.25 0.25 0.75 0.75 0.5 0.5 0.5 0.625 0.5 0.5 0.75 0.5 0.5 0.5 0.5 0.5 0.5 0.5 0.75 0.75 0.75 0.625 0.75 0.75 0.75 0.75 0.75 0.75 0.75 0.75 0.875 1 0.625 0.875 1 0.75 1 0.75 0.75 1 1 1 1 1 1 0.75 1 1 1 1 1 0.75 1 1 1 1 1 1 1 1 1 1 1 1 1 1 1 1 0.875 1 1 1 1 1 1 1 1 1 1 1 1 1 1 1 1 1 1
 0 0 0.25 0.125 0 0.25 0.25 0 0 0 0.25 0 0.25 0.25 0.5 0.25 0.25 0.25 0.25 0.5 0.25 0.25 0.25 0.5 0.25 0.25 0.25 0.25 0.25 0.5 0.5 0.25 0.5 0.5 0.5 0.5 0.5 0.75 0.25 0.5 0.5 0.5 0.75 0.5 0.5 0.5 0.25 0.625 0.5 0.75 0.25 0.25 0.5 0.25 0.75 0.75 0.75 0.75 0.75 1 0.75 1 0.75 0.75 1 0.5 0.5 1 1 0.75 0.75 0.75 0.75 0.5 0.75 0.75 0.75 0.75 0.75 0.75 0.75 0.75 0.5 1 1 1 0.75 0.75 1 1 1 1 1 0.75 1 1 1 1 1 1 1 0.75 1 1 0.75 1 1 1 1 1 1 1 1 1 1
 0 0 0.25 0 0 0.25 0.25 0 0 0 0.25 0 0.25 0.25 0.5 0.25 0.5 0.25 0.25 0.375 0.25 0.5 0.25 0.5 0.25 0.5 0.25 0.25 0.5 0.75 0.5 0.25 0.5 0.5 0.5 0.5 0.75 0.5 0.5 0.75 0.5 0.5 0.75 0.75 0.5 0.75 0.375 0.75 0.75 0.75 0.625 0.75 0.5 0.75 0.75 0.75 0.75 0.75 0.5 0.75 0.75 0.75 0.75 0.75 0.75 0.75 0.75 0.75 0.75 0.75 0.5 0.75 1 0.75 0.75 0.75 0.75 0.75 0.75 1 0.75 0.75 0.75 0.75 0.75 0.75 0.75 0.75 0.75 0.75 0.75 0.75 0.75 0.75 0.75 0.75 0.75 0.75 0.75 0.75 0.75 1 0.75 0.75 0.75 1 0.75 0.75 0.75 0.75 0.75 0.75 0.75 1 0.75
 0 0 0 0 0 0 0 0.5 0.25 0 0 0.25 0.5 0.25 0 0.375 0 0.5 0.25 0.5 0.5 0.5 0.25 0.25 0.25 0.5 0.5 0.5 0.25 0.25 0.5 0.75 0.375 0.5 0.5 0.5 0.5 0.5 0.75 0.5 0.5 0.75 0.25 0.5 0.75 0.5 0.75 0.75 0.75 0.5 0.75 0.75 0.75 0.75 0.5 0.75 0.75 0.625 0.75 0.75 0.5 0.75 0.75 0.75 0.75 0.75 0.75 0.75 0.75 0.75 0.75 0.75 0.75 1 0.75 0.75 0.75 0.75 1 0.75 0.75 0.75 0.75 0.75 1 1 1 0.75 1 0.75 0.75 0.75 1 1 1 1 1 1 1 1 1 0.75 1 1 0.75 0.75 1 0.75 1 1 1 1 1 1 1
 0 0 0 0 0 0 0 0.25 0.25 0 0 0.125 0.25 0.25 0 0 0.25 0.125 0 0.5 0 0.25 0.25 0 0.25 0.375 0.25 0.25 0.25 0.5 0.5 0.25 0.5 0.5 0.25 0.5 0.5 0.625 0.75 0.75 0.5 0.5 0.75 0.75 0.75 1 0.5 0.75 0.875 0.875 0.5 0.75 0.75 0.75 0.75 1 0.75 0.75 0.75 0.75 0.75 0.75 0.75 0.5 1 0.75 0.75 1 1 0.75 0.75 1 0.75 1 1 1 0.75 0.75 1 0.75 0.75 0.75 0.75 0.75 1 1 0.75 1 1 1 1 0.75 1 1 1 1 1 1 1 1 1 0.75 1 1 0.75 1 1 1 1 1 1 1 1 1 1
 0 0 0 0 0 0 0 0 0 0.25 0 0 0 0.25 0.25 0 0.5 0 0.25 0.25 0.25 0.5 0.5 0.25 0.5 0.25 0.25 0.25 0.5 0.25 0.25 0.5 0.5 0.25 0.5 0.5 0.375 0.5 0.5 0.5 0.5 0.5 0.5 0.5 0.5 0.5 0.5 0.5 0.5 0.5 0.5 0.5 0.5 0.5 0.5 0.5 0.5 0.75 0.5 0.5 0.75 0.75 0.5 0.625 0.5 0.75 0.75 0.5 0.75 0.5 0.625 0.625 0.75 0.5 0.5 0.5 1 0.75 0.75 0.75 0.75 0.75 0.5 1 0.75 0.875 0.75 0.5 0.875 0.75 1 0.75 1 0.75 0.75 1 0.5 0.75 0.75 0.75 0.75 1 1 0.875 0.5 0.75 1 1 0.75 1 0.75 1 1 1 1
 0 0 0 0 0 0 0 0.25 0.25 0 0 0 0.25 0 0.25 0 0.25 0 0 0.25 0 0.25 0 0.25 0.375 0 0.375 0.25 0.25 0.5 0.25 0.125 0.25 0.75 0.5 0.25 0.25 0.5 0.5 0.375 0.5 0.25 0.5 0.75 0.5 0.75 0.75 0.5 0.5 0.75 0.75 0.875 1 0.875 0.5 0.625 0.5 0.5 0.75 0.75 0.75 0.75 0.625 0.75 0.75 1 1 1 1 1 0.75 1 0.75 0.75 0.75 1 1 1 1 1 1 0.75 1 1 1 1 0.75 1 1 1 1 1 1 1 1 1 1 1 1 1 1 1 1 1 1 1 1 1 1 1 1 1 1 1 1
 0 0 0 0 0 0 0 0.25 0.25 0 0 0.25 0.25 0.25 0 0 0 0.25 0.125 0.25 0.25 0.25 0.5 0 0.25 0.125 0.25 0.5 0.25 0.25 0.75 0.5 0.5 0.5 0.25 0.5 0.25 0.5 0.625 0.5 0.375 0.25 0.5 0.5 0.5 0.75 0.5 0.5 0.75 0.75 0.75 0.75 0.75 0.75 0.75 0.75 1 0.625 0.75 0.75 0.5 0.75 0.75 0.5 0.875 0.75 0.75 0.75 0.75 0.75 0.75 1 0.75 1 1 1 0.75 0.75 1 0.75 0.75 0.625 0.75 0.75 1 1 1 0.75 1 0.75 0.875 0.75 1 1 1 1 1 1 1 1 1 0.75 1 1 0.75 0.75 1 1 1 1 1 1 1 1 1
 0 0 0 0 0.25 0.25 0.25 0.5 0.25 0 0 0.25 0.5 0.25 0.25 0.5 0.25 0.5 0.25 0.5 0.25 0 0.25 0.5 0.25 0.5 0.5 0.25 0.5 0.375 0.5 0.5 0.5 0.5 0.5 0.5 0.5 0.5 0.5 0.625 0.5 0.5 0.5 0.5 0.5 0.75 0.75 0.5 0.5 0.5 0.5 0.5 0.5 0.5 0.75 0.5 0.75 0.75 0.5 0.5 0.5 0.5 0.5 0.5 0.625 0.5 0.75 0.5 0.5 0.75 0.75 0.75 0.5 1 1 1 0.5 0.5 0.75 0.5 0.75 0.75 0.75 0.75 1 1 0.75 0.75 1 0.75 0.875 0.75 1 1 1 0.75 1 1 1 1 1 0.75 1 1 0.75 0.75 1 1 1 1 1 1 1 1 1
 0 0 0 0 0 0 0 0.5 0.25 0 0 0.25 0.5 0.5 0 0.25 0.25 0.5 0.25 0.75 0.5 0.5 0.5 0.25 0.25 0.75 0.5 0.5 0.5 0.25 0.75 0.75 0.5 0.5 0.5 0.25 0.5 0.5 0.75 0.75 0.5 0.5 0.5 0.75 0.625 0.75 0.75 0.75 0.75 0.75 0.75 0.75 0.75 0.75 0.75 0.75 0.75 0.75 0.75 0.75 0.75 0.75 0.75 0.75 0.75 0.75 0.75 0.75 0.75 0.75 0.75 0.75 0.75 0.75 0.75 0.75 0.75 0.75 0.75 0.75 0.75 0.75 0.75 0.75 0.75 0.75 0.75 0.75 0.75 0.75 0.75 0.75 0.75 0.75 0.75 1 1 1 0.875 1 0.75 0.75 0.75 0.75 0.75 0.75 0.75 0.75 0.75 1 0.75 1 1 0.75 1
 0 0 0 0 0 0 0 0.25 0.25 0 0 0.25 0.25 0.25 0 0.25 0 0.25 0.25 0.25 0.25 0.25 0.5 0 0.25 0.25 0.25 0.5 0.125 0 0.5 0.5 0.5 0.25 0.25 0.75 0.25 0.5 0.5 0.5 0.5 0.5 0.5 0.25 0.5 0.5 0.5 0.5 0.625 0.5 0.5 0.5 0.5 0.5 0.75 0.625 0.75 0.75 0.75 0.5 0.25 0.5 1 0.5 1 0.5 0.5 0.625 0.75 0.5 0.75 1 0.5 0.75 1 1 0.75 0.75 1 0.5 0.75 0.875 0.75 0.75 1 1 1 0.5 1 1 1 0.75 1 1 1 1 0.75 1 1 1 1 0.75 1 1 0.625 1 1 1 1 1 1 1 1 1 1
 0 0 0 0 0 0 0 0.125 0.25 0 0 0 0.25 0.25 0 0 0 0 0 0.25 0 0.25 0.25 0 0.25 0.125 0 0.25 0.25 0.25 0.5 0.25 0.5 0.5 0.25 0.5 0.25 0.5 0.25 0.5 0.5 0.25 0.75 0.5 0.75 0.75 0.375 0.5 0.5 0.75 0.375 0.25 0.5 0.25 0.75 0.75 0.75 0.75 0.75 0.75 0.75 0.75 0.75 0.5 1 0.5 0.75 1 1 0.875 0.75 1 0.75 0.5 0.75 1 0.75 0.75 0.875 0.75 0.75 0.75 0.75 0.75 1 1 0.75 0.875 1 1 1 0.75 1 1 1 1 1 1 1 1 1 0.75 1 1 0.75 1 1 1 1 1 1 1 1 1 1
 0 0 0 0 0 0 0 0.25 0 0 0 0 0.5 0.5 0 0.25 0 0.25 0 0.5 0.25 0.5 0.25 0.25 0.25 0.25 0.25 0.25 0.5 0.25 0.5 0.5 0.5 0.5 0.5 0.25 0.25 0.5 0.5 0.5 0.5 0.375 0.5 0.25 0.5 0.5 0.5 0.75 0.5 0.75 0.5 0.5 0.75 0.5 0.5 0.5 0.5 0.5 0.75 0.75 0.75 0.75 0.5 0.75 0.75 0.75 0.75 0.75 0.75 0.5 0.75 0.5 0.75 0.5 0.5 0.5 0.75 0.75 0.5 0.75 0.75 0.5 0.5 0.75 0.75 0.875 0.75 0.5 1 0.75 0.75 0.75 0.75 0.5 1 1 1 1 1 1 1 0.75 1 0.75 0.75 0.75 1 0.75 1 1 1 1 1 1 1
 0 0 0 0 0 0 0 0 0 0 0 0 0.25 0.25 0 0 0 0 0 0.25 0 0.25 0.25 0 0.25 0 0 0.25 0.25 0.25 0.5 0.25 0.5 0.5 0.25 0.5 0 0.5 0.25 0.25 0.25 0.25 0.5 0.25 0.5 0.5 0.25 0.5 0.5 0.75 0.5 0.5 0.75 0.5 0.75 0.5 0.75 0.75 0.75 0.75 0.75 0.75 0.5 0.5 0.75 0.75 0.75 0.75 0.75 0.5 0.75 0.75 0.75 0.75 0.5 0.5 0.75 0.75 0.75 0.75 0.75 0.5 0.5 0.75 1 1 0.75 0.5 1 0.75 0.75 0.75 1 0.75 1 1 1 1 1 1 1 0.75 1 1 0.75 0.75 1 0.75 1 1 1 1 1 1 1
 0 0 0 0 0 0 0 0.125 0.25 0 0 0 0.5 0 0.25 0 0.25 0 0 0.375 0 0.25 0 0.25 0 0.25 0.125 0 0.25 0.5 0.25 0 0.25 0.75 0.625 0.25 0.5 0.5 0.25 0.5 0.25 0.25 0.5 0.625 0.5 0.75 0.5 0.75 0.5 0.75 0.5 0.5 0.625 0.5 0.5 0.5 0.5 0.5 0.5 0.75 0.5 0.75 0.5 0.75 0.75 0.75 1 0.75 0.75 0.75 0.75 0.75 0.75 0.5 0.5 0.75 0.75 0.75 0.625 0.75 1 0.75 1 0.875 0.75 0.75 0.5 0.875 0.75 1 0.75 1 1 1 1 0.75 1 0.875 1 1 1 1 1 1 1 1 1 1 1 1 1 1 1 1 1
 0 0 0 0 0 0 0 0 0 0 0 0 0.25 0 0 0 0 0 0 0.25 0 0 0 0 0.25 0 0 0.25 0 0.5 0.25 0 0.25 0.375 0.25 0.25 0.25 0.5 0.5 0.5 0.5 0.25 0.5 0.5 0.25 0.5 0.25 0.5 0.5 0.75 0.5 0.5 0.75 0.5 0.5 0.5 0.5 0.5 0.75 0.75 0.5 0.75 0.75 0.625 0.75 0.75 0.75 1 1 0.75 0.75 0.75 0.5 0.75 0.75 0.75 0.75 0.75 0.75 0.75 0.75 0.75 0.5 1 1 1 0.75 0.75 1 1 1 0.75 1 0.75 1 1 1 1 1 1 1 0.75 1 1 0.75 1 1 1 1 1 1 1 1 1 1
 0 0 0 0 0 0 0 0.25 0.25 0 0 0.125 0.25 0 0 0 0 0.125 0 0.25 0 0.25 0 0 0.25 0 0.25 0.25 0 0 0.25 0.25 0.25 0.5 0.25 0.25 0.125 0.5 0.5 0.25 0.5 0.25 0.375 0.5 0.5 0.5 0.5 0.5 0.5 0.25 0.5 0.5 0.5 0.5 0.5 0.625 0.5 0.5 0.75 0.5 0.5 0.625 0.75 0.5 1 0.625 0.75 0.875 0.75 0.75 0.75 1 0.5 0.75 1 1 0.75 0.75 1 0.75 0.75 0.625 0.75 0.75 1 1 0.75 0.75 1 1 1 0.75 1 1 1 1 1 1 1 1 1 0.75 1 1 0.75 1 1 1 1 1 1 1 1 1 1
 0 0 0 0 0 0 0 0 0 0 0 0 0 0.125 0 0 0 0 0 0.125 0 0.25 0.125 0 0.25 0 0 0.25 0 0.25 0.5 0.25 0.375 0.25 0.25 0.5 0.125 0.5 0.25 0.25 0.5 0.25 0.5 0.25 0.25 0.25 0.25 0.25 0.75 0.5 0.5 0.25 0.375 0.375 0.5 0.75 0.75 0.5 0.75 0.75 0.5 0.75 0.75 0.5 0.75 0.75 0.75 0.875 1 0.5 0.75 0.75 0.75 0.5 0.75 0.75 0.75 0.75 0.75 0.75 0.5 0.75 0.5 0.75 1 1 0.75 0.75 1 1 1 0.75 1 0.75 1 1 0.875 0.875 1 0.875 0.75 0.75 1 1 0.5 1 1 1 1 1 1 1 1 1 1
 0 0 0 0 0 0 0 0.25 0.25 0 0 0.25 0.25 0 0.25 0 0.25 0.25 0 0.25 0.125 0.25 0 0.25 0 0 0.25 0 0.25 0.25 0.25 0 0.25 0.75 0.375 0.25 0.5 0.5 0.25 0.25 0.5 0.25 0.5 0.625 0.5 0.5 0.5 0.5 0.5 0.5 0.5 0.5 0.25 0.5 0.5 0.75 0.5 0.5 0.5 0.75 0.5 0.75 0.5 0.5 0.75 0.5 1 0.75 0.75 1 0.75 0.75 0.75 0.75 1 1 0.875 0.75 0.75 0.75 1 0.75 1 1 1 1 0.5 1 1 1 1 1 1 1 1 0.875 1 1 1 1 1 1 1 1 1 1 1 1 1 1 1 1 1 1 1
 0 0 0 0 0 0 0 0.25 0.25 0 0 0 0.25 0 0.25 0 0 0 0 0.25 0 0.25 0 0.25 0 0 0.125 0.125 0 0.5 0.25 0 0.25 0.75 0.25 0.25 0.25 0.5 0.125 0.25 0.5 0.25 0.5 0.75 0.5 0.5 0.5 0.5 0.5 0.75 0.5 0.5 0.5 0.875 0.5 0.625 0.5 0.5 0.625 0.75 0.5 0.75 0.5 0.75 0.75 0.75 0.75 1 0.75 1 0.75 0.75 0.5 0.5 0.75 1 1 1 0.75 1 0.75 0.75 1 1 1 1 0.75 1 1 1 1 1 1 1 1 1 1 1 1 1 1 0.875 1 1 1 1 1 1 1 1 1 1 1 1 1
 0 0 0 0 0 0 0 0 0 0 0 0 0 0 0.25 0 0.25 0 0 0.125 0 0.25 0 0.25 0 0 0.125 0 0.25 0.5 0.25 0 0.25 0.5 0.5 0.25 0.25 0.5 0 0.25 0.5 0.25 0.5 0.5 0.25 0.25 0.375 0.25 0.5 0.625 0.75 0.5 0.5 0.5 0.5 0.5 0.5 0.5 0.5 0.75 0.5 0.75 0.5 0.625 0.5 0.75 1 0.625 0.75 0.75 0.75 0.5 0.75 0.625 0.75 0.75 1 0.75 0.5 0.75 0.75 0.75 0.75 1 1 1 0.625 0.75 1 1 1 1 1 0.75 1 1 0.875 0.875 1 0.875 0.75 1 1 1 0.75 1 1 1 1 1 1 1 1 1 1
 0 0 0 0 0 0 0 0.25 0.25 0 0 0 0.25 0 0.25 0 0 0 0 0.25 0 0.25 0 0.25 0 0 0.125 0 0 0.25 0.25 0 0.25 0.75 0.25 0.25 0.25 0.5 0.125 0.25 0.5 0.25 0.5 0.75 0.5 0.5 0.5 0.5 0.5 0.625 0.5 0.125 0.5 0.5 0.5 0.625 0.5 0.5 0.5 0.75 0.5 0.75 0.5 0.75 0.75 0.625 0.75 0.875 0.75 1 0.75 0.75 0.5 0.5 0.75 1 1 0.875 0.75 1 0.75 0.75 1 1 1 1 0.75 1 1 1 1 1 1 1 1 1 1 1 1 1 1 0.75 1 1 1 1 1 1 1 1 1 1 1 1 1
 0 0 0 0 0 0 0 0.25 0.25 0 0 0.25 0.25 0.25 0 0 0 0.25 0 0.25 0.25 0.25 0.25 0 0.25 0 0.25 0.5 0.25 0 0.5 0.375 0.25 0.25 0.25 0.5 0.25 0.5 0.5 0.25 0.25 0.25 0.25 0.25 0.5 0.25 0.5 0.5 0.5 0.5 0.5 0.5 0.5 0.5 0.5 0.5 0.625 0.625 0.75 0.5 0.375 0.5 0.375 0.5 0.625 0.5 0.5 0.5 0.5 0.5 0.75 1 0.5 0.75 0.625 0.75 0.75 0.75 1 0.5 0.75 0.5 0.75 0.75 1 1 1 0.5 1 0.75 0.75 0.75 1 1 1 1 0.75 1 1 1 1 0.75 1 1 0.5 0.5 1 0.75 1 1 1 1 1 1 1
 0 0 0 0 0 0 0 0.25 0.25 0 0 0 0.25 0 0 0 0 0 0 0.25 0 0.25 0 0 0.25 0 0.125 0.25 0 0 0.25 0.25 0.25 0.25 0.25 0.25 0 0.5 0.375 0.25 0.5 0.25 0.375 0.25 0.5 0.5 0.5 0.5 0.375 0.25 0.25 0.375 0.5 0.375 0.5 0.5 0.5 0.5 0.75 0.5 0.5 0.75 0.75 0.5 1 0.5 0.5 0.875 0.75 0.75 0.75 1 0.625 0.5 0.75 1 0.75 0.75 1 0.5 0.75 0.625 0.75 0.75 1 1 0.75 0.75 1 1 1 0.75 1 1 1 1 1 1 1 1 1 0.75 1 1 0.75 1 1 1 1 1 1 1 1 1 1
 0 0 0 0 0 0 0 0.25 0.25 0 0 0.25 0.25 0 0 0 0 0.25 0 0.25 0.25 0.25 0 0 0.25 0 0.25 0.375 0 0 0.25 0.25 0.25 0.25 0.25 0.25 0.25 0.5 0.5 0 0.25 0.25 0.25 0.25 0.5 0.25 0.5 0.5 0.5 0.25 0.5 0.5 0.5 0.5 0.375 0.5 0.5 0.5 0.75 0.5 0.5 0.75 0.5 0.5 0.75 0.5 0.5 0.75 0.75 0.75 0.75 1 0.625 0.75 0.75 0.75 0.75 0.75 1 0.5 0.75 0.5 0.75 0.75 1 1 0.75 0.75 1 0.75 0.75 0.75 1 1 1 1 1 1 1 1 1 0.75 1 1 0.75 0.75 1 0.75 1 1 1 1 1 1 1
 0 0 0 0 0 0 0 0.25 0.25 0 0 0.25 0.25 0.25 0 0 0 0.25 0.125 0.25 0.25 0.25 0.5 0 0.25 0.125 0.25 0.5 0.25 0 0.5 0.5 0.25 0.25 0.25 0.375 0.25 0.25 0.5 0.375 0.25 0.25 0.25 0.25 0.5 0.25 0.5 0.5 0.5 0.5 0.5 0.5 0.5 0.5 0.375 0.5 0.5 0.5 0.5 0.5 0.375 0.5 0.5 0.5 0.5 0.5 0.5 0.5 0.5 0.5 0.5 0.5 0.5 0.75 0.5 0.5 0.5 0.5 1 0.5 0.75 0.625 0.5 0.75 0.875 0.75 1 0.5 1 0.75 0.75 0.5 1 1 0.875 1 0.75 1 0.75 1 0.75 0.75 1 0.75 0.5 0.5 1 0.75 0.75 1 1 1 1 1 1
 0 0 0 0 0 0 0 0 0 0.25 0 0 0 0 0.25 0 0.25 0 0.125 0 0.25 0.25 0.125 0.25 0.25 0 0.25 0.125 0.25 0.25 0 0.25 0.125 0.25 0.5 0.25 0.25 0.5 0.25 0.25 0.5 0.25 0.25 0.25 0.25 0.25 0.5 0.25 0.25 0.25 0.5 0.375 0.5 0.5 0.25 0.25 0.25 0.5 0.5 0.25 0.5 0.5 0.25 0.75 0.25 0.5 0.75 0.5 0.5 0.5 0.75 0.5 0.5 0.5 0.5 0.75 1 1 0.5 0.75 0.75 0.75 0.625 1 0.875 1 0.75 0.5 1 0.875 1 1 1 0.75 0.875 1 0.5 0.75 1 0.75 0.75 1 1 1 0.5 0.75 1 1 0.75 1 1 1 1 1 1
 0 0 0 0 0 0 0 0 0 0 0 0 0 0 0 0 0 0 0 0 0 0.25 0 0 0.25 0 0 0.25 0 0.25 0.25 0.25 0 0 0.25 0.25 0.25 0.5 0.25 0.25 0.5 0.25 0.5 0.25 0.25 0.25 0.25 0.25 0.5 0.25 0.25 0.25 0.25 0.25 0.5 0.5 0.5 0.5 0.75 0.5 0.25 0.75 0.75 0.5 0.75 0.5 0.5 0.75 1 0.75 0.625 0.75 0.625 0.5 0.75 0.75 0.75 0.75 0.75 0.5 0.5 0.75 0.5 0.875 1 1 0.75 0.5 1 1 1 0.75 1 0.75 1 1 0.5 0.75 1 0.75 0.75 0.75 1 1 0.5 1 1 1 0.875 1 1 1 1 1 1
 0 0 0 0 0 0 0 0 0 0 0 0 0 0.25 0.25 0 0.25 0 0 0 0 0.5 0.25 0.25 0.25 0 0.25 0.25 0.5 0.25 0.5 0.25 0.375 0.25 0.25 0.5 0.25 0.25 0.25 0.5 0.5 0.25 0.75 0.25 0.25 0.25 0.5 0.5 0.5 0.5 0.5 0.5 0.5 0.5 0.625 0.5 0.5 0.625 0.5 0.75 0.5 0.625 0.75 0.5 0.75 0.5 0.5 0.75 0.75 0.75 0.5 0.75 1 0.5 0.75 0.75 0.75 0.75 0.75 0.75 0.75 0.75 0.75 0.75 0.75 0.75 0.75 0.75 0.75 0.75 0.75 0.75 0.75 0.75 0.75 0.75 0.625 0.75 0.75 0.75 0.75 1 0.75 0.75 0.75 0.875 0.75 0.75 0.75 0.75 0.75 0.75 0.75 1 0.75
 0 0 0 0 0 0 0 0 0 0 0 0 0 0 0 0 0 0 0 0 0 0.25 0 0 0.25 0 0 0.25 0 0.25 0.25 0.25 0.125 0 0.25 0.25 0.25 0.25 0.25 0.25 0.5 0.25 0.5 0.25 0.25 0.25 0.25 0.25 0.375 0.25 0.25 0.25 0.25 0.25 0.5 0.25 0.25 0.5 0.5 0.25 0.375 0.5 0.75 0.25 0.75 0.5 0.5 0.75 1 0.75 0.5 0.75 0.5 0.5 0.75 0.75 0.75 0.75 0.75 0.5 0.5 0.75 0.5 0.75 0.75 1 0.75 0.75 0.75 0.75 1 0.75 1 0.75 0.75 1 0.625 0.75 1 0.75 0.75 0.75 1 1 0.5 1 1 1 0.75 0.875 0.75 1 1 1 1
 0 0 0 0 0 0 0 0.25 0.25 0 0 0.25 0.25 0 0 0 0 0.25 0 0.25 0.25 0 0 0 0.25 0 0.25 0.5 0 0 0.25 0.125 0 0.25 0.25 0.25 0.25 0.5 0.375 0.25 0.5 0.25 0 0.25 0.5 0.5 0.5 0.25 0.25 0.25 0.5 0.5 0.5 0.5 0.625 0.25 0.5 0.5 0.75 0.25 0.25 0.25 0.5 0.5 0.75 0.5 0.5 0.5 0.625 0.5 0.75 1 0.25 0.75 1 1 0.75 0.75 1 0.5 0.75 0.5 0.75 0.75 1 1 1 0.5 1 0.875 1 0.75 1 1 1 1 0.75 1 1 1 1 0.75 1 1 0.5 0.75 1 1 1 1 1 1 1 1 1
 0 0 0 0 0 0 0 0 0 0 0 0 0 0 0 0 0 0 0 0 0 0 0 0 0 0.25 0 0 0 0.5 0.25 0 0.25 0.25 0.25 0.25 0.5 0.375 0.25 0.5 0.5 0.25 0.5 0.5 0.25 0.5 0.25 0.375 0.5 0.5 0.5 0.25 0.375 0.25 0.5 0.5 0.5 0.5 0.25 0.5 0.5 0.75 0.5 0.5 0.5 0.5 0.75 0.5 0.75 0.75 0.5 0.5 0.5 0.75 0.75 0.75 0.75 0.5 0.5 0.5 0.5 0.75 0.5 1 0.75 1 0.625 0.75 0.875 0.75 1 0.75 1 0.75 0.75 1 0.75 0.75 1 0.75 0.75 0.75 1 1 0.5 1 1 1 0.75 1 0.75 1 1 1 1
 0 0 0 0 0 0 0 0 0 0 0 0 0.125 0 0 0 0 0 0 0.25 0 0.25 0 0 0.25 0 0 0.25 0 0 0 0.25 0 0 0.25 0.25 0 0.5 0.25 0.125 0.375 0.25 0 0 0.25 0.25 0.25 0.25 0 0.25 0.25 0.25 0.5 0.25 0.375 0 0.25 0.5 0.75 0.25 0.25 0.25 0.25 0.5 0.5 0.5 0.5 0.5 0.5 0.25 0.75 0.75 0.25 0.5 0.625 0.75 0.75 0.75 0.75 0.5 0.625 0.5 0.5 0.75 1 1 0.75 0.25 1 0.75 0.875 0.75 1 0.75 1 1 0.75 1 1 1 0.875 0.75 1 1 0.375 0.5 1 1 1 1 1 1 1 1 1
 0 0 0 0 0 0 0 0 0 0 0 0 0 0 0.25 0 0 0 0 0 0 0.25 0 0.25 0.125 0 0 0.25 0 0.25 0.25 0 0.25 0.5 0.25 0.25 0.25 0.25 0 0.25 0.5 0.25 0.5 0.5 0.25 0.25 0.25 0.25 0.375 0.25 0.5 0.25 0.25 0.375 0.5 0.5 0.5 0.5 0.5 0.5 0.5 0.5 0.5 0.5 0.5 0.5 0.5 0.75 0.5 0.75 0.5 0.625 0.5 0.5 0.75 0.75 0.75 0.875 0.625 1 0.5 0.75 0.75 0.75 0.75 0.75 0.75 0.75 0.75 0.75 0.75 1 0.75 0.75 0.75 0.75 0.75 0.75 1 0.75 0.75 0.75 1 1 0.75 1 1 0.75 0.75 0.75 0.75 0.75 1 1 0.75
 0 0 0 0 0 0 0 0 0 0 0 0 0 0 0.25 0 0 0 0 0 0 0.25 0 0.25 0 0 0 0 0.25 0.25 0.25 0 0.25 0.5 0.25 0.25 0.25 0.25 0 0.25 0.25 0.25 0.5 0.25 0.25 0.25 0 0.25 0.25 0.25 0 0.25 0 0.25 0.5 0.5 0.5 0.5 0.25 0.5 0.5 0.5 0.5 0.25 0.5 0.5 0.5 0.5 0.5 0.5 0.5 0.5 0.75 0.25 0.5 0.5 0.75 0.75 0.5 0.75 0.75 0.75 0.75 0.625 0.5 0.5 0.5 0.75 0.5 0.75 0.75 1 0.75 0.75 0.75 0.5 0.75 0.5 1 0.75 0.75 1 1 1 0.75 1 0.875 1 0.75 0.75 0.75 1 1 1 1
 0 0 0 0 0 0 0 0 0 0 0 0 0 0 0 0 0 0 0 0.125 0 0 0 0 0 0 0 0 0 0 0 0 0 0 0.25 0.25 0 0.5 0 0.25 0.5 0.25 0.375 0 0.25 0.25 0.25 0 0.125 0.125 0.25 0 0.375 0.125 0.5 0.125 0.25 0.5 0.5 0.25 0.25 0.25 0.5 0.5 0.5 0.25 0.5 0.5 0.5 0.25 0.75 0.5 0.25 0.5 0.75 0.75 0.75 0.75 0.5 0.5 0.5 0.625 0.5 0.75 1 1 0.75 0.25 1 1 1 0.75 1 0.75 1 1 0.625 0.875 1 0.875 0.75 0.75 1 1 0.5 1 1 1 1 1 1 1 1 1 1
 0 0 0 0 0 0 0 0 0 0 0 0 0 0 0 0 0 0 0 0 0 0 0 0 0.25 0 0 0.25 0 0.125 0 0 0 0 0.25 0.25 0 0.25 0 0.25 0.5 0.25 0.25 0 0.25 0.25 0.25 0 0.25 0 0.25 0.25 0.25 0.25 0.5 0.25 0.25 0.5 0.5 0 0.25 0 0.375 0.25 0.5 0.5 0.5 0.5 0.5 0.25 0.5 0.75 0.25 0.5 0.75 0.75 0.75 0.75 0.75 0.5 0.5 0.75 0.5 0.75 0.75 0.875 0.75 0.375 0.75 0.75 1 0.75 0.875 0.75 0.75 0.875 0.5 0.75 1 0.75 0.75 0.75 1 1 0.25 0.875 1 1 0.75 0.75 0.75 1 1 1 1
 0 0 0 0 0 0 0 0 0.125 0 0 0 0.25 0 0 0 0 0 0 0.25 0 0 0 0 0 0 0 0 0 0.25 0.125 0 0 0.25 0.25 0.25 0.25 0.5 0 0.25 0.25 0.25 0.5 0.125 0.5 0.5 0.25 0.25 0.25 0.5 0 0 0.25 0 0.5 0.25 0.25 0.5 0.5 0.25 0.25 0.25 0.5 0.25 0.75 0.25 0.5 0.75 0.75 0.5 0.75 0.625 0.25 0.375 0.625 0.75 0.5 0.5 0.5 0.25 0.75 0.75 0.625 0.75 0.875 0.875 0.5 0.5 1 1 1 0.75 1 0.875 1 0.75 0.75 1 1 1 1 0.75 1 1 0.75 1 1 1 1 1 1 1 1 1 1
 0 0 0 0 0 0 0 0 0 0.25 0 0 0 0 0.25 0 0.25 0 0 0 0.25 0.25 0 0.25 0.25 0 0.25 0 0.25 0.25 0 0.25 0 0.25 0.5 0.25 0.25 0.375 0.25 0.25 0.25 0.25 0.25 0.25 0.25 0.25 0.25 0.25 0.25 0.25 0.25 0.25 0.25 0.25 0.25 0.25 0.25 0.5 0.25 0.375 0.5 0.5 0.25 0.5 0.25 0.5 0.5 0.25 0.5 0.25 0.5 0.375 0.5 0.25 0.25 0.25 0.75 0.5 0.5 0.5 0.75 0.75 0.5 0.75 0.75 0.625 0.5 0.5 0.75 1 0.75 0.75 1 0.75 1 0.75 0.5 0.5 0.75 0.5 0.75 1 1 0.875 0.5 0.75 0.75 1 0.875 0.75 1 1 1 1 1
 0 0 0 0 0 0 0 0 0.125 0 0 0 0.25 0 0 0 0 0 0 0.25 0 0 0 0 0.125 0 0 0.25 0 0 0 0 0 0.25 0.25 0.25 0 0.375 0 0 0.25 0.25 0 0 0.5 0.25 0.25 0.25 0 0.25 0.25 0.25 0.5 0.25 0 0 0 0.5 0.5 0.25 0.25 0.25 0 0.5 0.25 0.375 0.5 0.5 0.25 0.375 0.625 0.5 0.25 0.5 0.25 0.375 0.75 0.5 0.625 0.5 0.75 0.5 0.375 0.75 1 0.875 0.75 0.25 1 0.75 0.75 0.5 1 0.875 1 1 0.75 1 0.75 1 1 0.75 1 0.875 0.5 0.5 1 0.75 1 1 1 1 1 1 1
 0 0 0 0 0 0 0 0 0 0 0 0 0 0 0.25 0 0 0 0 0 0 0.5 0 0.25 0.25 0 0 0.25 0.25 0.25 0.25 0.25 0 0.25 0 0.25 0.25 0.25 0.25 0.25 0.5 0.25 0.5 0.25 0.25 0.25 0.25 0.5 0.5 0.25 0.25 0.5 0.25 0.5 0.5 0.375 0.375 0.5 0.5 0.375 0 0.5 0.75 0.5 0.75 0.5 0.25 0.75 0.75 0.75 0.5 0.75 0.5 0.5 0.75 0.75 0.75 0.75 0.75 0.5 0.75 0.75 0.75 0.75 0.75 0.75 0.75 0.5 0.75 0.75 0.75 0.75 0.75 0.75 0.75 0.75 0.5 0.75 0.75 0.75 0.75 1 0.75 0.75 0.75 0.75 0.75 0.75 0.75 0.75 0.75 0.75 0.75 0.75 0.75
 0 0 0 0 0 0 0 0.25 0.25 0 0 0 0.25 0 0 0 0 0 0 0.25 0 0 0 0 0 0 0.25 0 0 0.25 0.25 0 0.25 0.5 0.25 0 0 0.5 0.25 0 0 0.25 0.25 0.5 0.5 0.25 0.5 0.25 0.25 0.5 0.25 0.5 0.375 0.5 0.25 0.5 0.25 0.25 0.5 0.5 0.5 0.5 0.25 0.25 0.5 0.5 0.75 0.5 0.5 0.625 0.75 0.5 0.5 0.5 0.5 0.625 0.5 0.5 0.5 0.5 0.75 0.5 0.75 0.75 0.625 0.875 0.5 0.75 1 0.75 0.75 0.75 0.75 0.75 1 0.75 1 1 1 1 1 0.75 1 0.75 0.75 0.75 1 0.75 1 1 1 1 1 1 1
 0 0 0 0 0 0 0 0.25 0.25 0 0 0 0.25 0 0 0 0 0 0 0.25 0 0 0 0 0 0 0.25 0 0 0 0 0 0 0.25 0.25 0.25 0 0.5 0.25 0 0 0.25 0 0.25 0.5 0.5 0.5 0.25 0 0.25 0 0.25 0.25 0.25 0.375 0.25 0.25 0.5 0.5 0.25 0.25 0.25 0 0.25 0.375 0.25 0.5 0.25 0.25 0.375 0.75 0.75 0.25 0.5 0.5 0.75 0.5 0.5 0.75 0.25 0.75 0.5 0.75 0.75 0.875 0.875 0.5 0.5 1 0.75 0.75 0.75 1 1 1 0.75 0.75 1 1 1 1 0.75 1 1 0.5 0.5 1 0.875 1 1 1 1 1 1 1
 0 0 0 0 0 0 0 0 0.125 0 0 0 0.25 0 0 0 0 0 0 0.25 0 0 0 0 0 0 0 0 0 0 0 0 0 0.25 0.25 0.25 0 0.5 0 0 0 0.25 0 0 0.5 0.5 0.25 0.25 0 0.25 0 0 0.25 0 0.25 0 0.25 0.5 0.25 0.25 0.25 0.25 0 0.25 0.25 0.25 0.5 0.25 0.25 0.25 0.75 0.625 0.25 0.375 0.25 0.5 0.5 0.375 0.5 0.25 0.75 0.5 0.375 0.75 0.875 0.875 0.5 0.25 1 0.75 0.75 0.625 1 0.875 1 0.75 0.75 1 0.875 1 1 0.75 1 1 0.5 0.5 1 0.875 1 1 1 1 1 1 1
 0 0 0 0 0 0 0 0 0 0 0 0 0 0 0.25 0 0 0 0 0 0 0.125 0 0.25 0 0 0 0 0 0.25 0 0 0 0.25 0.25 0.25 0.25 0 0 0.25 0.5 0.25 0.25 0.25 0.25 0.25 0.25 0.25 0.25 0.25 0.125 0 0 0 0.25 0.25 0.25 0.5 0 0.25 0.25 0.25 0.25 0.25 0.25 0.25 0.25 0.25 0.25 0.5 0.25 0.25 0.25 0.5 0.5 0.5 0.5 0.25 0.5 0.5 0.5 0.75 0.25 0.75 0.75 0.5 0.5 0.5 0.75 0.75 1 0.75 0.75 0.75 0.75 0.625 0.5 0.75 0.75 0.75 0.625 0.75 1 0.75 0.375 0.75 1 0.75 0.625 0.75 0.75 1 1 1 1
 0 0 0 0 0 0 0 0 0 0 0 0 0 0 0.25 0 0 0 0 0 0 0.25 0 0.25 0 0 0 0 0 0.25 0 0 0 0.25 0.25 0.25 0.25 0.25 0 0.25 0.5 0.25 0.25 0.25 0.25 0.25 0.25 0.25 0.25 0.25 0.25 0 0.25 0.125 0.25 0.25 0.25 0.5 0 0.25 0.25 0.25 0.25 0.5 0.25 0.125 0.25 0.25 0.25 0.5 0.5 0.5 0.25 0.5 0.5 0.625 0.75 0.5 0.5 0.5 0.5 0.75 0.5 0.75 0.75 0.75 0.75 0.5 0.75 0.75 0.75 0.875 0.75 0.75 0.75 0.75 0.5 0.75 0.625 0.75 0.75 0.75 0.75 1 0.5 0.75 0.75 0.75 0.75 0.75 0.75 0.75 0.75 1 0.75
 0 0 0 0 0 0 0 0.125 0.25 0 0 0 0.25 0 0 0 0 0 0 0.25 0 0 0 0 0.125 0 0 0.25 0 0 0 0 0 0.25 0.25 0 0 0.25 0 0 0.25 0.25 0 0.125 0.5 0.25 0.375 0.25 0 0.25 0.25 0.25 0.5 0.25 0 0 0 0 0.5 0.25 0.25 0.25 0 0.5 0.25 0.375 0.5 0.5 0.25 0.5 0.5 0.375 0.25 0.5 0.25 0.5 0.5 0.5 0.5 0.5 0.5 0.5 0.5 0.5 0.75 0.75 0.75 0.375 0.75 0.5 0.75 0.5 0.75 0.75 0.75 0.75 0.75 1 0.75 1 0.75 0.75 0.75 0.75 0.5 0.5 1 0.75 0.75 1 1 0.75 1 1 1
 0 0 0 0 0 0 0 0 0 0 0 0 0 0 0.25 0 0 0 0 0 0 0 0 0.25 0 0 0 0 0 0.25 0.25 0 0.25 0.25 0 0.25 0.25 0.25 0 0.25 0.5 0.25 0.5 0.25 0.25 0.25 0.25 0.25 0.25 0.25 0.25 0 0.25 0 0.5 0.5 0.5 0.5 0.25 0.5 0.25 0.5 0.5 0.5 0.5 0 0.25 0.5 0.5 0.75 0.5 0.5 0.5 0.5 0.75 0.75 0.5 0.5 0.5 0.5 0.5 0.75 0.5 0.75 0.75 0.75 0.75 0.75 0.75 0.75 0.75 0.75 0.75 0.75 0.75 0.75 0.75 0.75 0.75 0.75 0.75 0.75 0.75 0.75 0.5 0.75 0.75 0.75 0.75 0.75 0.75 0.75 0.75 0.875 0.75
 0 0 0 0 0 0 0 0 0 0 0 0 0.125 0 0.25 0 0 0 0 0.25 0 0.25 0 0.25 0 0 0 0 0.125 0.25 0 0 0 0.25 0.25 0.25 0.25 0.25 0 0.25 0.25 0.25 0.25 0.25 0.25 0.25 0 0.25 0.25 0.5 0 0.25 0.25 0.25 0.25 0.25 0.25 0.25 0.25 0.5 0.25 0.5 0.25 0.5 0.375 0.5 0.25 0.5 0.5 0.25 0.25 0.25 0.25 0.25 0.25 0.25 0.5 0.5 0.5 0.5 0.5 0.5 0.5 0.75 0.5 0.5 0.5 0.5 0.5 0.875 0.75 0.75 1 0.75 0.75 0.5 0.75 0.75 0.5 0.75 0.625 1 0.75 0.75 0.625 0.75 0.75 1 0.75 0.75 1 1 1 1 1
 0 0 0 0 0 0 0 0.25 0.25 0 0 0.25 0.25 0 0 0 0 0.25 0.125 0.25 0.25 0 0.25 0 0 0.125 0.25 0.25 0 0 0.25 0.25 0 0.25 0.25 0.25 0.25 0.25 0.25 0.375 0.25 0.25 0.125 0.25 0.5 0.5 0.25 0.25 0.375 0.25 0.25 0.25 0.25 0.25 0.5 0.375 0.5 0.375 0.25 0.25 0.25 0.25 0.5 0.25 0.5 0.25 0.25 0.375 0.25 0.25 0.25 0.5 0.25 0.5 0.5 0.5 0.25 0.25 0.5 0.25 0.5 0.5 0.5 0.25 0.5 0.5 0.75 0.5 0.5 0.75 0.75 0.5 0.75 0.75 0.75 0.5 0.75 0.75 0.625 0.75 0.75 0.75 0.75 0.75 0.5 0.75 0.75 1 0.75 0.75 1 0.75 1 1 1
 0 0 0 0 0 0 0 0 0.125 0 0 0 0.25 0 0.25 0 0 0 0 0.25 0 0.25 0 0.25 0 0 0 0 0 0.25 0 0 0 0.5 0.25 0.25 0.25 0.5 0 0.25 0.25 0.25 0.25 0.25 0.5 0.5 0 0.5 0.25 0.5 0 0 0.25 0 0.25 0.25 0.25 0.5 0.375 0.5 0.25 0.5 0.25 0.5 0.5 0.25 0.25 0.5 0.5 0.375 0.5 0.625 0.25 0.25 0.25 0.625 0.75 0.5 0.5 0.5 0.5 0.5 0.5 0.75 0.75 0.75 0.5 0.5 0.75 0.75 0.75 0.75 0.75 0.625 0.75 0.75 0.625 0.75 0.75 0.75 1 0.5 0.75 1 0.75 0.75 0.75 0.75 1 0.75 1 1 1 1 1
 0 0 0 0 0 0 0 0 0 0 0 0 0 0 0 0 0 0 0 0 0 0 0 0 0 0 0 0 0 0.25 0 0 0 0 0.25 0.25 0.25 0 0 0.25 0.25 0.25 0.25 0.25 0.25 0.25 0.125 0 0.25 0.25 0 0 0 0 0.25 0.25 0.25 0.25 0 0.125 0.25 0.25 0.25 0 0.25 0.25 0.375 0.25 0.25 0.25 0.25 0.25 0.25 0.25 0.25 0.25 0.25 0.25 0.5 0.25 0.25 0.75 0.25 0.5 0.25 0.25 0.5 0.5 0.25 0.5 0.75 0.5 0.5 0.75 0.5 0.25 0.5 0.625 0.75 0.75 0.5 0.75 0.75 0.75 0.25 0.75 1 1 0.5 0.75 0.75 1 1 1 1
 0 0 0 0 0 0 0 0 0 0 0 0 0 0 0 0 0 0 0 0 0 0 0 0 0 0 0 0 0 0 0 0 0 0 0.25 0 0 0.25 0 0 0 0.25 0 0 0.25 0 0.25 0 0 0 0 0 0 0 0 0 0 0.125 0.125 0 0.25 0.25 0 0.25 0 0.25 0.5 0 0.25 0.125 0.25 0 0.25 0.375 0.125 0.125 0.25 0.25 0.25 0.25 0.5 0.5 0.25 0.75 0.5 0.625 0.5 0.25 1 0.625 0.75 0.5 0.75 0.625 0.75 0.75 0.5 0.75 0.75 0.75 0.5 0.75 1 0.5 0.25 0.5 1 0.75 0.5 1 1 1 1 1 1
 0 0 0 0 0 0 0 0 0 0 0 0 0 0 0 0 0 0 0 0 0 0 0 0 0 0 0 0 0 0 0 0 0 0 0.25 0 0 0.125 0 0 0 0.25 0 0 0.125 0 0.25 0 0 0 0 0 0 0 0 0 0 0.25 0 0 0.25 0 0 0 0 0.25 0.5 0 0.125 0.125 0.375 0.125 0.25 0.125 0.125 0.125 0.5 0.25 0.25 0.25 0.5 0.5 0.25 0.75 0.375 0.5 0.5 0.25 0.75 0.5 0.75 0.5 0.625 0.5 0.75 0.625 0.5 0.75 0.75 0.75 0.75 0.75 1 0.625 0.25 0.5 1 0.75 0.75 0.75 0.75 1 1 1 1
 0 0 0 0 0 0 0 0.25 0.25 0 0 0.25 0.25 0 0 0 0 0.25 0 0.25 0.25 0 0 0 0 0 0.25 0.25 0 0 0.125 0 0 0.25 0.25 0 0.25 0.25 0.25 0 0.25 0.25 0 0.25 0.25 0.25 0.5 0.25 0.25 0.25 0.5 0.25 0.375 0.25 0 0.25 0.25 0 0.25 0.25 0.25 0.25 0 0.375 0.25 0.25 0.5 0.25 0.25 0.5 0.5 0.25 0.25 0.5 0.5 0.5 0.5 0.25 0.25 0.25 0.5 0.25 0.5 0.5 0.5 0.5 0.5 0.5 0.75 0.5 0.5 0.5 0.5 0.5 0.75 0.75 0.75 1 0.75 0.75 0.75 0.5 0.75 0.5 0.5 0.5 1 0.75 0.75 0.75 0.75 0.75 1 1 1
 0 0 0 0 0 0 0 0.125 0.25 0 0 0 0.25 0 0 0 0 0 0 0.25 0 0 0 0 0 0 0 0 0 0.125 0.25 0 0 0.25 0.25 0.25 0 0.5 0 0.25 0.25 0.25 0.5 0.125 0.5 0.5 0.125 0.25 0.25 0.25 0 0 0.25 0 0.5 0.25 0.25 0.5 0.5 0.5 0.25 0.25 0.5 0.25 0.75 0.25 0.25 0.75 0.625 0.5 0.5 0.75 0.5 0.25 0.5 0.75 0.5 0.5 0.625 0.25 0.5 0.5 0.5 0.5 0.75 0.75 0.5 0.5 0.75 0.75 0.75 0.5 0.75 0.75 0.75 0.75 0.5 0.75 0.75 0.75 1 0.5 0.75 1 0.75 1 0.75 0.75 1 0.75 1 1 0.75 1 1
 0 0 0 0 0 0 0 0 0 0 0 0 0 0 0 0 0 0 0 0 0 0 0 0 0 0 0 0 0 0 0 0 0 0 0.25 0 0 0.125 0 0 0 0.25 0 0 0 0 0.25 0 0 0 0 0 0 0 0 0 0 0 0 0 0.25 0.25 0 0.125 0 0.25 0.5 0 0.25 0 0.25 0 0.25 0 0 0 0.25 0.25 0.25 0.25 0.5 0.5 0.25 0.75 0 0.25 0.25 0.25 0.5 0.5 0.625 0.5 0.75 0.5 0.25 0.5 0.5 0.75 0.75 0.75 0.5 0.75 0.875 0.5 0.25 0.5 1 0.75 0.5 1 0.75 1 1 1 1
 0 0 0 0 0 0 0 0 0 0 0 0 0 0 0 0 0 0 0 0 0 0 0 0 0 0 0 0 0 0 0 0 0 0 0.25 0.25 0 0.25 0 0.25 0.25 0.25 0 0 0.25 0.25 0 0 0 0 0 0 0 0 0.25 0 0.25 0.25 0.125 0 0.25 0.25 0.125 0.25 0.25 0.25 0.25 0 0.25 0 0 0.25 0.25 0.25 0.25 0.25 0.25 0.25 0.5 0.25 0.125 0.25 0.25 0.5 0.375 0.5 0.5 0.25 0.5 0.5 0.75 0.375 0.75 0.75 0.5 0.5 0.5 0.5 0.5 0.5 0.5 0.5 0.5 0.75 0.25 0.625 0.75 1 0.5 0.75 1 1 1 1 1
 0 0 0 0 0 0 0 0 0 0 0 0 0 0 0 0 0 0 0 0 0 0 0 0 0 0 0 0 0 0 0 0 0 0 0.25 0.25 0 0 0 0.125 0.125 0.25 0 0 0.25 0.25 0.25 0 0 0 0 0 0 0 0.25 0 0.25 0.25 0 0 0.25 0 0 0 0.125 0.25 0.25 0 0 0 0.25 0.25 0.25 0.25 0.25 0.25 0 0.25 0.25 0.25 0.25 0.25 0.25 0.25 0.25 0.25 0.5 0.25 0.375 0.25 0.5 0.5 0.5 0.5 0.5 0.25 0.5 0.75 0.75 0.75 0.5 0.75 0.75 0.75 0.25 0.5 1 0.75 0.5 0.75 0.5 0.5 1 1 0.75
 0 0 0 0 0 0 0 0 0 0 0 0 0 0 0.125 0 0 0 0 0 0 0 0 0.125 0 0 0 0 0 0.25 0 0 0 0 0.25 0.25 0.25 0.25 0 0.25 0.25 0.25 0.25 0.25 0.25 0.25 0 0.25 0.25 0.25 0 0 0 0 0.25 0.25 0.25 0.5 0 0.25 0.25 0.25 0.25 0.25 0.25 0 0 0.25 0.25 0.25 0.25 0.5 0.25 0.25 0.25 0.375 0.25 0.125 0.5 0.25 0.25 0.5 0.25 0.5 0.5 0.5 0.5 0.5 0.5 0.625 0.5 0.5 0.5 0.75 0.625 0.5 0.5 0.5 0.375 0.5 0.75 0.5 0.5 0.75 0.25 0.75 0.5 0.75 0.75 0.5 0.75 0.75 0.75 1 0.75
 0 0 0 0 0 0 0 0 0 0 0 0 0 0 0 0 0 0 0 0 0 0 0 0 0 0 0 0 0 0 0 0 0 0 0.25 0 0 0 0 0 0 0.25 0 0 0.25 0 0 0 0 0 0 0 0 0 0 0 0 0 0 0 0.25 0 0 0 0 0.25 0.25 0 0.125 0 0 0 0.25 0.25 0 0 0.25 0.25 0.25 0.25 0 0.25 0.25 0.5 0.25 0.375 0.5 0.25 0.25 0.25 0.5 0.5 0.5 0.75 0.5 0.375 0.5 0.5 0.5 0.5 0.5 0.75 0.5 0.75 0.25 0.5 0.75 0.75 0.5 0.5 0.75 1 1 1 1
 0 0 0 0 0 0 0 0 0.125 0 0 0 0.25 0 0 0 0 0 0 0.25 0 0 0 0 0 0 0 0 0 0 0 0 0 0.25 0.25 0 0 0.25 0 0 0 0.25 0 0 0.5 0.25 0 0.25 0 0.25 0 0 0.25 0 0 0 0 0 0.25 0.25 0.25 0.25 0 0.25 0.25 0.25 0.25 0.25 0.25 0.125 0.25 0.125 0.25 0.25 0 0.125 0.25 0.25 0.25 0.25 0.25 0.25 0.375 0.25 0.375 0.5 0.5 0.25 0.5 0.25 0.5 0.25 0.25 0.5 0.5 0.5 0.75 0.75 0.5 0.75 0.75 0.5 0.5 0.5 0.5 0.5 0.75 0.75 0.75 0.75 1 0.875 1 1 1
 0 0 0 0 0 0 0 0 0 0 0 0 0 0 0 0 0 0 0 0 0 0 0 0 0 0 0 0 0 0 0 0 0 0 0.25 0 0 0.25 0 0 0 0.25 0 0 0 0 0 0 0 0 0 0 0 0 0 0 0 0.125 0.125 0 0.25 0.25 0 0.25 0 0.25 0.25 0 0.25 0 0 0 0.25 0 0 0 0.25 0.25 0.25 0.25 0.25 0.25 0.25 0.5 0.25 0.25 0.25 0.25 0.75 0.5 0.5 0.375 0.5 0.5 0.5 0.75 0.5 0.5 0.5 0.5 0.5 0.5 0.75 0.5 0.25 0.5 0.75 0.75 0.5 0.75 1 1 1 1 1
 0 0 0 0 0 0 0 0 0 0 0 0 0 0 0 0 0 0 0 0 0 0 0 0 0 0 0 0 0 0 0 0 0 0 0.25 0 0 0 0 0 0.25 0 0 0 0 0 0.25 0 0 0 0.125 0 0 0 0 0 0 0 0 0 0.25 0 0 0 0 0.25 0.5 0 0.125 0.25 0.25 0 0.25 0.25 0.25 0.25 0.375 0.25 0.25 0.25 0.5 0.5 0.25 0.75 0.25 0.375 0.25 0.25 0.5 0.5 0.75 0.5 0.625 0.5 0.25 0.5 0.25 0.5 0.5 0.625 0.25 0.75 0.75 0.5 0.25 0.5 0.75 0.75 0.25 0.75 0.5 0.75 1 0.75 1
 0 0 0 0 0 0 0 0 0 0 0 0 0 0 0 0 0 0 0 0.125 0 0 0 0 0 0 0 0 0 0 0.25 0 0.125 0 0.25 0 0 0.5 0 0 0 0 0.25 0 0 0 0 0 0 0.125 0 0 0.125 0 0.25 0 0 0.25 0.5 0.5 0.375 0.375 0.25 0.25 0.25 0.25 0.25 0.375 0.5 0.25 0.5 0.25 0.5 0 0.25 0.25 0.5 0.5 0.25 0.25 0.25 0.25 0.375 0.5 0.5 0.5 0.25 0.5 0.5 0.5 0.5 0.5 0.5 0.25 0.5 0.75 0.5 0.375 0.5 0.625 0.5 0.5 0.5 0.75 0.5 0.75 0.5 0.5 0.75 0.75 0.75 0.875 1 0.75 1
 0 0 0 0 0 0 0 0 0 0 0 0 0 0 0 0 0 0 0 0.125 0 0 0 0 0 0 0 0 0 0 0 0 0 0 0.25 0 0 0.25 0 0 0 0 0 0 0 0 0.125 0 0 0.125 0 0 0.125 0 0 0 0 0 0.25 0.25 0.25 0.25 0 0.25 0 0.25 0.5 0.125 0.25 0 0.5 0 0.25 0 0 0 0.25 0.25 0 0.25 0.25 0.25 0.25 0.375 0.25 0.25 0 0.25 0.25 0.5 0.25 0.5 0.5 0.25 0.5 0.5 0.625 0.5 0.5 0.625 0.25 0.5 0.5 0.5 0.25 0.5 0.75 0.75 0.5 0.75 0.5 0.75 1 0.75 1
 0 0 0 0 0 0 0 0 0 0 0 0 0 0 0 0 0 0 0 0 0 0 0 0 0 0 0 0 0 0 0 0 0 0 0.25 0 0 0.25 0 0 0 0.125 0 0 0 0 0 0 0 0 0 0 0 0 0 0 0 0.25 0 0 0.25 0 0 0 0 0 0 0 0 0 0.25 0.25 0.25 0 0 0.125 0.25 0.375 0.25 0.25 0.5 0.375 0.25 0.25 0.25 0.25 0.25 0.25 0.25 0.5 0.25 0.625 0.5 0.5 0.5 0.5 0.5 0.5 0.5 0.5 0.5 0.75 0.625 0.75 0.25 0.5 0.25 0.5 0.5 0.5 0.5 0.75 0.75 0.75 0.75
 0 0 0 0 0 0 0 0 0 0 0 0 0 0 0 0 0 0 0 0.125 0 0 0 0 0 0 0 0 0 0 0 0 0 0 0.25 0 0 0.25 0 0 0 0 0 0 0 0 0 0 0 0.125 0 0 0.125 0 0 0 0 0 0.25 0.25 0.25 0.25 0 0.25 0 0.25 0.25 0.125 0.25 0 0.5 0 0.25 0 0 0 0.25 0.25 0 0.25 0.25 0.25 0.25 0.25 0.25 0.25 0.25 0.25 0.25 0.5 0.25 0.5 0.5 0.25 0.5 0.375 0.375 0.375 0.5 0.5 0.25 0.5 0.5 0.5 0.25 0.5 0.5 0.75 0.5 0.875 0.5 0.5 1 0.75 1
 0 0 0 0 0 0 0 0 0 0 0 0 0.125 0 0 0 0 0 0 0.25 0 0 0 0 0 0 0 0 0 0 0 0 0 0 0.25 0 0 0.25 0 0 0 0.25 0 0 0 0 0 0 0 0.25 0 0 0.25 0 0 0 0 0.25 0.25 0.25 0.25 0.25 0 0.25 0.125 0.25 0.25 0.25 0.25 0 0.25 0 0.25 0 0 0 0.375 0.25 0.25 0.25 0.375 0.25 0 0.5 0.5 0.25 0.25 0 0.5 0.5 0.5 0.25 0.5 0.25 0.5 0.75 0.5 0.75 0.5 0.75 0.5 0.5 0.75 0.25 0.375 0.5 0.75 0.5 0.875 0.75 1 1 0.75 1 1
 0 0 0 0 0 0 0 0 0 0 0 0 0 0 0.25 0 0 0 0 0 0 0.25 0 0.25 0 0 0 0 0 0.25 0 0 0 0.25 0 0.25 0.25 0 0 0.25 0.25 0.25 0.25 0.25 0.25 0.25 0 0.25 0.25 0.25 0 0.125 0 0.25 0.25 0.25 0.25 0.25 0 0.25 0 0.25 0.25 0.25 0.25 0.25 0 0.25 0.25 0.25 0 0.25 0 0.25 0.25 0.25 0.25 0.25 0.25 0.25 0 0.25 0.5 0.25 0.25 0.25 0.5 0.5 0.25 0.5 0.25 0.5 0.25 0.5 0.5 0.25 0.5 0.5 0.25 0.5 0.5 0.5 0.25 0.5 0.5 0.5 0.5 0.75 0.5 0.5 0.5 0.5 0.75 0.75 0.75
 0 0 0 0 0 0 0 0 0 0 0 0 0 0 0 0 0 0 0 0 0 0 0 0 0 0 0 0 0 0 0 0 0 0 0.25 0 0 0 0 0 0 0.25 0 0 0 0 0 0 0 0 0 0 0 0 0 0 0 0 0 0 0.25 0 0 0 0 0 0 0 0 0 0 0 0.25 0 0 0 0 0.25 0.25 0.25 0.25 0.25 0.25 0.25 0 0 0.25 0.25 0.125 0.5 0.25 0.5 0.5 0.5 0.25 0.25 0.5 0.5 0.375 0.5 0.25 0.75 0.5 0.5 0.25 0.5 0.25 0.5 0.25 0.5 0.5 0.75 0.75 0.75 0.75
 0 0 0 0 0 0 0 0 0 0 0 0 0 0 0 0 0 0 0 0 0 0 0 0 0 0 0 0 0 0 0 0 0 0 0.25 0 0 0.125 0 0 0 0.25 0 0 0.25 0 0 0 0 0 0 0 0 0 0 0 0 0.25 0 0 0.25 0 0 0 0 0 0 0 0 0 0.125 0.125 0.25 0.25 0 0 0.25 0 0.25 0.25 0.25 0.25 0 0.25 0.5 0.375 0.5 0 0.5 0.25 0.25 0.25 0.25 0.5 0.5 0.5 0.25 0.5 0.25 0.5 0.75 0.5 0.5 0.5 0.25 0.5 0.5 0.25 0.75 0.5 0.75 0.75 0.5 1 0.75
 0 0 0 0 0 0 0 0 0 0 0 0 0.125 0 0.25 0 0 0 0 0.25 0 0.125 0 0.25 0 0 0 0 0 0.25 0 0 0 0.25 0.25 0.25 0.25 0.5 0 0.25 0.25 0.25 0.375 0.25 0.25 0.25 0 0.25 0.25 0.5 0 0 0.25 0 0.5 0.25 0.25 0.5 0.5 0.5 0.25 0.5 0.5 0.5 0.625 0.25 0.25 0.5 0.75 0.25 0.5 0.5 0.25 0.25 0.5 0.5 0.625 0.5 0.5 0.5 0.375 0.5 0.25 0.75 0.75 0.75 0.5 0.25 0.75 0.75 0.75 0.75 0.75 0.5 0.75 0.75 0.5 0.75 0.75 0.75 0.625 0.5 0.75 0.75 0.5 0.75 0.75 0.75 0.75 0.75 0.75 0.75 0.75 0.75 0.75
 0 0 0 0 0 0 0 0 0 0 0 0 0 0 0 0 0 0 0 0 0 0 0 0 0 0 0 0 0 0 0 0 0 0 0 0.25 0 0.25 0 0.25 0.25 0.25 0 0 0.25 0.25 0 0 0 0 0 0 0 0 0.5 0 0.25 0.5 0.25 0 0.125 0 0.25 0 0.5 0 0 0 0.125 0 0.25 0.5 0.25 0.25 0.5 0.5 0.25 0.25 0.5 0.25 0.25 0.25 0.25 0.25 0.5 0.5 0.5 0 0.5 0.375 0.5 0.25 0.5 0.5 0.5 0.5 0.25 0.5 0.5 0.5 0.5 0.5 0.5 0.5 0.25 0.5 0.5 0.5 0.75 0.5 0.75 0.75 0.5 1 0.75
 0 0 0 0 0 0 0 0 0 0 0 0 0 0 0 0 0 0 0 0 0 0 0 0 0 0 0 0 0 0 0 0 0 0 0.25 0 0 0 0 0 0 0.25 0 0 0 0 0 0 0 0 0 0 0 0 0 0 0 0 0 0 0.25 0 0 0 0 0 0.125 0 0 0 0.25 0 0.25 0 0 0 0 0.25 0 0.25 0.25 0.25 0.25 0 0 0 0 0.25 0 0.25 0 0.5 0.25 0.25 0.25 0.25 0.5 0.25 0.75 0.5 0.25 0.5 0.75 0.5 0.25 0.5 0.5 0.5 0.25 0.5 0.375 0.5 0.75 0.875 0.5
 0 0 0 0 0 0 0 0 0 0 0 0 0 0 0 0 0 0 0 0 0 0 0 0 0 0 0 0 0 0 0 0 0 0 0.25 0.25 0 0 0 0 0 0.25 0 0 0.25 0.25 0 0 0 0 0 0 0 0 0.25 0 0.25 0.25 0 0 0.25 0 0 0 0 0.25 0 0 0 0 0 0.25 0.25 0.25 0.125 0.125 0.25 0.25 0.25 0.25 0 0 0.25 0 0.25 0.25 0.25 0.25 0.25 0 0.25 0.25 0.25 0.25 0.25 0.25 0.5 0.25 0.5 0.25 0.5 0.25 0.5 0.75 0.25 0.5 0.5 0.5 0.5 0.25 0.5 0.75 1 0.75 0.75
 0 0 0 0 0 0 0 0 0 0 0 0 0 0 0 0 0 0 0 0 0 0 0 0 0 0 0 0 0 0 0 0 0 0 0.25 0 0 0.25 0 0 0 0.25 0 0 0 0 0 0 0 0 0 0 0 0 0 0 0 0.25 0.25 0.125 0.25 0.25 0 0.25 0 0.25 0.25 0 0.25 0 0.125 0 0.25 0 0 0 0.375 0.25 0.25 0.25 0.25 0.25 0 0.5 0.5 0.25 0.25 0 0.5 0.5 0.5 0.25 0.5 0.25 0.5 0.75 0.25 0.5 0.5 0.5 0.125 0.5 0.75 0.25 0.25 0.25 0.75 0.5 0.5 0.75 0.75 1 0.75 1 0.75
 0 0 0 0 0 0 0 0 0 0 0 0 0 0 0 0 0 0 0 0 0 0 0 0 0 0 0 0 0 0 0 0 0 0 0.25 0 0 0 0 0 0 0 0 0 0 0 0 0 0 0 0 0 0 0 0 0 0 0 0 0 0.25 0.125 0 0 0 0.25 0.25 0 0.25 0 0.25 0 0.25 0 0 0 0.25 0.25 0 0.25 0.25 0.25 0.25 0.25 0 0.25 0.25 0.25 0 0.25 0.25 0.5 0.5 0.25 0.25 0.25 0.25 0.25 0.5 0.125 0.25 0.5 0.5 0.5 0.25 0.5 0.5 0.75 0.25 0.5 0.25 0.5 0.75 0.75 0.75
 0 0 0 0 0 0 0 0 0 0 0 0 0 0 0 0 0 0 0 0 0 0 0 0 0 0 0 0 0 0 0 0 0 0 0.25 0 0 0.25 0 0 0 0.25 0 0 0 0 0 0 0 0 0 0 0 0 0 0 0 0 0 0 0.25 0.25 0 0.25 0 0.25 0.25 0 0.25 0 0 0 0.25 0 0 0 0.25 0.25 0 0.25 0 0 0 0.25 0 0.25 0.25 0 0.25 0 0.5 0.25 0.25 0 0 0.5 0.25 0.5 0.5 0.5 0 0.5 0.5 0.25 0.25 0.25 0.625 0.5 0.25 0.75 0.5 0.75 0.75 0.875 0.75
 0 0 0 0 0 0 0 0 0 0 0 0 0 0 0 0 0 0 0 0 0 0 0 0 0 0 0 0 0 0 0 0 0 0 0.25 0 0 0 0 0 0 0 0 0 0 0 0 0 0 0 0 0 0 0 0 0 0 0 0 0 0.25 0 0 0 0 0.25 0 0 0 0 0 0 0.25 0 0 0 0 0.25 0.25 0.25 0 0.25 0 0 0 0 0.25 0 0 0 0.5 0.25 0 0.125 0 0.25 0.125 0.25 0.25 0.5 0 0.5 0.25 0.25 0.25 0.25 0.5 0.25 0 0.5 0.25 0.5 0.75 0.5 0.5
 0 0 0 0 0 0 0 0 0 0 0 0 0 0 0 0 0 0 0 0 0 0 0 0 0 0 0 0 0 0 0 0 0 0 0.25 0 0 0 0 0 0 0 0 0 0 0 0 0 0 0 0 0 0 0 0 0 0 0 0 0 0.25 0 0 0 0 0 0 0 0 0 0 0 0.25 0 0 0 0 0.25 0 0.25 0 0 0 0 0 0 0 0.25 0 0 0 0.25 0 0 0 0 0 0 0.25 0 0.25 0.25 0.25 0.5 0.25 0.5 0.25 0 0.25 0.25 0.25 0.25 0.5 0.5 0.5
 0 0 0 0 0 0 0 0 0 0 0 0 0 0 0 0 0 0 0 0 0 0 0 0 0 0 0 0 0 0 0 0 0 0 0 0 0 0 0 0 0 0.25 0 0 0 0 0 0 0 0 0 0 0 0 0 0 0 0 0 0 0 0 0 0 0 0 0 0 0 0 0 0 0.25 0 0 0 0 0 0 0.125 0 0 0 0 0 0 0 0 0 0 0 0 0 0 0 0.25 0.25 0.25 0.25 0.25 0 0.25 0.25 0 0.25 0 0.125 0.25 0 0.25 0.125 0.5 0.5 0.5 0.25
 0 0 0 0 0 0 0 0 0 0 0 0 0 0 0 0 0 0 0 0 0 0 0 0 0 0 0 0 0 0 0 0 0 0 0.25 0 0 0 0 0 0 0 0 0 0 0 0 0 0 0 0 0 0 0 0 0 0 0 0 0 0.25 0 0 0 0 0.25 0 0 0 0 0 0 0.25 0 0 0 0 0.25 0 0.25 0 0 0 0 0 0 0 0 0 0 0.25 0.25 0 0 0 0 0 0 0.25 0 0 0.25 0.25 0.25 0.25 0.25 0.5 0.25 0.25 0.25 0.25 0.5 0.5 0.75 0.5
]
