n: 36
m: 5

seasons:
[
 "2021/22"
 "2022/23"
 "2023/24"
 "2024/25"
 "2025/26"
]

teams:
[
 "Bayern Munchen"
 "Real Madrid"
 "Paris Saint-Germain"
 "Liverpool"
 "Inter"
 "Manchester City"
 "Arsenal"
 "Barcelona"
 "Atletico Madrid"
 "Borussia Dortmund"
 "Roma"
 "Sporting CP"
 "Aston Villa"
 "Porto"
 "Manchester United"
 "Club Brugge"
 "Real Betis"
 "PSV"
 "Feyenoord"
 "Lille"
 "Bodo/Glimt"
 "Napoli"
 "RB Leipzig"
 "Villarreal"
 "Fenerbahce"
 "Shakhtar Donetsk"
 "Galatasaray"
 "Slavia Praha"
 "Slovan Bratislava"
 "Stuttgart"
 "AEK Athens"
 "LASK"
 "Lens"
 "Sabah"
 "Viking"
 "Como"
]

points:
[
 26.00 27.00 28.00 27.25 39.25
 30.00 29.00 34.00 24.50 27.00
 19.00 19.00 23.00 33.50 37.50
 33.00 19.00 20.00 29.50 28.50
 18.00 29.00 20.00 40.25 19.75
 27.00 33.00 28.00 14.75 22.75
 0 17.00 22.00 36.00 44.00
 15.00 9.00 23.00 36.25 30.00
 19.00 8.00 24.00 26.50 27.25
 10.00 18.00 29.00 27.75 16.00
 23.00 22.00 21.00 14.50 17.25
 16.00 14.00 12.00 14.50 27.50
 0 0 17.00 30.25 35.75
 10.00 18.00 19.00 9.75 24.00
 18.00 19.00 7.00 32.50 0
 7.00 17.00 21.00 15.75 14.50
 11.00 16.00 6.00 19.25 22.25
 10.00 11.00 17.00 21.25 12.00
 24.00 17.00 8.00 18.00 4.00
 17.00 0 17.00 24.00 10.75
 15.00 3.00 8.00 21.00 17.00
 9.00 25.00 17.00 0 12.00
 17.00 18.00 18.00 8.00 0
 24.00 12.00 16.00 0 7.00
 5.00 17.00 14.00 11.25 10.50
 6.00 11.00 10.00 11.00 18.25
 15.00 0 8.00 12.75 17.75
 10.00 6.00 15.00 4.00 9.00
 6.00 12.00 8.00 6.00 4.00
 0 0 0 13.00 14.50
 1.50 0 3.00 2.00 17.50
 15.00 0 3.00 3.00 0
 0 0 10.00 2.50 0
 0 0 2.00 2.00 2.00
 0 2.50 0 0 2.00
 0 0 0 0 0
]

c:
[
 0.5 0.4 0.8 0.6 0.6 0.5 0.6 0.8 1 0.6 1 1 0.8 1 0.8 1 1 1 1 1 1 1 1 1 1 1 1 1 1 1 1 1 1 1 1 1
 0.6 0.5 0.6 0.4 0.7 0.8 0.6 0.6 0.6 0.8 1 0.8 0.6 1 0.8 1 1 1 1 1 1 1 1 1 1 1 1 1 1 1 1 1 1 1 1 1
 0.2 0.4 0.5 0.7 0.6 0.4 0.6 0.7 0.7 0.8 0.6 1 1 1 0.9 1 1 1 0.8 1 1 0.8 1 0.8 1 1 1 1 1 1 1 1 1 1 1 1
 0.4 0.6 0.3 0.5 0.5 0.6 0.4 0.4 0.8 0.8 0.6 1 0.6 1 0.7 0.8 1 1 1 1 1 0.8 1 1 1 1 1 1 1 1 1 1 1 1 1 1
 0.4 0.3 0.4 0.5 0.5 0.2 0.6 0.6 0.4 0.8 0.6 0.8 0.8 0.8 0.9 0.8 0.8 1 0.8 1 1 1 1 0.8 1 1 1 1 1 1 1 1 1 1 1 1
 0.5 0.2 0.6 0.4 0.8 0.5 0.6 0.6 0.6 0.6 1 0.8 0.6 0.8 0.8 0.8 0.8 0.8 0.8 0.8 0.8 1 1 1 1 1 1 1 1 1 1 1 1 1 1 1
 0.4 0.4 0.4 0.6 0.4 0.4 0.5 0.4 0.6 0.4 0.6 0.8 0.9 0.6 0.6 0.7 0.8 0.8 0.7 0.8 0.8 0.6 0.6 0.8 0.7 0.8 0.8 0.8 0.8 0.9 0.8 0.8 0.9 0.9 0.9 0.9
 0.2 0.4 0.3 0.6 0.4 0.4 0.6 0.5 0.6 0.6 0.6 0.6 0.8 0.8 0.6 0.8 0.8 0.8 0.6 0.8 0.9 0.8 0.6 0.6 0.8 0.8 0.9 1 0.8 1 1 0.9 1 1 1 1
 0 0.4 0.3 0.2 0.6 0.4 0.4 0.4 0.5 0.4 0.6 0.6 0.6 0.8 0.6 0.8 0.8 0.8 0.6 1 1 0.8 0.8 0.6 0.8 0.8 1 1 0.8 1 1 1 1 1 1 1
 0.4 0.2 0.2 0.2 0.2 0.4 0.6 0.4 0.6 0.5 0.4 0.6 0.6 0.6 0.4 1 0.6 0.9 0.8 0.8 0.6 0.8 0.7 0.8 1 0.8 0.6 0.9 1 1 0.8 0.8 1 1 1 1
 0 0 0.4 0.4 0.4 0 0.4 0.4 0.4 0.6 0.5 0.7 0.6 0.8 0.8 0.7 0.6 0.8 0.6 0.8 0.8 0.8 1 0.8 1 0.8 0.8 1 1 1 0.8 1 1 1 1 1
 0 0.2 0 0 0.2 0.2 0.2 0.4 0.4 0.4 0.3 0.5 0.4 0.6 0.4 0.4 0.6 0.6 0.4 0.4 0.8 0.6 0.4 0.6 0.6 1 1 0.8 1 1 1 1 1 1 1 1
 0.2 0.4 0 0.4 0.2 0.4 0.1 0.2 0.4 0.4 0.4 0.6 0.5 0.4 0.4 0.4 0.6 0.5 0.6 0.6 0.6 0.5 0.4 0.6 0.6 0.6 0.7 0.6 0.6 0.8 0.7 0.7 0.8 0.8 0.7 0.8
 0 0 0 0 0.2 0.2 0.4 0.2 0.2 0.4 0.2 0.4 0.6 0.5 0.4 0.6 0.6 0.7 0.6 0.6 0.6 0.8 0.7 0.8 0.8 0.8 0.6 0.9 1 0.8 1 0.8 1 1 1 1
 0.2 0.2 0.1 0.3 0.1 0.2 0.4 0.4 0.4 0.6 0.2 0.6 0.6 0.6 0.5 0.6 0.8 0.6 0.4 0.6 0.6 0.4 0.7 0.4 0.6 0.6 0.6 0.6 0.6 0.8 0.8 0.9 0.7 0.8 0.8 0.9
 0 0 0 0.2 0.2 0.2 0.3 0.2 0.2 0 0.3 0.6 0.6 0.4 0.4 0.5 0.4 0.6 0.5 0.6 0.4 0.6 0.6 0.8 0.9 0.8 0.6 0.8 1 0.9 0.8 0.8 1 1 1 1
 0 0 0 0 0.2 0.2 0.2 0.2 0.2 0.4 0.4 0.4 0.4 0.4 0.2 0.6 0.5 0.6 0.4 0.4 0.4 0.6 0.4 0.6 0.6 0.8 0.6 0.8 0.8 1 1 0.8 0.8 1 1 1
 0 0 0 0 0 0.2 0.2 0.2 0.2 0.1 0.2 0.4 0.5 0.3 0.4 0.4 0.4 0.5 0.6 0.5 0.6 0.6 0.4 0.6 0.8 0.7 0.6 0.9 0.8 0.8 0.8 0.8 1 1 1 1
 0 0 0.2 0 0.2 0.2 0.3 0.4 0.4 0.2 0.4 0.6 0.4 0.4 0.6 0.5 0.6 0.4 0.5 0.4 0.5 0.4 0.6 0.5 0.5 0.6 0.7 0.6 0.8 0.8 0.8 1 0.8 1 1 1
 0 0 0 0 0 0.2 0.2 0.2 0 0.2 0.2 0.6 0.4 0.4 0.4 0.4 0.6 0.5 0.6 0.5 0.6 0.5 0.5 0.6 0.8 0.6 0.7 0.8 0.8 0.7 0.7 0.9 0.9 0.9 0.8 0.9
 0 0 0 0 0 0.2 0.2 0.1 0 0.4 0.2 0.2 0.4 0.4 0.4 0.6 0.6 0.4 0.5 0.4 0.5 0.6 0.4 0.4 0.6 0.4 0.6 0.6 0.7 1 0.8 0.9 0.8 1 1 1
 0 0 0.2 0.2 0 0 0.4 0.2 0.2 0.2 0.2 0.4 0.5 0.2 0.6 0.4 0.4 0.4 0.6 0.5 0.4 0.5 0.4 0.7 0.8 0.6 0.4 0.6 0.8 0.6 0.6 0.6 0.8 0.8 0.9 0.9
 0 0 0 0 0 0 0.4 0.4 0.2 0.3 0 0.6 0.6 0.3 0.3 0.4 0.6 0.6 0.4 0.5 0.6 0.6 0.5 0.6 0.6 0.6 0.6 0.8 0.8 0.6 0.8 0.9 0.9 0.8 0.8 0.9
 0 0 0.2 0 0.2 0 0.2 0.4 0.4 0.2 0.2 0.4 0.4 0.2 0.6 0.2 0.4 0.4 0.5 0.4 0.6 0.3 0.4 0.5 0.4 0.6 0.6 0.6 0.7 0.6 0.6 0.8 0.8 0.8 0.9 0.9
 0 0 0 0 0 0 0.3 0.2 0.2 0 0 0.4 0.4 0.2 0.4 0.1 0.4 0.2 0.5 0.2 0.4 0.2 0.4 0.6 0.5 0.6 0.4 0.6 0.8 0.6 0.8 0.8 1 1 1 1
 0 0 0 0 0 0 0.2 0.2 0.2 0.2 0.2 0 0.4 0.2 0.4 0.2 0.2 0.3 0.4 0.4 0.6 0.4 0.4 0.4 0.4 0.5 0.6 0.6 0.7 0.8 1 0.8 0.9 1 1 1
 0 0 0 0 0 0 0.2 0.1 0 0.4 0.2 0 0.3 0.4 0.4 0.4 0.4 0.4 0.3 0.3 0.4 0.6 0.4 0.4 0.6 0.4 0.5 0.6 0.7 0.7 0.9 0.8 0.7 0.9 0.8 0.9
 0 0 0 0 0 0 0.2 0 0 0.1 0 0.2 0.4 0.1 0.4 0.2 0.2 0.1 0.4 0.2 0.4 0.4 0.2 0.4 0.4 0.4 0.4 0.5 0.6 0.6 0.8 0.8 1 1 1 1
 0 0 0 0 0 0 0.2 0.2 0.2 0 0 0 0.4 0 0.4 0 0.2 0.2 0.2 0.2 0.3 0.2 0.2 0.3 0.2 0.3 0.3 0.4 0.5 0.6 0.8 0.8 0.8 1 1 1
 0 0 0 0 0 0 0.1 0 0 0 0 0 0.2 0.2 0.2 0.1 0 0.2 0.2 0.3 0 0.4 0.4 0.4 0.4 0.2 0.3 0.4 0.4 0.5 0.3 0.5 0.6 0.6 0.6 0.7
 0 0 0 0 0 0 0.2 0 0 0.2 0.2 0 0.3 0 0.2 0.2 0 0.2 0.2 0.3 0.2 0.4 0.2 0.4 0.2 0 0.1 0.2 0.2 0.7 0.5 0.4 0.5 0.8 0.8 0.9
 0 0 0 0 0 0 0.2 0.1 0 0.2 0 0 0.3 0.2 0.1 0.2 0.2 0.2 0 0.1 0.1 0.4 0.1 0.2 0.2 0.2 0.2 0.2 0.2 0.5 0.6 0.5 0.6 0.7 0.6 0.8
 0 0 0 0 0 0 0.1 0 0 0 0 0 0.2 0 0.3 0 0.2 0 0.2 0.1 0.2 0.2 0.1 0.2 0 0.1 0.3 0 0.2 0.4 0.5 0.4 0.5 0.6 0.5 0.7
 0 0 0 0 0 0 0.1 0 0 0 0 0 0.2 0 0.2 0 0 0 0 0.1 0 0.2 0.2 0.2 0 0 0.1 0 0 0.4 0.2 0.3 0.4 0.5 0.6 0.8
 0 0 0 0 0 0 0.1 0 0 0 0 0 0.3 0 0.2 0 0 0 0 0.2 0 0.1 0.2 0.1 0 0 0.2 0 0 0.4 0.2 0.4 0.5 0.4 0.5 0.7
 0 0 0 0 0 0 0.1 0 0 0 0 0 0.2 0 0.1 0 0 0 0 0.1 0 0.1 0.1 0.1 0 0 0.1 0 0 0.3 0.1 0.2 0.3 0.2 0.3 0.5
]
