n: 20

c:
[
 0.5000000000 0.5932150668 0.9786759140 0.9135130550 0.9317991479 0.9407785614 0.9981540454 0.9316522391 0.7742578407 0.3652031365 0.7346094136 0.8706315051 0.7736475188 0.8479363260 0.6931502775 0.9042142139 0.8117901381 0.8839378366 0.7369109462 0.2407154457
 0.4067849332 0.5000000000 0.7707805806 0.9606959384 0.6772696666 0.4430868742 0.8079209500 0.6975347721 0.4532760022 0.2938627037 0.9844306003 0.4281366698 0.8443346146 0.2632435480 0.7578324428 0.6623511419 0.9058693078 0.9602664577 0.9589271288 0.7702217918
 0.0213240860 0.2292194194 0.5000000000 0.4493748040 0.9519095593 0.2269071686 0.9355099529 0.9734116651 0.9030987447 0.5601071092 0.2330365611 0.8444069745 0.7497048130 0.9339866075 0.7851094293 0.9911584475 0.8808764626 0.6045154192 0.6342121177 0.7357707790
 0.0864869450 0.0393040616 0.5506251960 0.5000000000 0.6668385740 0.9756203190 0.5597159332 0.7544974630 0.9006540136 0.9924126482 0.8508463957 0.1703986048 0.7580666611 0.3264813335 0.9517323108 0.7020429479 0.9821334024 0.6458175155 0.9443443309 0.5794458005
 0.0682008521 0.3227303334 0.0480904407 0.3331614260 0.5000000000 0.4448094520 0.6531377000 0.7780326542 0.9000786175 0.9157674467 0.3342030725 0.7578422806 0.8219516663 0.5683476900 0.5031054627 0.8432912358 0.5996318469 0.6045502102 0.8417300508 0.6109640167
 0.0592214386 0.5569131258 0.7730928314 0.0243796810 0.5551905480 0.5000000000 0.7691717904 0.1920784933 0.7017637843 0.9711537455 0.9038068527 0.9747484029 0.3563296508 0.7064998608 0.9386346745 0.9101904426 0.5845286062 0.8050368354 0.6401430421 0.7712214749
 0.0018459546 0.1920790500 0.0644900471 0.4402840668 0.3468623000 0.2308282096 0.5000000000 0.9434604781 0.9656879768 0.9414066390 0.9956685642 0.4420589999 0.4949318871 0.9631273376 0.4727408456 0.7469036593 0.8922272520 0.8045301358 0.6818003404 0.5371620413
 0.0683477609 0.3024652279 0.0265883349 0.2455025370 0.2219673458 0.8079215067 0.0565395219 0.5000000000 0.9251604950 0.8788196748 0.3102609932 0.8138712007 0.9998027444 0.6971241584 0.8724872918 0.4199018616 0.5081252881 0.6135916468 0.9491077862 0.4721923733
 0.2257421593 0.5467239978 0.0969012553 0.0993459864 0.0999213825 0.2982362157 0.0343120232 0.0748395050 0.5000000000 0.9224089371 0.9395656304 0.9775815375 0.4526899680 0.9153181126 0.8003125111 0.8191009270 0.8397546028 0.7286000232 0.9415220698 0.5567536457
 0.6347968635 0.7061372963 0.4398928908 0.0075873518 0.0842325533 0.0288462545 0.0585933610 0.1211803252 0.0775910629 0.5000000000 0.9066129467 0.7575878588 0.9349398487 0.5885528584 0.5364803245 0.8254202192 0.7495085646 0.5430686738 0.8405828361 0.7487376588
 0.2653905864 0.0155693997 0.7669634389 0.1491536043 0.6657969275 0.0961931473 0.0043314358 0.6897390068 0.0604343696 0.0933870533 0.5000000000 0.3544916968 0.8001770748 0.9789287318 0.9890190456 0.8629931539 0.7721879489 0.8200264739 0.9442831709 0.8820061462
 0.1293684949 0.5718633302 0.1555930255 0.8296013952 0.2421577194 0.0252515971 0.5579410001 0.1861287993 0.0224184625 0.2424121412 0.6455083032 0.5000000000 0.7895710252 0.9570413044 0.6033932329 0.5377733171 0.5154447278 0.2643737413 0.3988676516 0.9691967899
 0.2263524812 0.1556653854 0.2502951870 0.2419333389 0.1780483337 0.6436703492 0.5050681129 0.0001972556 0.5473100320 0.0650601513 0.1998229252 0.2104289748 0.5000000000 0.9755939623 0.8496134745 0.4475077824 0.8301112622 0.6154853213 0.9139322213 0.9374861441
 0.1520636740 0.7367564520 0.0660133925 0.6735186665 0.4316523100 0.2935001392 0.0368726624 0.3028758416 0.0846818874 0.4114471416 0.0210712682 0.0429586956 0.0244060377 0.5000000000 0.8962611890 0.8952777288 0.9863615993 0.8553085236 0.7557652684 0.8003976329
 0.3068497225 0.2421675572 0.2148905707 0.0482676892 0.4968945373 0.0613653255 0.5272591544 0.1275127082 0.1996874889 0.4635196755 0.0109809544 0.3966067671 0.1503865255 0.1037388110 0.5000000000 0.9577133635 0.8121268638 0.7632987303 0.8642231761 0.8239016097
 0.0957857861 0.3376488581 0.0088415525 0.2979570521 0.1567087642 0.0898095574 0.2530963407 0.5800981384 0.1808990730 0.1745797808 0.1370068461 0.4622266829 0.5524922176 0.1047222712 0.0422866365 0.5000000000 0.8211603291 0.8672087153 0.9383726039 0.9064749552
 0.1882098619 0.0941306922 0.1191235374 0.0178665976 0.4003681531 0.4154713938 0.1077727480 0.4918747119 0.1602453972 0.2504914354 0.2278120511 0.4845552722 0.1698887378 0.0136384007 0.1878731362 0.1788396709 0.5000000000 0.9398477220 0.5668165911 0.9016939163
 0.1160621634 0.0397335423 0.3954845808 0.3541824845 0.3954497898 0.1949631646 0.1954698642 0.3864083532 0.2713999768 0.4569313262 0.1799735261 0.7356262587 0.3845146787 0.1446914764 0.2367012697 0.1327912847 0.0601522780 0.5000000000 0.9918608638 0.4655584969
 0.2630890538 0.0410728712 0.3657878823 0.0556556691 0.1582699492 0.3598569579 0.3181996596 0.0508922138 0.0584779302 0.1594171639 0.0557168291 0.6011323484 0.0860677787 0.2442347316 0.1357768239 0.0616273961 0.4331834089 0.0081391362 0.5000000000 0.9607192643
 0.7592845543 0.2297782082 0.2642292210 0.4205541995 0.3890359833 0.2287785251 0.4628379587 0.5278076267 0.4432463543 0.2512623412 0.1179938538 0.0308032101 0.0625138559 0.1996023671 0.1760983903 0.0935250448 0.0983060837 0.5344415031 0.0392807357 0.5000000000
]
