n: 40

c:
[
 0.5000000000 0.9815807000 0.6286494109 0.8137330055 0.7797831820 0.9376045707 0.4725804867 0.9023180268 0.9944621315 0.9858092974 0.8032865997 0.9862445419 0.8427733523 0.9876031095 0.8632483750 0.2551652216 0.8055270311 0.9677473158 0.9826795668 0.9052554678 0.6603281521 0.8250385258 0.7485732320 0.8215594056 0.8281172239 0.6643323369 0.7452442869 0.8214387360 0.7371748810 0.7613314137 0.8438832431 0.3346326009 0.6977107486 0.6412845490 0.8110449378 0.9251480221 0.9768888727 0.7871096087 0.5075630049 0.3663234230
 0.0184193000 0.5000000000 0.7690767380 0.8821842264 0.9548659484 0.9617107991 0.9917032766 0.9708437635 0.9994701186 0.2685577298 0.5727352196 0.9824255629 0.1387849522 0.9453699503 0.2267531025 0.5492446561 0.9037716076 0.7514241415 0.9747834054 0.9911354191 0.8468891587 0.8898161555 0.7980660368 0.9309440938 0.6134897717 0.6716262800 0.4836014949 0.7710331620 0.7209423913 0.9372273505 0.9438143631 0.9801628453 0.5911652089 0.8643383066 0.2759689261 0.5134916229 0.9977970072 0.9083654063 0.9481157377 0.6036766060
 0.3713505891 0.2309232620 0.5000000000 0.7567866607 0.7032968304 0.8070938354 0.6074780571 0.8625872819 0.8894555186 0.5515349338 0.8146508189 0.6984255181 0.5927135368 0.8546927135 0.7472968330 0.9061584409 0.9082818629 0.9384257185 0.9787094613 0.4385810323 0.7692265444 0.8239845558 0.8088746261 0.7720358853 0.9704634236 0.6825516044 0.9069999717 0.8031614934 0.8109846390 0.8820207578 0.3503339345 0.7248024756 0.3114711531 0.5308005568 0.9888213568 0.6542927494 0.9759191539 0.9792413354 0.9168354968 0.5478081451
 0.1862669945 0.1178157736 0.2432133393 0.5000000000 0.6568842520 0.5285536000 0.8222257206 0.9277964110 0.5138096312 0.8547205175 0.8338017642 0.7274580721 0.6847398188 0.5347529966 0.9582635039 0.6964702351 0.9854289832 0.8584490777 0.9331283561 0.9184907263 0.9664888371 0.8958342224 0.3404783455 0.5165334813 0.7295684359 0.8637274710 0.7094895458 0.6593519602 0.7363515436 0.8525212860 0.9947191184 0.9868738650 0.5131253605 0.6469279608 0.8833655978 0.6911036708 0.4934829440 0.7731786798 0.2832613859 0.4249333696
 0.2202168180 0.0451340516 0.2967031696 0.3431157480 0.5000000000 0.9982665215 0.6638190025 0.8683843554 0.4423684638 0.7891880912 0.5108645628 0.5077412322 0.5455831186 0.8517220571 0.9198234367 0.9234938182 0.9901528827 0.9705014030 0.6648002689 0.6914943513 0.5603705117 0.9316792946 0.6913695406 0.7288866485 0.4463296953 0.9088122043 0.9143976318 0.7935520204 0.9640026476 0.9111306442 0.7812972120 0.7163888960 0.4634713958 0.9523975296 0.9528630128 0.9160568885 0.9259339869 0.9579091551 0.9482626188 0.4444170272
 0.0623954293 0.0382892009 0.1929061646 0.4714464000 0.0017334785 0.5000000000 0.8000323165 0.4032651559 0.7203847106 0.8363019420 0.4473743199 0.6759542461 0.5399834176 0.8759122037 0.9056161638 0.8805675397 0.6935561161 0.8126007604 0.9714042955 0.8785513793 0.8417188380 0.3062820544 0.7118976195 0.9873081119 0.5435788798 0.9462756584 0.9402070664 0.6568888667 0.6495966272 0.7788972632 0.7119620427 0.7032988975 0.8993284097 0.7729507395 0.7422079513 0.7657237286 0.8990896337 0.9610270700 0.9853264968 0.7333726913
 0.5274195133 0.0082967234 0.3925219429 0.1777742794 0.3361809975 0.1999676835 0.5000000000 0.9315995640 0.6814415569 0.5383079772 0.5532908221 0.9361190892 0.6017300633 0.7446459777 0.7649034821 0.4023047861 0.4865564648 0.7950733461 0.6652964018 0.4868151046 0.4786104409 0.8073132462 0.9128002097 0.5169089812 0.2938916411 0.5258477005 0.6452821722 0.9689448093 0.8146093667 0.9612043131 0.5660593024 0.9431309820 0.9199035059 0.8530185280 0.9241126259 0.8550374735 0.9205262981 0.7469943509 0.8135629655 0.8870174514
 0.0976819732 0.0291562365 0.1374127181 0.0722035890 0.1316156446 0.5967348441 0.0684004360 0.5000000000 0.9647210195 0.8164761133 0.7550839281 0.7927132655 0.8495961928 0.6161669993 0.6041961000 0.6559792059 0.9417738093 0.7573580837 0.9954144110 0.5743849169 0.9496268515 0.4083578831 0.6244242005 0.4837909599 0.7616573757 0.8432187773 0.4864105225 0.7057933471 0.8870791568 0.7232089697 0.7787310393 0.8949500499 0.9537951705 0.6182449914 0.6909356951 0.8650250975 0.8795945905 0.5441820549 0.6719168426 0.8523663210
 0.0055378685 0.0005298814 0.1105444814 0.4861903688 0.5576315362 0.2796152894 0.3185584431 0.0352789805 0.5000000000 0.4269129025 0.7776837713 0.6897637465 0.8840171089 0.7425702524 0.6023455410 0.9420350431 0.5534223574 0.6700564274 0.9361899336 0.9415178719 0.8123687069 0.4725202598 0.6481985659 0.7213564840 0.7782986066 0.7888078884 0.9984381345 0.2074855765 0.3300057226 0.7391162836 0.9296583934 0.9993348576 0.8907942655 0.9213825440 0.4576731257 0.8863449642 0.5775062135 0.8702463901 0.3424128419 0.9794621821
 0.0141907026 0.7314422702 0.4484650662 0.1452794825 0.2108119088 0.1636980580 0.4616920228 0.1835238867 0.5730870975 0.5000000000 0.8353679688 0.4757649932 0.6932643833 0.8017878860 0.8150922339 0.9825371671 0.9691004525 0.1381202751 0.8626567207 0.7838215454 0.3973576694 0.7637856178 0.6983984582 0.8868404175 0.9423386635 0.5674414066 0.5301542518 0.9193328306 0.7100754817 0.9715769109 0.9923620566 0.5439592834 0.9104138948 0.7321875648 0.6261367090 0.7473557072 0.6489894475 0.7961900031 0.8166103113 0.9816923852
 0.1967134003 0.4272647804 0.1853491811 0.1661982358 0.4891354372 0.5526256801 0.4467091779 0.2449160719 0.2223162287 0.1646320312 0.5000000000 0.6710427386 0.8045048418 0.7966545475 0.8600709964 0.6405411884 0.9613736167 0.9039969744 0.9835381383 0.8212454387 0.6969616484 0.7157263317 0.6443871443 0.7702505333 0.9956211320 0.3884210612 0.6200903761 0.7876118627 0.7502723438 0.5607756259 0.4669129095 0.5051213866 0.3422370356 0.9313227232 0.9453738161 0.9260380151 0.4812144914 0.8169402178 0.9993251440 0.8171358912
 0.0137554581 0.0175744371 0.3015744819 0.2725419279 0.4922587678 0.3240457539 0.0638809108 0.2072867345 0.3102362535 0.5242350068 0.3289572614 0.5000000000 0.8831100435 0.6796367673 0.5556194424 0.9103719869 0.7397944899 0.8108519665 0.8132280067 0.9458652700 0.9344667487 0.4541158161 0.6116197893 0.8413567924 0.8828012842 0.9588426383 0.8021226436 0.6938006308 0.9799267776 0.8952979040 0.9509887469 0.8192522957 0.4071656090 0.9591234459 0.8146967249 0.9401361232 0.4303563231 0.8012491142 0.6169258623 0.9677667502
 0.1572266477 0.8612150478 0.4072864632 0.3152601812 0.4544168814 0.4600165824 0.3982699367 0.1504038072 0.1159828911 0.3067356167 0.1954951582 0.1168899565 0.5000000000 0.5704101398 0.7677942168 0.8925458147 0.5753219326 0.8695076166 0.7457300937 0.3033617614 0.5280214107 0.7600171588 0.5019927669 0.7736991496 0.9930301296 0.3516597750 0.3867318769 0.8000490857 0.6115827411 0.5395753549 0.7502055087 0.6904749234 0.9563563520 0.4439463437 0.9631784029 0.2580403505 0.7079052975 0.7343408422 0.3269648042 0.6711582666
 0.0123968905 0.0546300497 0.1453072865 0.4652470034 0.1482779429 0.1240877963 0.2553540223 0.3838330007 0.2574297476 0.1982121140 0.2033454525 0.3203632327 0.4295898602 0.5000000000 0.9919361928 0.9736102284 0.7020371489 0.8568210600 0.9257544790 0.7567599143 0.8267674618 0.8674818781 0.6620622149 0.9319111550 0.6264689425 0.7096314953 0.8473174786 0.9513786587 0.8421448033 0.7174861603 0.7587604335 0.8658025543 0.7130763725 0.5236256562 0.7426200424 0.8589959359 0.7128886642 0.8834479068 0.9396289065 0.7130674865
 0.1367516250 0.7732468975 0.2527031670 0.0417364961 0.0801765633 0.0943838362 0.2350965179 0.3958039000 0.3976544590 0.1849077661 0.1399290036 0.4443805576 0.2322057832 0.0080638072 0.5000000000 0.5855954025 0.9284351655 0.7542141008 0.7905465383 0.9535677770 0.6520394470 0.7543168669 0.8222800114 0.6838055384 0.9942355182 0.5563591679 0.4128890434 0.9430452592 0.9254879737 0.8287537025 0.9837140918 0.7814075444 0.5127477573 0.8083770387 0.8742369804 0.7183512863 0.9207837828 0.9593782292 0.9824675145 0.8620146217
 0.7448347784 0.4507553439 0.0938415591 0.3035297649 0.0765061818 0.1194324603 0.5976952139 0.3440207941 0.0579649569 0.0174628329 0.3594588116 0.0896280131 0.1074541853 0.0263897716 0.4144045975 0.5000000000 0.4272437817 0.5280171964 0.9660622720 0.9827878904 0.8786514679 0.5089342669 0.8802440994 0.7821124485 0.9110300668 0.3684841539 0.8355164462 0.9364742715 0.8780119514 0.8602532172 0.4001875105 0.8158211881 0.9639476234 0.9474005930 0.9933439474 0.9555145485 0.5530492612 0.3750003141 0.7485998891 0.9071279637
 0.1944729689 0.0962283924 0.0917181371 0.0145710168 0.0098471173 0.3064438839 0.5134435352 0.0582261907 0.4465776426 0.0308995475 0.0386263833 0.2602055101 0.4246780674 0.2979628511 0.0715648345 0.5727562183 0.5000000000 0.9500967972 0.3713403117 0.7803143587 0.3918474311 0.6280515246 0.7236656642 0.6362464705 0.8619839055 0.7082433770 0.8754798064 0.9947534995 0.8142249442 0.9121621330 0.9946413667 0.6652294640 0.4042158816 0.8261992249 0.8883540963 0.9454678483 0.7137119345 0.6416115678 0.8689363708 0.8498840735
 0.0322526842 0.2485758585 0.0615742815 0.1415509223 0.0294985970 0.1873992396 0.2049266539 0.2426419163 0.3299435726 0.8618797249 0.0960030256 0.1891480335 0.1304923834 0.1431789400 0.2457858992 0.4719828036 0.0499032028 0.5000000000 0.9497166088 0.7339140019 0.8140080427 0.6400934287 0.6341424444 0.8635223586 0.8291753817 0.6263813993 0.8363782261 0.8597619490 0.6877041330 0.6673503263 0.9208914342 0.8588973494 0.8865841579 0.9121686280 0.9554559425 0.2673418232 0.8046102799 0.3454131321 0.7266118283 0.4964060284
 0.0173204332 0.0252165946 0.0212905387 0.0668716439 0.3351997311 0.0285957045 0.3347035982 0.0045855890 0.0638100664 0.1373432793 0.0164618617 0.1867719933 0.2542699063 0.0742455210 0.2094534617 0.0339377280 0.6286596883 0.0502833912 0.5000000000 0.6878035907 0.8725120368 0.8286977916 0.5407064122 0.8758605158 0.5764716800 0.9208332400 0.9839919896 0.5099198186 0.9402800455 0.6655299066 0.8721179904 0.3945603030 0.5257788668 0.9971045570 0.4769204542 0.9161624648 0.4682464639 0.9489949381 0.9986631296 0.9159852639
 0.0947445322 0.0088645809 0.5614189677 0.0815092737 0.3085056487 0.1214486207 0.5131848954 0.4256150831 0.0584821281 0.2161784546 0.1787545613 0.0541347300 0.6966382386 0.2432400857 0.0464322230 0.0172121096 0.2196856413 0.2660859981 0.3121964093 0.5000000000 0.5092629983 0.8924475920 0.9170820053 0.8735707208 0.9809102902 0.9749359725 0.8957959792 0.5440307064 0.7154458735 0.9900542112 0.8924639658 0.8404565509 0.8280331006 0.7752714603 0.4191300725 0.9654078112 0.9616216509 0.5213182073 0.8856811839 0.7462433531
 0.3396718479 0.1531108413 0.2307734556 0.0335111629 0.4396294883 0.1582811620 0.5213895591 0.0503731485 0.1876312931 0.6026423306 0.3030383516 0.0655332513 0.4719785893 0.1732325382 0.3479605530 0.1213485321 0.6081525689 0.1859919573 0.1274879632 0.4907370017 0.5000000000 0.6493593734 0.6497159285 0.8140221106 0.8555046621 0.2162409744 0.9365635592 0.9656966779 0.7388701702 0.8403706070 0.9042341137 0.5171460487 0.9441655000 0.9397472796 0.3447063737 0.5072807136 0.6344194455 0.7813477469 0.8998048041 0.9027221524
 0.1749614742 0.1101838445 0.1760154442 0.1041657776 0.0683207054 0.6937179456 0.1926867538 0.5916421169 0.5274797402 0.2362143822 0.2842736683 0.5458841839 0.2399828412 0.1325181219 0.2456831331 0.4910657331 0.3719484754 0.3599065713 0.1713022084 0.1075524080 0.3506406266 0.5000000000 0.6147416827 0.9401445797 0.6747836099 0.9912996680 0.9133864105 0.4383456169 0.5947604513 0.6600501768 0.9625390315 0.1486340595 0.9531230897 0.7245770696 0.9712110960 0.6372659738 0.8987645365 0.8163829960 0.8504099624 0.9887240292
 0.2514267680 0.2019339632 0.1911253739 0.6595216545 0.3086304594 0.2881023805 0.0871997903 0.3755757995 0.3518014341 0.3016015418 0.3556128557 0.3883802107 0.4980072331 0.3379377851 0.1777199886 0.1197559006 0.2763343358 0.3658575556 0.4592935878 0.0829179947 0.3502840715 0.3852583173 0.5000000000 0.4389254604 0.4829982282 0.7875042916 0.6633010050 0.9926050824 0.8674181422 0.6898403430 0.4239777885 0.9844110873 0.8358404703 0.6987205708 0.9992058105 0.9641959427 0.6898255578 0.5423423750 0.7812517092 0.8153949080
 0.1784405944 0.0690559062 0.2279641147 0.4834665187 0.2711133515 0.0126918881 0.4830910188 0.5162090401 0.2786435160 0.1131595825 0.2297494667 0.1586432076 0.2263008504 0.0680888450 0.3161944616 0.2178875515 0.3637535295 0.1364776414 0.1241394842 0.1264292792 0.1859778894 0.0598554203 0.5610745396 0.5000000000 0.8981596038 0.8625578283 0.9084840578 0.7532408808 0.9087517710 0.6170351986 0.5945838321 0.1588353326 0.2471796625 0.6227611017 0.9719118309 0.4342973286 0.3809858443 0.2843185461 0.5602034799 0.6121348437
 0.1718827761 0.3865102283 0.0295365764 0.2704315641 0.5536703047 0.4564211202 0.7061083589 0.2383426243 0.2217013934 0.0576613365 0.0043788680 0.1171987158 0.0069698704 0.3735310575 0.0057644818 0.0889699332 0.1380160945 0.1708246183 0.4235283200 0.0190897098 0.1444953379 0.3252163901 0.5170017718 0.1018403962 0.5000000000 0.9708728739 0.2656968233 0.8266887756 0.6149206586 0.6879887441 0.7839397330 0.8239927636 0.5487362355 0.3706974086 0.7269826383 0.9244956683 0.5584186313 0.7941079297 0.9412786923 0.6179195049
 0.3356676631 0.3283737200 0.3174483956 0.1362725290 0.0911877957 0.0537243416 0.4741522995 0.1567812227 0.2111921116 0.4325585934 0.6115789388 0.0411573617 0.6483402250 0.2903685047 0.4436408321 0.6315158461 0.2917566230 0.3736186007 0.0791667600 0.0250640275 0.7837590256 0.0087003320 0.2124957084 0.1374421717 0.0291271261 0.5000000000 0.7904301733 0.8846505739 0.9079414759 0.4996409614 0.9210241559 0.9049389393 0.9510776799 0.8678505941 0.4146461567 0.8035262457 0.6591116599 0.6114796704 0.9561325160 0.9058881580
 0.2547557131 0.5163985051 0.0930000283 0.2905104542 0.0856023682 0.0597929336 0.3547178278 0.5135894775 0.0015618655 0.4698457482 0.3799096239 0.1978773564 0.6132681231 0.1526825214 0.5871109566 0.1644835538 0.1245201936 0.1636217739 0.0160080104 0.1042040208 0.0634364408 0.0866135895 0.3366989950 0.0915159422 0.7343031767 0.2095698267 0.5000000000 0.8226274223 0.9317510984 0.8208244833 0.9614965247 0.2863872855 0.8520374735 0.9756085705 0.5370318065 0.7310894346 0.7160984024 0.7381560307 0.9496282920 0.9162380553
 0.1785612640 0.2289668380 0.1968385066 0.3406480398 0.2064479796 0.3431111333 0.0310551907 0.2942066529 0.7925144235 0.0806671694 0.2123881373 0.3061993692 0.1999509143 0.0486213413 0.0569547408 0.0635257285 0.0052465005 0.1402380510 0.4900801814 0.4559692936 0.0343033221 0.5616543831 0.0073949176 0.2467591192 0.1733112244 0.1153494261 0.1773725777 0.5000000000 0.9492659447 0.9900051777 0.8168627945 0.9394165856 0.9718704670 0.9822195717 0.9810888220 0.6720379003 0.9729420037 0.5725998896 0.5487138564 0.8830134911
 0.2628251190 0.2790576087 0.1890153610 0.2636484564 0.0359973524 0.3504033728 0.1853906333 0.1129208432 0.6699942774 0.2899245183 0.2497276562 0.0200732224 0.3884172589 0.1578551967 0.0745120263 0.1219880486 0.1857750558 0.3122958670 0.0597199545 0.2845541265 0.2611298298 0.4052395487 0.1325818578 0.0912482290 0.3850793414 0.0920585241 0.0682489016 0.0507340553 0.5000000000 0.9753912911 0.2645816486 0.8468176065 0.6942558975 0.7841874348 0.5829926762 0.5199064550 0.7790902358 0.9474277025 0.7642989014 0.5715388630
 0.2386685863 0.0627726495 0.1179792422 0.1474787140 0.0888693558 0.2211027368 0.0387956869 0.2767910303 0.2608837164 0.0284230891 0.4392243741 0.1047020960 0.4604246451 0.2825138397 0.1712462975 0.1397467828 0.0878378670 0.3326496737 0.3344700934 0.0099457888 0.1596293930 0.3399498232 0.3101596570 0.3829648014 0.3120112559 0.5003590386 0.1791755167 0.0099948223 0.0246087089 0.5000000000 0.8287655113 0.9834384245 0.9398472115 0.8064186451 0.6314222610 0.8072450245 0.7813892378 0.4308299392 0.7314736752 0.9090061064
 0.1561167569 0.0561856369 0.6496660655 0.0052808816 0.2187027880 0.2880379573 0.4339406976 0.2212689607 0.0703416066 0.0076379434 0.5330870905 0.0490112531 0.2497944913 0.2412395665 0.0162859082 0.5998124895 0.0053586333 0.0791085658 0.1278820096 0.1075360342 0.0957658863 0.0374609685 0.5760222115 0.4054161679 0.2160602670 0.0789758441 0.0385034753 0.1831372055 0.7354183514 0.1712344887 0.5000000000 0.5442944385 0.8682300869 0.9811396825 0.9973362546 0.9079308554 0.8491498158 0.9326477424 0.5105415680 0.7842975181
 0.6653673991 0.0198371547 0.2751975244 0.0131261350 0.2836111040 0.2967011025 0.0568690180 0.1050499501 0.0006651424 0.4560407166 0.4948786134 0.1807477043 0.3095250766 0.1341974457 0.2185924556 0.1841788119 0.3347705360 0.1411026506 0.6054396970 0.1595434491 0.4828539513 0.8513659405 0.0155889127 0.8411646674 0.1760072364 0.0950610607 0.7136127145 0.0605834144 0.1531823935 0.0165615755 0.4557055615 0.5000000000 0.9789467905 0.7262525636 0.5948934343 0.9526868365 0.3120875326 0.7224538554 0.8940146719 0.9111404922
 0.3022892514 0.4088347911 0.6885288469 0.4868746395 0.5365286042 0.1006715903 0.0800964941 0.0462048295 0.1092057345 0.0895861052 0.6577629644 0.5928343910 0.0436436480 0.2869236275 0.4872522427 0.0360523766 0.5957841184 0.1134158421 0.4742211332 0.1719668994 0.0558345000 0.0468769103 0.1641595297 0.7528203375 0.4512637645 0.0489223201 0.1479625265 0.0281295330 0.3057441025 0.0601527885 0.1317699131 0.0210532095 0.5000000000 0.4807246421 0.2381771978 0.7983536573 0.9803980828 0.9970011795 0.8503900916 0.9704135235
 0.3587154510 0.1356616934 0.4691994432 0.3530720392 0.0476024704 0.2270492605 0.1469814720 0.3817550086 0.0786174560 0.2678124352 0.0686772768 0.0408765541 0.5560536563 0.4763743438 0.1916229613 0.0525994070 0.1738007751 0.0878313720 0.0028954430 0.2247285397 0.0602527204 0.2754229304 0.3012794292 0.3772388983 0.6293025914 0.1321494059 0.0243914295 0.0177804283 0.2158125652 0.1935813549 0.0188603175 0.2737474364 0.5192753579 0.5000000000 0.8586472017 0.5210967954 0.9341394174 0.9884070348 0.6889628921 0.8719187965
 0.1889550622 0.7240310739 0.0111786432 0.1166344022 0.0471369872 0.2577920487 0.0758873741 0.3090643049 0.5423268743 0.3738632910 0.0546261839 0.1853032751 0.0368215971 0.2573799576 0.1257630196 0.0066560526 0.1116459037 0.0445440575 0.5230795458 0.5808699275 0.6552936263 0.0287889040 0.0007941895 0.0280881691 0.2730173617 0.5853538433 0.4629681935 0.0189111780 0.4170073238 0.3685777390 0.0026637454 0.4051065657 0.7618228022 0.1413527983 0.5000000000 0.7160658357 0.1782898347 0.9259829237 0.9589444333 0.8261309710
 0.0748519779 0.4865083771 0.3457072506 0.3088963292 0.0839431115 0.2342762714 0.1449625265 0.1349749025 0.1136550358 0.2526442928 0.0739619849 0.0598638768 0.7419596495 0.1410040641 0.2816487137 0.0444854515 0.0545321517 0.7326581768 0.0838375352 0.0345921888 0.4927192864 0.3627340262 0.0358040573 0.5657026714 0.0755043317 0.1964737543 0.2689105654 0.3279620997 0.4800935450 0.1927549755 0.0920691446 0.0473131635 0.2016463427 0.4789032046 0.2839341643 0.5000000000 0.9903021948 0.9195458575 0.8505886109 0.3907044699
 0.0231111273 0.0022029928 0.0240808461 0.5065170560 0.0740660131 0.1009103663 0.0794737019 0.1204054095 0.4224937865 0.3510105525 0.5187855086 0.5696436769 0.2920947025 0.2871113358 0.0792162172 0.4469507388 0.2862880655 0.1953897201 0.5317535361 0.0383783491 0.3655805545 0.1012354635 0.3101744422 0.6190141557 0.4415813687 0.3408883401 0.2839015976 0.0270579963 0.2209097642 0.2186107622 0.1508501842 0.6879124674 0.0196019172 0.0658605826 0.8217101653 0.0096978052 0.5000000000 0.8762267112 0.7541941235 0.4945607526
 0.2128903913 0.0916345937 0.0207586646 0.2268213202 0.0420908449 0.0389729300 0.2530056491 0.4558179451 0.1297536099 0.2038099969 0.1830597822 0.1987508858 0.2656591578 0.1165520932 0.0406217708 0.6249996859 0.3583884322 0.6545868679 0.0510050619 0.4786817927 0.2186522531 0.1836170040 0.4576576250 0.7156814539 0.2058920703 0.3885203296 0.2618439693 0.4274001104 0.0525722975 0.5691700608 0.0673522576 0.2775461446 0.0029988205 0.0115929652 0.0740170763 0.0804541425 0.1237732888 0.5000000000 0.7140371567 0.4108537878
 0.4924369951 0.0518842623 0.0831645032 0.7167386141 0.0517373812 0.0146735032 0.1864370345 0.3280831574 0.6575871581 0.1833896887 0.0006748560 0.3830741377 0.6730351958 0.0603710935 0.0175324855 0.2514001109 0.1310636292 0.2733881717 0.0013368704 0.1143188161 0.1001951959 0.1495900376 0.2187482908 0.4397965201 0.0587213077 0.0438674840 0.0503717080 0.4512861436 0.2357010986 0.2685263248 0.4894584320 0.1059853281 0.1496099084 0.3110371079 0.0410555667 0.1494113891 0.2458058765 0.2859628433 0.5000000000 0.9359362924
 0.6336765770 0.3963233940 0.4521918549 0.5750666304 0.5555829728 0.2666273087 0.1129825486 0.1476336790 0.0205378179 0.0183076148 0.1828641088 0.0322332498 0.3288417334 0.2869325135 0.1379853783 0.0928720363 0.1501159265 0.5035939716 0.0840147361 0.2537566469 0.0972778476 0.0112759708 0.1846050920 0.3878651563 0.3820804951 0.0941118420 0.0837619447 0.1169865089 0.4284611370 0.0909938936 0.2157024819 0.0888595078 0.0295864765 0.1280812035 0.1738690290 0.6092955301 0.5054392474 0.5891462122 0.0640637076 0.5000000000
]
