n: 60

c:
[
 0.5000000000 0.8527642296 0.4416758636 0.9695743431 0.7292837442 0.4858202590 0.9828580793 0.9847550739 0.9334328331 0.9668884110 0.6666050242 0.8121341093 0.7923770978 0.8803749299 0.9509930591 0.3742006734 0.9177127436 0.9790878849 0.7477766997 0.7398432594 0.8178238501 0.9186124299 0.7194652864 0.8141575538 0.7934133146 0.5856878320 0.4625359924 0.9369271040 0.8289005652 0.9726533994 0.5383498798 0.9436515776 0.5178056077 0.9569357148 0.9420792505 0.8901867549 0.8750659223 0.7811386441 0.9880029894 0.9906969688 0.8832533451 0.6290249517 0.8237218269 0.9199340432 0.5606612720 0.8820079385 0.7586981946 0.8448791080 0.5890960507 0.8273492921 0.4415405474 0.6928676898 0.3141800670 0.4848218799 0.4756704286 0.9224884811 0.9926920590 0.5438452933 0.9770217282 0.1488137978
 0.1472357704 0.5000000000 0.9558692944 0.9612296060 0.7169499639 0.3058327951 0.8481453064 0.6781889042 0.8634852352 0.7263516002 0.9512682370 0.8291585523 0.8144791108 0.8361999227 0.7350650057 0.9257274624 0.7375073496 0.8069021575 0.9430367747 0.8830168293 0.3620796771 0.1170204628 0.9689230913 0.8811266426 0.7141372287 0.5892419663 0.8378607512 0.6868937541 0.3449737175 0.7870335962 0.7017744502 0.8596893642 0.7521666230 0.5292814716 0.9405155833 0.9970239650 0.5221183630 0.8056508307 0.4694159076 0.9411187952 0.7235127637 0.2672433594 0.9396466803 0.7269149198 0.8609767138 0.9751085380 0.6557583432 0.7844269231 0.9821955615 0.4221976086 0.7400061849 0.9902780400 0.7158571828 0.6069819093 0.9797702585 0.7855716244 0.5662868990 0.6790131243 0.6392183936 0.8959655425
 0.5583241364 0.0441307056 0.5000000000 0.4447886854 0.9729171640 0.6322943610 0.4417117240 0.9532813832 0.7075164411 0.7304041829 0.5712359875 0.8626687507 0.9084869144 0.8530679028 0.2572482314 0.8951045174 0.5209255464 0.8797867613 0.7648080554 0.8935933884 0.4541914677 0.8187467322 0.4851922051 0.8976821620 0.6932814405 0.6497154974 0.9140227869 0.9814561569 0.4328951227 0.7767245290 0.9446738647 0.8302760254 0.9993663471 0.6398003613 0.7169878774 0.4588364688 0.4820706132 0.3113405723 0.9299964876 0.9915898643 0.7447073964 0.7320715338 0.5128627150 0.9072667484 0.3065271658 0.7172751402 0.3270977146 0.9474564595 0.6799684860 0.4790630356 0.6444177163 0.4989893648 0.9147549282 0.8830284791 0.8718645989 0.6026816251 0.4073570008 0.7079165338 0.8527196758 0.5730096073
 0.0304256569 0.0387703940 0.5552113146 0.5000000000 0.9223985491 0.8807988303 0.6102941593 0.8520243899 0.9806121717 0.8500868699 0.8504574950 0.2313696206 0.7388274736 0.9665278158 0.5688907912 0.9986522084 0.6746955385 0.9490044118 0.9440475285 0.6196496687 0.3342568847 0.8469705656 0.9864553572 0.8657786348 0.3234639579 0.4558976443 0.9731843617 0.9669110564 0.9911666534 0.8655852833 0.6426689701 0.3260214432 0.4635375095 0.3803274750 0.6902816822 0.8467228524 0.7919727494 0.6757475360 0.7301979215 0.8851399291 0.8447944602 0.5180455640 0.8204171320 0.7708325436 0.6811330904 0.8395771026 0.5348506779 0.8921743843 0.4661370521 0.6371599566 0.9115475472 0.7340775706 0.9328368279 0.9768125317 0.8537199881 0.9971680929 0.9897212354 0.9299307016 0.5737705311 0.9564738113
 0.2707162558 0.2830500361 0.0270828360 0.0776014509 0.5000000000 0.9575389486 0.6175135163 0.7920391435 0.7414971976 0.9579975842 0.9775406504 0.6251279433 0.8702245798 0.5493055221 0.6530814367 0.8003764992 0.7865510827 0.8391143260 0.9372147314 0.6375224355 0.8363945932 0.7265923784 0.5577997291 0.4771091867 0.6732930189 0.8731043802 0.8258689769 0.4091048577 0.9530861431 0.9950527267 0.8668595612 0.8984136817 0.8929330129 0.5913705875 0.6538489435 0.6266046518 0.6777412172 0.4261224634 0.9677426887 0.5104812587 0.4739920122 0.8208062299 0.3466192622 0.7555840641 0.8841543950 0.9548365233 0.3461054149 0.8709566302 0.8788724984 0.8488154854 0.7602877463 0.6872779752 0.4524704704 0.8959227454 0.7370654214 0.9786758142 0.9525184395 0.7453627058 0.7878276281 0.8327457146
 0.5141797410 0.6941672049 0.3677056390 0.1192011697 0.0424610514 0.5000000000 0.9279861971 0.9254279234 0.9494033814 0.3504138631 0.4131178985 0.3934218736 0.9329453340 0.8233977325 0.8477825106 0.6968666585 0.6024589256 0.3024214686 0.4183067643 0.6074149455 0.7660908519 0.2881182051 0.7758568069 0.9648527618 0.8490437131 0.4352344825 0.4608136237 0.2690410470 0.9660861057 0.7592989635 0.9230884412 0.5393727978 0.7314598883 0.7229542379 0.9883134872 0.7674932592 0.9694734583 0.1484843062 0.6323331011 0.8367284999 0.3046682267 0.6226137235 0.6040308247 0.6208511364 0.4448345847 0.8079038836 0.9700160758 0.6338118320 0.8111402496 0.6262754013 0.5600577330 0.9599665184 0.7099803500 0.5009803018 0.8774606944 0.8680511287 0.2695548583 0.9760151562 0.7849775285 0.8977009069
 0.0171419207 0.1518546936 0.5582882760 0.3897058407 0.3824864837 0.0720138029 0.5000000000 0.9119703075 0.9389644600 0.8716084843 0.5855362247 0.9175037876 0.7554686598 0.9557363642 0.7135328081 0.9352206699 0.9238105747 0.9255589957 0.9745870335 0.8241934924 0.8186289482 0.9965850232 0.8923790636 0.6203790613 0.6978649472 0.9776703287 0.9902622645 0.5706756413 0.6490562868 0.2763344314 0.9924446238 0.9507313234 0.8289678861 0.9996583314 0.6979631531 0.9737914119 0.7111165661 0.6269742207 0.7073763908 0.7735673171 0.7140198363 0.7598535537 0.9928208897 0.8684897527 0.6907882189 0.7798895068 0.9560512573 0.9610468385 0.9639573125 0.9067702351 0.3865046196 0.3697828530 0.5688557830 0.9995885443 0.8377855215 0.7856287640 0.7360011037 0.9898915427 0.9319008400 0.6784806864
 0.0152449261 0.3218110958 0.0467186168 0.1479756101 0.2079608565 0.0745720766 0.0880296925 0.5000000000 0.6791656859 0.8643184209 0.5285616790 0.8396037953 0.6456375320 0.9138675567 0.7291081034 0.2728270071 0.7267715715 0.8159078585 0.4633747271 0.8786737234 0.4859501161 0.9649412644 0.7361701305 0.8014955518 0.5634865618 0.7457600219 0.9856062567 0.7007398257 0.3928078578 0.7362728582 0.9085857570 0.9956474775 0.9126076342 0.8794817552 0.5074990242 0.7287740487 0.8474865796 0.5013920158 0.6215801287 0.9701182589 0.6603619547 0.8992820701 0.8031595546 0.5331706586 0.6688374513 0.8854788023 0.9609008363 0.7872851652 0.8997613263 0.6787664483 0.8872039672 0.9925968608 0.6697184277 0.6519365780 0.5827850241 0.1284821237 0.6354708594 0.7082533309 0.6483546015 0.1523711760
 0.0665671669 0.1365147648 0.2924835589 0.0193878283 0.2585028024 0.0505966186 0.0610355400 0.3208343141 0.5000000000 0.9716357416 0.4915773994 0.9465339836 0.6385045695 0.7669121199 0.2391866013 0.9624928692 0.2148002420 0.8657700139 0.7291123339 0.4555828374 0.4937857012 0.7212798254 0.6749554408 0.9732251090 0.9713792355 0.5440172861 0.1998716920 0.5239813895 0.7773419870 0.9393528067 0.7220469203 0.4033339813 0.9344271878 0.5572183772 0.9925210068 0.7507585435 0.9097842425 0.4645285486 0.8778663202 0.9444859744 0.5082079915 0.8296126468 0.9452511219 0.1878285923 0.1546988115 0.7083999986 0.1773335834 0.3276817816 0.6460679149 0.7029179504 0.6690787190 0.9761256526 0.3248592972 0.9014136681 0.7702761566 0.5122352286 0.6678198942 0.5028227686 0.4629228488 0.4631651528
 0.0331115890 0.2736483998 0.2695958171 0.1499131301 0.0420024158 0.6495861369 0.1283915157 0.1356815791 0.0283642584 0.5000000000 0.4101090618 0.8835863344 0.9138027258 0.9344750350 0.7625146226 0.8118185235 0.5656174303 0.9309831960 0.7062832334 0.8102178917 0.8774766597 0.6032662451 0.9492922048 0.8623811328 0.8160377338 0.9065623008 0.6772980323 0.4442983473 0.5993393614 0.6465822954 0.6434632579 0.9348747999 0.4484603012 0.4877680372 0.9745418453 0.9288339473 0.4865396024 0.6877607164 0.4052298917 0.9729909133 0.9359362831 0.9318270538 0.6844189300 0.4921543351 0.6542550480 0.9748043288 0.8837622383 0.5484508762 0.9716346738 0.9587565978 0.7234106664 0.6542179203 0.6281180030 0.6431922271 0.8647151142 0.9607762332 0.8455602671 0.6092589309 0.7449157486 0.8645581784
 0.3333949758 0.0487317630 0.4287640125 0.1495425050 0.0224593496 0.5868821015 0.4144637753 0.4714383210 0.5084226006 0.5898909382 0.5000000000 0.9507636459 0.8711341459 0.8474606638 0.4637781906 0.5038268200 0.5391542866 0.6528815436 0.9804365609 0.6081098396 0.7290169505 0.8088411032 0.5852192178 0.9617866636 0.7749894917 0.9476751997 0.9430233486 0.4772314478 0.6296166837 0.6657664045 0.8160718849 0.8133072725 0.2872741677 0.7841594749 0.8911743174 0.8147782277 0.4626305831 0.7154828528 0.7491855663 0.2446656924 0.4452305421 0.9302717993 0.9860953379 0.6922915549 0.9524352916 0.6610013797 0.9487069267 0.5694761923 0.3055941877 0.4818059360 0.7835946905 0.7579417518 0.6587776807 0.9775613485 0.6531157127 0.8205083977 0.6016913728 0.4365443223 0.8934970536 0.6503576863
 0.1878658907 0.1708414477 0.1373312493 0.7686303794 0.3748720567 0.6065781264 0.0824962124 0.1603962047 0.0534660164 0.1164136656 0.0492363541 0.5000000000 0.5458741912 0.7246368971 0.9695281650 0.8130165426 0.9716853460 0.8610713445 0.9379910066 0.6653449611 0.8934736492 0.4702246373 0.5675401375 0.8484303852 0.8711741521 0.5268512514 0.5810973766 0.6690385145 0.9187701448 0.8387436663 0.6954055617 0.9701791570 0.6909111622 0.3314460956 0.9361332244 0.8434843159 0.8329722209 0.9528937107 0.9308423252 0.8758998642 0.4840381601 0.7910652313 0.6094619642 0.7957060949 0.7880384321 0.8235086204 0.9726288768 0.9474029528 0.9625028304 0.9905424543 0.8171614658 0.9935483277 0.6393184672 0.8618053927 0.6481876767 0.8844281187 0.7265184479 0.8025822331 0.7715541213 0.3572785981
 0.2076229022 0.1855208892 0.0915130856 0.2611725264 0.1297754202 0.0670546660 0.2445313402 0.3543624680 0.3614954305 0.0861972742 0.1288658541 0.4541258088 0.5000000000 0.9612162997 0.9449614212 0.7785923152 0.5904099151 0.9621707523 0.6637987332 0.7512051190 0.8868491107 0.9622394073 0.8983593088 0.7422250166 0.8746186299 0.4679405584 0.4166296357 0.4784119830 0.9549479347 0.8949150488 0.3985054423 0.9138041434 0.8729747403 0.7559333770 0.8021840682 0.9087646404 0.8833225483 0.8404912219 0.9384738252 0.9883358673 0.8063163178 0.6155751012 0.5160159453 0.7232083250 0.9785599452 0.8294992157 0.9282826262 0.6505340157 0.5201922533 0.8200011886 0.4691135020 0.8248642293 0.5616819236 0.9375535218 0.8591887384 0.6061615323 0.6734966240 0.7892212524 0.6678679963 0.8596191488
 0.1196250701 0.1638000773 0.1469320972 0.0334721842 0.4506944779 0.1766022675 0.0442636358 0.0861324433 0.2330878801 0.0655249650 0.1525393362 0.2753631029 0.0387837003 0.5000000000 0.7841183643 0.4422219143 0.8084003095 0.5019433045 0.5432671324 0.1923784517 0.9018360937 0.7319833765 0.7732152961 0.8774709859 0.5448945267 0.9479964767 0.6828820037 0.6578712655 0.7859861439 0.8018945325 0.9941950024 0.9471515521 0.9681421041 0.3319535150 0.8143404543 0.2609811901 0.8986077752 0.4407369587 0.9186540479 0.9683337462 0.8242522196 0.9245024240 0.7908350939 0.4639987591 0.9326928456 0.4799055179 0.8732361828 0.6390425427 0.5124783683 0.7458332207 0.9237748753 0.9990789290 0.9137303852 0.6376061912 0.4896269962 0.3654133605 0.4702195524 0.9936944847 0.7103794847 0.5018167605
 0.0490069409 0.2649349943 0.7427517686 0.4311092088 0.3469185633 0.1522174894 0.2864671919 0.2708918966 0.7608133987 0.2374853774 0.5362218094 0.0304718350 0.0550385788 0.2158816357 0.5000000000 0.7612706796 0.5757064552 0.9868069021 0.6782399506 0.8993743307 0.5087834339 0.7637838216 0.3720903609 0.4004045237 0.6959426152 0.6845384691 0.8886127086 0.7439076787 0.9932047703 0.7475851160 0.8212501451 0.7039632713 0.5522704143 0.9651158384 0.8236116409 0.8475664581 0.6333470453 0.9156176850 0.9792071651 0.9099599988 0.8813396111 0.8817375285 0.8295944722 0.4216056045 0.8790521881 0.8370486894 0.4769109919 0.8773773913 0.8868405160 0.8451459531 0.7068770815 0.9461157711 0.7372311724 0.8145715153 0.9694638609 0.5952994432 0.6286040511 0.9163266718 0.8490906553 0.6140732244
 0.6257993266 0.0742725376 0.1048954826 0.0013477916 0.1996235008 0.3031333415 0.0647793301 0.7271729929 0.0375071308 0.1881814765 0.4961731800 0.1869834574 0.2214076848 0.5577780857 0.2387293204 0.5000000000 0.6059240478 0.7022116468 0.7520615941 0.6460896368 0.2924660328 0.5304374997 0.9676014917 0.9596608396 0.9871088659 0.7413144426 0.9915823510 0.7007916205 0.7677282349 0.3048744862 0.9060694389 0.3210750981 0.9453648804 0.9636203327 0.9886613920 0.7165869625 0.7901677569 0.6679874478 0.9653757596 0.9484878037 0.9751632728 0.3695194150 0.9512231202 0.5253280518 0.9711247768 0.9161122707 0.8425283244 0.8307095796 0.4003953333 0.8696385088 0.8312710492 0.4961770044 0.5163701418 0.9351005826 0.8382755299 0.6372376322 0.9579647425 0.9638752879 0.8594625176 0.9109424411
 0.0822872564 0.2624926504 0.4790744536 0.3253044615 0.2134489173 0.3975410744 0.0761894253 0.2732284285 0.7851997580 0.4343825697 0.4608457134 0.0283146540 0.4095900849 0.1915996905 0.4242935448 0.3940759522 0.5000000000 0.2964515331 0.9247180021 0.4025364332 0.9484569940 0.9967355355 0.9632902366 0.6379720464 0.7962174581 0.9973004791 0.6722211380 0.9812601726 0.7109456825 0.6866710624 0.7009141435 0.8285080118 0.6495400512 0.4052863178 0.9163137889 0.4162622578 0.8897216442 0.9710511674 0.2653156820 0.3230669196 0.7247992911 0.7724716245 0.9313319485 0.9935929537 0.8951211370 0.8684878852 0.6014110092 0.9578903713 0.5087280135 0.8811031241 0.2979342046 0.8142227267 0.9693409199 0.9776145021 0.9281766503 0.6313273699 0.3438172765 0.9898611030 0.9532896118 0.8656928617
 0.0209121151 0.1930978425 0.1202132387 0.0509955882 0.1608856740 0.6975785314 0.0744410043 0.1840921415 0.1342299861 0.0690168040 0.3471184564 0.1389286555 0.0378292477 0.4980566955 0.0131930979 0.2977883532 0.7035484669 0.5000000000 0.6541348565 0.9267564500 0.1833889847 0.9801680014 0.9672015758 0.8453607091 0.3152201552 0.9170346705 0.8946929320 0.6816948354 0.8019863609 0.6821865488 0.4371360325 0.9583464611 0.9270518354 0.7229472369 0.9877441440 0.9981715069 0.7528870214 0.7073569792 0.6273527736 0.8316773652 0.5100120649 0.8475396673 0.9294410447 0.8168283102 0.2533277145 0.5856008831 0.8958921428 0.6797528218 0.7991539606 0.3868547946 0.6278788037 0.9487433700 0.5147109356 0.7933964013 0.9665562099 0.4301328569 0.6647995012 0.7291673164 0.5794135785 0.5335128298
 0.2522233003 0.0569632253 0.2351919446 0.0559524715 0.0627852686 0.5816932357 0.0254129665 0.5366252729 0.2708876661 0.2937167666 0.0195634391 0.0620089934 0.3362012668 0.4567328676 0.3217600494 0.2479384059 0.0752819979 0.3458651435 0.5000000000 0.9536744232 0.8405794119 0.4374906365 0.5260987949 0.6465375862 0.9343130055 0.5296032720 0.9927482777 0.5652015810 0.4210169659 0.8653512484 0.6480950090 0.5193901820 0.6949138802 0.8895243280 0.7365309332 0.2761259188 0.7202425131 0.5090319831 0.8857875019 0.7237187490 0.7008887028 0.9861136381 0.7443120828 0.7882373640 0.9956740087 0.6818312463 0.5839017563 0.4054403309 0.8493434672 0.6929072073 0.9620272617 0.8379630914 0.9566058872 0.7863355456 0.9239772219 0.9303995301 0.7895160721 0.5300236286 0.2920111805 0.9009338919
 0.2601567406 0.1169831707 0.1064066116 0.3803503313 0.3624775645 0.3925850545 0.1758065076 0.1213262766 0.5444171626 0.1897821083 0.3918901604 0.3346550389 0.2487948810 0.8076215483 0.1006256693 0.3539103632 0.5974635668 0.0732435500 0.0463255768 0.5000000000 0.7668416902 0.2928047405 0.9331579095 0.9760050569 0.9935627377 0.7296756473 0.9893942649 0.9268999148 0.9046661850 0.9348567650 0.9696035407 0.5408883357 0.9407667538 0.5200207693 0.4297955491 0.6387012961 0.5379237833 0.6834359172 0.6410759949 0.9966084143 0.9033293001 0.9377427592 0.7912935226 0.6771627240 0.9206189893 0.8774897528 0.6738355831 0.9471692286 0.5050290012 0.8664383733 0.9145777923 0.5717247676 0.8453396013 0.9536673208 0.8373447132 0.8688978559 0.8214316412 0.9572874832 0.6108214528 0.3629377155
 0.1821761499 0.6379203229 0.5458085323 0.6657431153 0.1636054068 0.2339091481 0.1813710518 0.5140498839 0.5062142988 0.1225233403 0.2709830495 0.1065263508 0.1131508893 0.0981639063 0.4912165661 0.7075339672 0.0515430060 0.8166110153 0.1594205881 0.2331583098 0.5000000000 0.8928099378 0.6967911846 0.2571267880 0.6319828801 0.4843215184 0.7937078210 0.8215672865 0.4735104500 0.9414970395 0.9820001587 0.6951852400 0.3837297248 0.9850812128 0.9960097224 0.9449438087 0.6157190129 0.5588933142 0.7363363889 0.5695465373 0.9225499221 0.7187450432 0.9272149414 0.7422226232 0.9864851363 0.6796326361 0.6788087218 0.9568842469 0.8700612414 0.6899880809 0.9107314365 0.6869934964 0.4490702084 0.8529130912 0.8053022107 0.8944977831 0.3870349216 0.9005512898 0.9699771167 0.8942133864
 0.0813875701 0.8829795372 0.1812532678 0.1530294344 0.2734076216 0.7118817949 0.0034149768 0.0350587356 0.2787201746 0.3967337549 0.1911588968 0.5297753627 0.0377605927 0.2680166235 0.2362161784 0.4695625003 0.0032644645 0.0198319986 0.5625093635 0.7071952595 0.1071900622 0.5000000000 0.7948053661 0.9447158026 0.5694113834 0.8929442235 0.5415915727 0.4582024241 0.8590051333 0.8448122217 0.7446692311 0.8199297803 0.4711821536 0.7649914045 0.5101544562 0.7090354847 0.7041018494 0.5041398244 0.4619072120 0.8974836939 0.7504724122 0.5890815354 0.7403098555 0.4871575159 0.8243093069 0.8658510504 0.6482738154 0.7000412423 0.6827657624 0.4452238686 0.9991436446 0.7770822944 0.5846640677 0.9724055835 0.7752868539 0.8560989297 0.9305477627 0.9958503113 0.9724092782 0.7778625843
 0.2805347136 0.0310769087 0.5148077949 0.0135446428 0.4422002709 0.2241431931 0.1076209364 0.2638298695 0.3250445592 0.0507077952 0.4147807822 0.4324598625 0.1016406912 0.2267847039 0.6279096391 0.0323985083 0.0367097634 0.0327984242 0.4739012051 0.0668420905 0.3032088154 0.2051946339 0.5000000000 0.9491238205 0.6368633521 0.7575091652 0.9347470932 0.8809935672 0.7417982376 0.9949924690 0.7003036745 0.9609410496 0.8143716106 0.9474690167 0.9137349874 0.9671844567 0.8909492681 0.8618957139 0.7468835219 0.7768290137 0.8898636562 0.9424387683 0.8684430089 0.5648316483 0.6378179286 0.9130460610 0.4852886578 0.9902955639 0.7157505905 0.6052539309 0.6118247274 0.3129213551 0.8790005306 0.8399017328 0.3847091781 0.5538828104 0.8167559224 0.9665091521 0.4685256377 0.8271229299
 0.1858424462 0.1188733574 0.1023178380 0.1342213652 0.5228908133 0.0351472382 0.3796209387 0.1985044482 0.0267748910 0.1376188672 0.0382133364 0.1515696148 0.2577749834 0.1225290141 0.5995954763 0.0403391604 0.3620279536 0.1546392909 0.3534624138 0.0239949431 0.7428732120 0.0552841974 0.0508761795 0.5000000000 0.5040638761 0.7526599514 0.5998123905 0.8573644611 0.6438834556 0.7047253281 0.4046219356 0.9269694769 0.6943248959 0.8024745976 0.9486703048 0.9578467795 0.9056550452 0.4482509869 0.9528722541 0.5225237544 0.6671465938 0.8937393137 0.6975728527 0.9872177738 0.8427562808 0.6881900482 0.8787028731 0.9769827274 0.5839315795 0.4050195930 0.9711464152 0.9969612819 0.5675750708 0.6904129876 0.9180347366 0.9574555490 0.9983638342 0.2249418612 0.9726280176 0.4933269992
 0.2065866854 0.2858627713 0.3067185595 0.6765360421 0.3267069811 0.1509562869 0.3021350528 0.4365134382 0.0286207645 0.1839622662 0.2250105083 0.1288258479 0.1253813701 0.4551054733 0.3040573848 0.0128911341 0.2037825419 0.6847798448 0.0656869945 0.0064372623 0.3680171199 0.4305886166 0.3631366479 0.4959361239 0.5000000000 0.9885732373 0.7673456651 0.9472080793 0.5243597905 0.7826462171 0.8812168256 0.4801202446 0.9743514734 0.9228584190 0.3269487730 0.9013363278 0.4024807446 0.8515982874 0.6530914904 0.5775934778 0.6933170178 0.3300460863 0.8666751332 0.8856466854 0.5351944860 0.8006152469 0.5863008082 0.9105914278 0.9495397781 0.9392568744 0.9215059834 0.7412158787 0.5294947458 0.3297213662 0.5808280587 0.9380867463 0.8638911188 0.6881274933 0.8200371710 0.8385193645
 0.4143121680 0.4107580337 0.3502845026 0.5441023557 0.1268956198 0.5647655175 0.0223296713 0.2542399781 0.4559827139 0.0934376992 0.0523248003 0.4731487486 0.5320594416 0.0520035233 0.3154615309 0.2586855574 0.0026995209 0.0829653295 0.4703967280 0.2703243527 0.5156784816 0.1070557765 0.2424908348 0.2473400486 0.0114267627 0.5000000000 0.8281332988 0.3930884605 0.8364580619 0.7607559738 0.5864292407 0.6930489480 0.7520638516 0.9880019370 0.9778742995 0.7168685483 0.9378565286 0.7211863893 0.8905296048 0.7911009103 0.7675939841 0.8579917001 0.9942850612 0.5358273478 0.8590340119 0.4410958115 0.7800998769 0.8300402059 0.6004106337 0.8416381534 0.6350653158 0.8605418405 0.6818537573 0.8447131700 0.6034746782 0.5272649136 0.5129788470 0.8659023319 0.9881117531 0.9749695698
 0.5374640076 0.1621392488 0.0859772131 0.0268156383 0.1741310231 0.5391863763 0.0097377355 0.0143937433 0.8001283080 0.3227019677 0.0569766514 0.4189026234 0.5833703643 0.3171179963 0.1113872914 0.0084176490 0.3277788620 0.1053070680 0.0072517223 0.0106057351 0.2062921790 0.4584084273 0.0652529068 0.4001876095 0.2326543349 0.1718667012 0.5000000000 0.5219602300 0.7974540946 0.7317589570 0.9510614602 0.5038020992 0.9820437197 0.8618484509 0.9513591015 0.9880071836 0.7968665805 0.9781291445 0.9347910087 0.2575409203 0.9926523008 0.7153897177 0.9996623116 0.9135376488 0.9633455059 0.8180207696 0.7551217177 0.8919778927 0.9980407505 0.9238442852 0.4436721327 0.6892426640 0.7279548377 0.5679438518 0.9701047344 0.8081990123 0.9915343478 0.8873351640 0.6891504523 0.8802302354
 0.0630728960 0.3131062459 0.0185438431 0.0330889436 0.5908951423 0.7309589530 0.4293243587 0.2992601743 0.4760186105 0.5557016527 0.5227685522 0.3309614855 0.5215880170 0.3421287345 0.2560923213 0.2992083795 0.0187398274 0.3183051646 0.4347984190 0.0731000852 0.1784327135 0.5417975759 0.1190064328 0.1426355389 0.0527919207 0.6069115395 0.4780397700 0.5000000000 0.8427619829 0.7150072403 0.9563545956 0.6476520448 0.7488505578 0.7887496587 0.9117017197 0.9262900674 0.7792535199 0.9070024223 0.8248056591 0.8138967412 0.7894098683 0.9921947645 0.2533255667 0.9324755684 0.6746726029 0.5617854424 0.2590217842 0.6227212300 0.8058494406 0.7980213948 0.4864835741 0.6699378529 0.5198097010 0.7904577679 0.7865240971 0.7723306450 0.4445413370 0.9482639110 0.8398257222 0.7832012019
 0.1710994348 0.6550262825 0.5671048773 0.0088333466 0.0469138569 0.0339138943 0.3509437132 0.6071921422 0.2226580130 0.4006606386 0.3703833163 0.0812298552 0.0450520653 0.2140138561 0.0067952297 0.2322717651 0.2890543175 0.1980136391 0.5789830341 0.0953338150 0.5264895500 0.1409948667 0.2582017624 0.3561165444 0.4756402095 0.1635419381 0.2025459054 0.1572380171 0.5000000000 0.8150658028 0.9524275807 0.9956545470 0.8102843338 0.7612342545 0.6026546227 0.5590247008 0.8370742403 0.7323066627 0.7343148314 0.3255539664 0.9873229350 0.8847915486 0.6472210313 0.4007166719 0.9815688446 0.8345413888 0.8336927717 0.9639743863 0.7045399362 0.6396549592 0.6248974056 0.8899291143 0.3369130423 0.7661188784 0.6730155048 0.7261570471 0.6199357858 0.6136494754 0.7488779832 0.9961804634
 0.0273466006 0.2129664038 0.2232754710 0.1344147167 0.0049472733 0.2407010365 0.7236655686 0.2637271418 0.0606471933 0.3534177046 0.3342335955 0.1612563337 0.1050849512 0.1981054675 0.2524148840 0.6951255138 0.3133289376 0.3178134512 0.1346487516 0.0651432350 0.0585029605 0.1551877783 0.0050075310 0.2952746719 0.2173537829 0.2392440262 0.2682410430 0.2849927597 0.1849341972 0.5000000000 0.9728353822 0.5953477452 0.9627215646 0.4511761955 0.3610460209 0.6728010871 0.8283450694 0.4704927182 0.9939996890 0.7434482182 0.6915489531 0.6685601365 0.9624372902 0.5492015013 0.9418678357 0.9860882711 0.8546393600 0.9999687689 0.7665410933 0.2287028707 0.8855824827 0.6544456462 0.7860989181 0.9859267675 0.9597070583 0.9114931257 0.9846824955 0.9299868509 0.7447562618 0.8766648838
 0.4616501202 0.2982255498 0.0553261353 0.3573310299 0.1331404388 0.0769115588 0.0075553762 0.0914142430 0.2779530797 0.3565367421 0.1839281151 0.3045944383 0.6014945577 0.0058049976 0.1787498549 0.0939305611 0.2990858565 0.5628639675 0.3519049910 0.0303964593 0.0179998413 0.2553307689 0.2996963255 0.5953780644 0.1187831744 0.4135707593 0.0489385398 0.0436454044 0.0475724193 0.0271646178 0.5000000000 0.8048082709 0.4179940641 0.5492588455 0.9930697435 0.9440545177 0.7643161178 0.6663669379 0.5432171960 0.7929684754 0.2266001565 0.5225105964 0.9944261569 0.9429600777 0.8389906591 0.9490183525 0.5610173267 0.8599513716 0.9020386816 0.5945570797 0.4451884485 0.7622195159 0.8543035853 0.7054489906 0.6061869480 0.9112960333 0.8573803911 0.9758550591 0.8749044512 0.7038458437
 0.0563484224 0.1403106358 0.1697239746 0.6739785568 0.1015863183 0.4606272022 0.0492686766 0.0043525225 0.5966660187 0.0651252001 0.1866927275 0.0298208430 0.0861958566 0.0528484479 0.2960367287 0.6789249019 0.1714919882 0.0416535389 0.4806098180 0.4591116643 0.3048147600 0.1800702197 0.0390589504 0.0730305231 0.5198797554 0.3069510520 0.4961979008 0.3523479552 0.0043454530 0.4046522548 0.1951917291 0.5000000000 0.6384767793 0.7687643154 0.5070215862 0.7759472566 0.6819917195 0.9906898032 0.7819061360 0.8202830418 0.6864155252 0.9754548369 0.6763030044 0.8840438781 0.8714740892 0.6123281351 0.8476665632 0.5996848588 0.8306638638 0.9833828993 0.9808003208 0.9979036400 0.6235925740 0.4402992753 0.4597706447 0.5898136750 0.6040991663 0.8159005478 0.9678473362 0.8880141587
 0.4821943923 0.2478333770 0.0006336529 0.5364624905 0.1070669871 0.2685401117 0.1710321139 0.0873923658 0.0655728122 0.5515396988 0.7127258323 0.3090888378 0.1270252597 0.0318578959 0.4477295857 0.0546351196 0.3504599488 0.0729481646 0.3050861198 0.0592332462 0.6162702752 0.5288178464 0.1856283894 0.3056751041 0.0256485266 0.2479361484 0.0179562803 0.2511494422 0.1897156662 0.0372784354 0.5820059359 0.3615232207 0.5000000000 0.5871767801 0.7515307075 0.9432628682 0.3501033761 0.9019336527 0.9364342604 0.7339778407 0.7873114940 0.9051126356 0.8396014091 0.5528420452 0.9567204656 0.8868574623 0.4209323252 0.5807662238 0.7792936531 0.9240254674 0.9938313105 0.9609686827 0.8655960389 0.7282312189 0.9154115041 0.8183401273 0.7507035567 0.7117703348 0.6862329831 0.5839931897
 0.0430642852 0.4707185284 0.3601996387 0.6196725250 0.4086294125 0.2770457621 0.0003416686 0.1205182448 0.4427816228 0.5122319628 0.2158405251 0.6685539044 0.2440666230 0.6680464850 0.0348841616 0.0363796673 0.5947136822 0.2770527631 0.1104756720 0.4799792307 0.0149187872 0.2350085955 0.0525309833 0.1975254024 0.0771415810 0.0119980630 0.1381515491 0.2112503413 0.2387657455 0.5488238045 0.4507411545 0.2312356846 0.4128232199 0.5000000000 0.8729517145 0.8642986635 0.8199505844 0.4745068530 0.9639301452 0.7304178659 0.6298515518 0.7547150303 0.7376889939 0.7414003536 0.8831879801 0.9436439500 0.2687298663 0.7187589427 0.5142265151 0.8681149583 0.9081902247 0.2213348995 0.5600164521 0.9411943773 0.9472684643 0.8433315413 0.8130255466 0.7945975398 0.4183607764 0.7790633959
 0.0579207495 0.0594844167 0.2830121226 0.3097183178 0.3461510565 0.0116865128 0.3020368469 0.4925009758 0.0074789932 0.0254581547 0.1088256826 0.0638667756 0.1978159318 0.1856595457 0.1763883591 0.0113386080 0.0836862111 0.0122558560 0.2634690668 0.5702044509 0.0039902776 0.4898455438 0.0862650126 0.0513296952 0.6730512270 0.0221257005 0.0486408985 0.0882982803 0.3973453773 0.6389539791 0.0069302565 0.4929784138 0.2484692925 0.1270482855 0.5000000000 0.9411391769 0.6075792437 0.6222464461 0.4776552230 0.5370883213 0.8970117108 0.7331873219 0.9243355819 0.1376334795 0.7124892593 0.6064034872 0.9232046238 0.9926479136 0.6557720018 0.9944298725 0.8751259558 0.7846626892 0.7521340048 0.5031425789 0.9899688582 0.8665724609 0.8996112679 0.4994424537 0.9732407444 0.6993041816
 0.1098132451 0.0029760350 0.5411635312 0.1532771476 0.3733953482 0.2325067408 0.0262085881 0.2712259513 0.2492414565 0.0711660527 0.1852217723 0.1565156841 0.0912353596 0.7390188099 0.1524335419 0.2834130375 0.5837377422 0.0018284931 0.7238740812 0.3612987039 0.0550561913 0.2909645153 0.0328155433 0.0421532205 0.0986636722 0.2831314517 0.0119928164 0.0737099326 0.4409752992 0.3271989129 0.0559454823 0.2240527434 0.0567371318 0.1357013365 0.0588608231 0.5000000000 0.5815726912 0.8922140465 0.7499519379 0.6480979140 0.8707931078 0.7553066041 0.7987478468 0.9874598686 0.8655580641 0.9030901449 0.6991548553 0.9124048295 0.8702686874 0.9706211408 0.5613415598 0.6218537827 0.4471425649 0.8797691768 0.6973539762 0.5957399949 0.5313230240 0.4369836546 0.6991598865 0.6165900882
 0.1249340777 0.4778816370 0.5179293868 0.2080272506 0.3222587828 0.0305265417 0.2888834339 0.1525134204 0.0902157575 0.5134603976 0.5373694169 0.1670277791 0.1166774517 0.1013922248 0.3666529547 0.2098322431 0.1102783558 0.2471129786 0.2797574869 0.4620762167 0.3842809871 0.2958981506 0.1090507319 0.0943449548 0.5975192554 0.0621434714 0.2031334195 0.2207464801 0.1629257597 0.1716549306 0.2356838822 0.3180082805 0.6498966239 0.1800494156 0.3924207563 0.4184273088 0.5000000000 0.6847964136 0.5533256405 0.7866674975 0.6717012785 0.9088988542 0.7085360237 0.9101657455 0.4436389094 0.8356822138 0.9991138647 0.9571570978 0.5754628529 0.6175946655 0.9588710882 0.6202202254 0.9287312096 0.5049011500 0.8290249517 0.4670996380 0.9969188331 0.6659963585 0.8766556831 0.7456019667
 0.2188613559 0.1943491693 0.6886594277 0.3242524640 0.5738775366 0.8515156938 0.3730257793 0.4986079842 0.5354714514 0.3122392836 0.2845171472 0.0471062893 0.1595087781 0.5592630413 0.0843823150 0.3320125522 0.0289488326 0.2926430208 0.4909680169 0.3165640828 0.4411066858 0.4958601756 0.1381042861 0.5517490131 0.1484017126 0.2788136107 0.0218708555 0.0929975777 0.2676933373 0.5295072818 0.3336330621 0.0093101968 0.0980663473 0.5254931470 0.3777535539 0.1077859535 0.3152035864 0.5000000000 0.8673851527 0.4145071886 0.6789799494 0.9484529495 0.3351376877 0.2124776529 0.8188321154 0.8400693232 0.3167951633 0.7268777612 0.6155072710 0.6992446115 0.7728384700 0.9674087843 0.7480312306 0.6066730945 0.8988860718 0.8556089718 0.9946184153 0.9030090175 0.8079493228 0.3325473929
 0.0119970106 0.5305840924 0.0700035124 0.2698020785 0.0322573113 0.3676668989 0.2926236092 0.3784198713 0.1221336798 0.5947701083 0.2508144337 0.0691576748 0.0615261748 0.0813459521 0.0207928349 0.0346242404 0.7346843180 0.3726472264 0.1142124981 0.3589240051 0.2636636111 0.5380927880 0.2531164781 0.0471277459 0.3469085096 0.1094703952 0.0652089913 0.1751943409 0.2656851686 0.0060003110 0.4567828040 0.2180938640 0.0635657396 0.0360698548 0.5223447770 0.2500480621 0.4466743595 0.1326148473 0.5000000000 0.7704889834 0.9890362681 0.6073505180 0.5752209625 0.8234574463 0.9886944769 0.4210247507 0.8991675993 0.9910774205 0.9741749679 0.5020445128 0.8220576042 0.9680981422 0.7906363697 0.7209855096 0.6307192850 0.5085121699 0.9307343918 0.7660279918 0.7521393138 0.8566633136
 0.0093030312 0.0588812048 0.0084101357 0.1148600709 0.4895187413 0.1632715001 0.2264326829 0.0298817411 0.0555140256 0.0270090867 0.7553343076 0.1241001358 0.0116641327 0.0316662538 0.0900400012 0.0515121963 0.6769330804 0.1683226348 0.2762812510 0.0033915857 0.4304534627 0.1025163061 0.2231709863 0.4774762456 0.4224065222 0.2088990897 0.7424590797 0.1861032588 0.6744460336 0.2565517818 0.2070315246 0.1797169582 0.2660221593 0.2695821341 0.4629116787 0.3519020860 0.2133325025 0.5854928114 0.2295110166 0.5000000000 0.9616227927 0.4965907184 0.7388391472 0.9562002012 0.7746095148 0.5129195768 0.6863845378 0.8903290697 0.7524237097 0.6957059304 0.8669719867 0.5193096444 0.7400540306 0.4329492247 0.9913606991 0.9117770584 0.8267648793 0.7731242665 0.4418165569 0.9793460937
 0.1167466549 0.2764872363 0.2552926036 0.1552055398 0.5260079878 0.6953317733 0.2859801637 0.3396380453 0.4917920085 0.0640637169 0.5547694579 0.5159618399 0.1936836822 0.1757477804 0.1186603889 0.0248367272 0.2752007089 0.4899879351 0.2991112972 0.0966706999 0.0774500779 0.2495275878 0.1101363438 0.3328534062 0.3066829822 0.2324060159 0.0073476992 0.2105901317 0.0126770650 0.3084510469 0.7733998435 0.3135844748 0.2126885060 0.3701484482 0.1029882892 0.1292068922 0.3282987215 0.3210200506 0.0109637319 0.0383772073 0.5000000000 0.9352325995 0.2655632883 0.8812865639 0.7538602210 0.9786914469 0.7733614698 0.6219907994 0.6834819102 0.6982964968 0.5639346649 0.7348449764 0.6056517144 0.8431157643 0.5109492919 0.7958130015 0.9170901746 0.8484231447 0.5542533172 0.8568217615
 0.3709750483 0.7327566406 0.2679284662 0.4819544360 0.1791937701 0.3773862765 0.2401464463 0.1007179299 0.1703873532 0.0681729462 0.0697282007 0.2089347687 0.3844248988 0.0754975760 0.1182624715 0.6304805850 0.2275283755 0.1524603327 0.0138863619 0.0622572408 0.2812549568 0.4109184646 0.0575612317 0.1062606863 0.6699539137 0.1420082999 0.2846102823 0.0078052355 0.1152084514 0.3314398635 0.4774894036 0.0245451631 0.0948873644 0.2452849697 0.2668126781 0.2446933959 0.0911011458 0.0515470505 0.3926494820 0.5034092816 0.0647674005 0.5000000000 0.9926299792 0.8962485257 0.7818125622 0.9030104985 0.6414109176 0.8743279751 0.6882995672 0.5517752836 0.7074121470 0.9701345893 0.5873938768 0.6506252773 0.7481523917 0.5291456499 0.8790627857 0.8024835681 0.8513858253 0.9899066448
 0.1762781731 0.0603533197 0.4871372850 0.1795828680 0.6533807378 0.3959691753 0.0071791103 0.1968404454 0.0547488781 0.3155810700 0.0139046621 0.3905380358 0.4839840547 0.2091649061 0.1704055278 0.0487768798 0.0686680515 0.0705589553 0.2556879172 0.2087064774 0.0727850586 0.2596901445 0.1315569911 0.3024271473 0.1333248668 0.0057149388 0.0003376884 0.7466744333 0.3527789687 0.0375627098 0.0055738431 0.3236969956 0.1603985909 0.2623110061 0.0756644181 0.2012521532 0.2914639763 0.6648623123 0.4247790375 0.2611608528 0.7344367117 0.0073700208 0.5000000000 0.9093133225 0.9753859518 0.5713902288 0.8079652393 0.5818202370 0.9881587392 0.8661284103 0.5599683090 0.5185637165 0.8406328174 0.6891091260 0.3069139350 0.7525956308 0.8640755959 0.7559496702 0.9023131775 0.6485017047
 0.0800659568 0.2730850802 0.0927332516 0.2291674564 0.2444159359 0.3791488636 0.1315102473 0.4668293414 0.8121714077 0.5078456649 0.3077084451 0.2042939051 0.2767916750 0.5360012409 0.5783943955 0.4746719482 0.0064070463 0.1831716898 0.2117626360 0.3228372760 0.2577773768 0.5128424841 0.4351683517 0.0127822262 0.1143533146 0.4641726522 0.0864623512 0.0675244316 0.5992833281 0.4507984987 0.0570399223 0.1159561219 0.4471579548 0.2585996464 0.8623665205 0.0125401314 0.0898342545 0.7875223471 0.1765425537 0.0437997988 0.1187134361 0.1037514743 0.0906866775 0.5000000000 0.9392594821 0.6721255890 0.6649232102 0.2935098992 0.4239767600 0.9481291573 0.9893236403 0.7456571086 0.9930884956 0.8912434090 0.8921148593 0.5259326591 0.7648436583 0.8360172833 0.8645130090 0.6557600911
 0.4393387280 0.1390232862 0.6934728342 0.3188669096 0.1158456050 0.5551654153 0.3092117811 0.3311625487 0.8453011885 0.3457449520 0.0475647084 0.2119615679 0.0214400548 0.0673071544 0.1209478119 0.0288752232 0.1048788630 0.7466722855 0.0043259913 0.0793810107 0.0135148637 0.1756906931 0.3621820714 0.1572437192 0.4648055140 0.1409659881 0.0366544941 0.3253273971 0.0184311554 0.0581321643 0.1610093409 0.1285259108 0.0432795344 0.1168120199 0.2875107407 0.1344419359 0.5563610906 0.1811678846 0.0113055231 0.2253904852 0.2461397790 0.2181874378 0.0246140482 0.0607405179 0.5000000000 0.5350516483 0.9440745634 0.9795555203 0.9395688717 0.9911481209 0.8978860408 0.5346821525 0.5798350146 0.8762179712 0.6676087871 0.9755484184 0.9307156796 0.6048955290 0.7501733786 0.7937935405
 0.1179920615 0.0248914620 0.2827248598 0.1604228974 0.0451634767 0.1920961164 0.2201104932 0.1145211977 0.2916000014 0.0251956712 0.3389986203 0.1764913796 0.1705007843 0.5200944821 0.1629513106 0.0838877293 0.1315121148 0.4143991169 0.3181687537 0.1225102472 0.3203673639 0.1341489496 0.0869539390 0.3118099518 0.1993847531 0.5589041885 0.1819792304 0.4382145576 0.1654586112 0.0139117289 0.0509816475 0.3876718649 0.1131425377 0.0563560500 0.3935965128 0.0969098551 0.1643177862 0.1599306768 0.5789752493 0.4870804232 0.0213085531 0.0969895015 0.4286097712 0.3278744110 0.4649483517 0.5000000000 0.9453821182 0.8815851180 0.9154378636 0.9655697585 0.8224925505 0.9800297772 0.9464831690 0.5265013214 0.8275367750 0.8081348766 0.5510879904 0.5885793267 0.8936235561 0.7994865985
 0.2413018054 0.3442416568 0.6729022854 0.4651493221 0.6538945851 0.0299839242 0.0439487427 0.0390991637 0.8226664166 0.1162377617 0.0512930733 0.0273711232 0.0717173738 0.1267638172 0.5230890081 0.1574716756 0.3985889908 0.1041078572 0.4160982437 0.3261644169 0.3211912782 0.3517261846 0.5147113422 0.1212971269 0.4136991918 0.2199001231 0.2448782823 0.7409782158 0.1663072283 0.1453606400 0.4389826733 0.1523334368 0.5790676748 0.7312701337 0.0767953762 0.3008451447 0.0008861353 0.6832048367 0.1008324007 0.3136154622 0.2266385302 0.3585890824 0.1920347607 0.3350767898 0.0559254366 0.0546178818 0.5000000000 0.6135032835 0.6327507341 0.3230977302 0.9469740523 0.9427226202 0.8605107798 0.6338391107 0.7483755356 0.4155966314 0.7574945028 0.5058585841 0.7586840301 0.9251625957
 0.1551208920 0.2155730769 0.0525435405 0.1078256157 0.1290433698 0.3661881680 0.0389531615 0.2127148348 0.6723182184 0.4515491238 0.4305238077 0.0525970472 0.3494659843 0.3609574573 0.1226226087 0.1692904204 0.0421096287 0.3202471782 0.5945596691 0.0528307714 0.0431157531 0.2999587577 0.0097044361 0.0230172726 0.0894085722 0.1699597941 0.1080221073 0.3772787700 0.0360256137 0.0000312311 0.1400486284 0.4003151412 0.4192337762 0.2812410573 0.0073520864 0.0875951705 0.0428429022 0.2731222388 0.0089225795 0.1096709303 0.3780092006 0.1256720249 0.4181797630 0.7064901008 0.0204444797 0.1184148820 0.3864967165 0.5000000000 0.8623167289 0.5326220733 0.9444097724 0.5808841045 0.4685139068 0.8502314989 0.7136021186 0.9140754391 0.9757776918 0.9994097032 0.8650616859 0.9603157698
 0.4109039493 0.0178044385 0.3200315140 0.5338629479 0.1211275016 0.1888597504 0.0360426875 0.1002386737 0.3539320851 0.0283653262 0.6944058123 0.0374971696 0.4798077467 0.4875216317 0.1131594840 0.5996046667 0.4912719865 0.2008460394 0.1506565328 0.4949709988 0.1299387586 0.3172342376 0.2842494095 0.4160684205 0.0504602219 0.3995893663 0.0019592495 0.1941505594 0.2954600638 0.2334589067 0.0979613184 0.1693361362 0.2207063469 0.4857734849 0.3442279982 0.1297313126 0.4245371471 0.3844927290 0.0258250321 0.2475762903 0.3165180898 0.3117004328 0.0118412608 0.5760232400 0.0604311283 0.0845621364 0.3672492659 0.1376832711 0.5000000000 0.9225990431 0.4362915224 0.9217682559 0.8705192349 0.6902551654 0.5007133534 0.9704658914 0.2174230742 0.9262791249 0.8957151874 0.7859378370
 0.1726507079 0.5778023914 0.5209369644 0.3628400434 0.1511845146 0.3737245987 0.0932297649 0.3212335517 0.2970820496 0.0412434022 0.5181940640 0.0094575457 0.1799988114 0.2541667793 0.1548540469 0.1303614912 0.1188968759 0.6131452054 0.3070927927 0.1335616267 0.3100119191 0.5547761314 0.3947460691 0.5949804070 0.0607431256 0.1583618466 0.0761557148 0.2019786052 0.3603450408 0.7712971293 0.4054429203 0.0166171007 0.0759745326 0.1318850417 0.0055701275 0.0293788592 0.3824053345 0.3007553885 0.4979554872 0.3042940696 0.3017035032 0.4482247164 0.1338715897 0.0518708427 0.0088518791 0.0344302415 0.6769022698 0.4673779267 0.0774009569 0.5000000000 0.9791711816 0.9317415984 0.8692877884 0.7586027530 0.8289444860 0.9485670157 0.6452478559 0.6852588271 0.8959505712 0.9077583722
 0.5584594526 0.2599938151 0.3555822837 0.0884524528 0.2397122537 0.4399422670 0.6134953804 0.1127960328 0.3309212810 0.2765893336 0.2164053095 0.1828385342 0.5308864980 0.0762251247 0.2931229185 0.1687289508 0.7020657954 0.3721211963 0.0379727383 0.0854222077 0.0892685635 0.0008563554 0.3881752726 0.0288535848 0.0784940166 0.3649346842 0.5563278673 0.5135164259 0.3751025944 0.1144175173 0.5548115515 0.0191996792 0.0061686895 0.0918097753 0.1248740442 0.4386584402 0.0411289118 0.2271615300 0.1779423958 0.1330280133 0.4360653351 0.2925878530 0.4400316910 0.0106763597 0.1021139592 0.1775074495 0.0530259477 0.0555902276 0.5637084776 0.0208288184 0.5000000000 0.8471012701 0.7920886651 0.6712105573 0.6929264461 0.8551915414 0.5412355521 0.8200948486 0.8758774025 0.9672793956
 0.3071323102 0.0097219600 0.5010106352 0.2659224294 0.3127220248 0.0400334816 0.6302171470 0.0074031392 0.0238743474 0.3457820797 0.2420582482 0.0064516723 0.1751357707 0.0009210710 0.0538842289 0.5038229956 0.1857772733 0.0512566300 0.1620369086 0.4282752324 0.3130065036 0.2229177056 0.6870786449 0.0030387181 0.2587841213 0.1394581595 0.3107573360 0.3300621471 0.1100708857 0.3455543538 0.2377804841 0.0020963600 0.0390313173 0.7786651005 0.2153373108 0.3781462173 0.3797797746 0.0325912157 0.0319018578 0.4806903556 0.2651550236 0.0298654107 0.4814362835 0.2543428914 0.4653178475 0.0199702228 0.0572773798 0.4191158955 0.0782317441 0.0682584016 0.1528987299 0.5000000000 0.8828537402 0.9127041267 0.8053356530 0.6047777686 0.4868354681 0.9568042613 0.9172523523 0.7357133051
 0.6858199330 0.2841428172 0.0852450718 0.0671631721 0.5475295296 0.2900196500 0.4311442170 0.3302815723 0.6751407028 0.3718819970 0.3412223193 0.3606815328 0.4383180764 0.0862696148 0.2627688276 0.4836298582 0.0306590801 0.4852890644 0.0433941128 0.1546603987 0.5509297916 0.4153359323 0.1209994694 0.4324249292 0.4705052542 0.3181462427 0.2720451623 0.4801902990 0.6630869577 0.2139010819 0.1456964147 0.3764074260 0.1344039611 0.4399835479 0.2478659952 0.5528574351 0.0712687904 0.2519687694 0.2093636303 0.2599459694 0.3943482856 0.4126061232 0.1593671826 0.0069115044 0.4201649854 0.0535168310 0.1394892202 0.5314860932 0.1294807651 0.1307122116 0.2079113349 0.1171462598 0.5000000000 0.5442208178 0.7142286633 0.3669523684 0.6584453079 0.6825418215 0.5771687729 0.8777871756
 0.5151781201 0.3930180907 0.1169715209 0.0231874683 0.1040772546 0.4990196982 0.0004114557 0.3480634220 0.0985863319 0.3568077729 0.0224386515 0.1381946073 0.0624464782 0.3623938088 0.1854284847 0.0648994174 0.0223854979 0.2066035987 0.2136644544 0.0463326792 0.1470869088 0.0275944165 0.1600982672 0.3095870124 0.6702786338 0.1552868300 0.4320561482 0.2095422321 0.2338811216 0.0140732325 0.2945510094 0.5597007247 0.2717687811 0.0588056227 0.4968574211 0.1202308232 0.4950988500 0.3933269055 0.2790144904 0.5670507753 0.1568842357 0.3493747227 0.3108908740 0.1087565910 0.1237820288 0.4734986786 0.3661608893 0.1497685011 0.3097448346 0.2413972470 0.3287894427 0.0872958733 0.4557791822 0.5000000000 0.9115589656 0.8537528688 0.8737607148 0.6665765614 0.7225815680 0.4957756321
 0.5243295714 0.0202297415 0.1281354011 0.1462800119 0.2629345786 0.1225393056 0.1622144785 0.4172149759 0.2297238434 0.1352848858 0.3468842873 0.3518123233 0.1408112616 0.5103730038 0.0305361391 0.1617244701 0.0718233497 0.0334437901 0.0760227781 0.1626552868 0.1946977893 0.2247131461 0.6152908219 0.0819652634 0.4191719413 0.3965253218 0.0298952656 0.2134759029 0.3269844952 0.0402929417 0.3938130520 0.5402293553 0.0845884959 0.0527315357 0.0100311418 0.3026460238 0.1709750483 0.1011139282 0.3692807150 0.0086393009 0.4890507081 0.2518476083 0.6930860650 0.1078851407 0.3323912129 0.1724632250 0.2516244644 0.2863978814 0.4992866466 0.1710555140 0.3070735539 0.1946643470 0.2857713367 0.0884410344 0.5000000000 0.5690398394 0.8326356876 0.9224651973 0.6166186042 0.8295772735
 0.0775115189 0.2144283756 0.3973183749 0.0028319071 0.0213241858 0.1319488713 0.2143712360 0.8715178763 0.4877647714 0.0392237668 0.1794916023 0.1155718813 0.3938384677 0.6345866395 0.4047005568 0.3627623678 0.3686726301 0.5698671431 0.0696004699 0.1311021441 0.1055022169 0.1439010703 0.4461171896 0.0425444510 0.0619132537 0.4727350864 0.1918009877 0.2276693550 0.2738429529 0.0885068743 0.0887039667 0.4101863250 0.1816598727 0.1566684587 0.1334275391 0.4042600051 0.5329003620 0.1443910282 0.4914878301 0.0882229416 0.2041869985 0.4708543501 0.2474043692 0.4740673409 0.0244515816 0.1918651234 0.5844033686 0.0859245609 0.0295341086 0.0514329843 0.1448084586 0.3952222314 0.6330476316 0.1462471312 0.4309601606 0.5000000000 0.8028051025 0.6095980004 0.2397986363 0.6304671957
 0.0073079410 0.4337131010 0.5926429992 0.0102787646 0.0474815605 0.7304451417 0.2639988963 0.3645291406 0.3321801058 0.1544397329 0.3983086272 0.2734815521 0.3265033760 0.5297804476 0.3713959489 0.0420352575 0.6561827235 0.3352004988 0.2104839279 0.1785683588 0.6129650784 0.0694522373 0.1832440776 0.0016361658 0.1361088812 0.4870211530 0.0084656522 0.5554586630 0.3800642142 0.0153175045 0.1426196089 0.3959008337 0.2492964433 0.1869744534 0.1003887321 0.4686769760 0.0030811669 0.0053815847 0.0692656082 0.1732351207 0.0829098254 0.1209372143 0.1359244041 0.2351563417 0.0692843204 0.4489120096 0.2425054972 0.0242223082 0.7825769258 0.3547521441 0.4587644479 0.5131645319 0.3415546921 0.1262392852 0.1673643124 0.1971948975 0.5000000000 0.9632330807 0.7384424100 0.8529512950
 0.4561547067 0.3209868757 0.2920834662 0.0700692984 0.2546372942 0.0239848438 0.0101084573 0.2917466691 0.4971772314 0.3907410691 0.5634556777 0.1974177669 0.2107787476 0.0063055153 0.0836733282 0.0361247121 0.0101388970 0.2708326836 0.4699763714 0.0427125168 0.0994487102 0.0041496887 0.0334908479 0.7750581388 0.3118725067 0.1340976681 0.1126648360 0.0517360890 0.3863505246 0.0700131491 0.0241449409 0.1840994522 0.2882296652 0.2054024602 0.5005575463 0.5630163454 0.3340036415 0.0969909825 0.2339720082 0.2268757335 0.1515768553 0.1975164319 0.2440503298 0.1639827167 0.3951044710 0.4114206733 0.4941414159 0.0005902968 0.0737208751 0.3147411729 0.1799051514 0.0431957387 0.3174581785 0.3334234386 0.0775348027 0.3904019996 0.0367669193 0.5000000000 0.9225366638 0.3050019119
 0.0229782718 0.3607816064 0.1472803242 0.4262294689 0.2121723719 0.2150224715 0.0680991600 0.3516453985 0.5370771512 0.2550842514 0.1065029464 0.2284458787 0.3321320037 0.2896205153 0.1509093447 0.1405374824 0.0467103882 0.4205864215 0.7079888195 0.3891785472 0.0300228833 0.0275907218 0.5314743623 0.0273719824 0.1799628290 0.0118882469 0.3108495477 0.1601742778 0.2511220168 0.2552437382 0.1250955488 0.0321526638 0.3137670169 0.5816392236 0.0267592556 0.3008401135 0.1233443169 0.1920506772 0.2478606862 0.5581834431 0.4457466828 0.1486141747 0.0976868225 0.1354869910 0.2498266214 0.1063764439 0.2413159699 0.1349383141 0.1042848126 0.1040494288 0.1241225975 0.0827476477 0.4228312271 0.2774184320 0.3833813958 0.7602013637 0.2615575900 0.0774633362 0.5000000000 0.7468095236
 0.8511862022 0.1040344575 0.4269903927 0.0435261887 0.1672542854 0.1022990931 0.3215193136 0.8476288240 0.5368348472 0.1354418216 0.3496423137 0.6427214019 0.1403808512 0.4981832395 0.3859267756 0.0890575589 0.1343071383 0.4664871702 0.0990661081 0.6370622845 0.1057866136 0.2221374157 0.1728770701 0.5066730008 0.1614806355 0.0250304302 0.1197697646 0.2167987981 0.0038195366 0.1233351162 0.2961541563 0.1119858413 0.4160068103 0.2209366041 0.3006958184 0.3834099118 0.2543980333 0.6674526071 0.1433366864 0.0206539063 0.1431782385 0.0100933552 0.3514982953 0.3442399089 0.2062064595 0.2005134015 0.0748374043 0.0396842302 0.2140621630 0.0922416278 0.0327206044 0.2642866949 0.1222128244 0.5042243679 0.1704227265 0.3695328043 0.1470487050 0.6949980881 0.2531904764 0.5000000000
]
