n: 60

c:
[
 0.5000000000 0.3236825528 0.3758530974 0.4925664100 0.7973128996 0.7701362407 0.9096985941 0.9849013405 0.9878688148 0.7494755712 0.5741430136 0.7614941307 0.6378831995 0.9640711925 0.9757225813 0.3255082355 0.3801844161 0.9657690724 0.5519699003 0.6892433903 0.9880161989 0.9227393345 0.6360069145 0.4924841949 0.9621710498 0.4796785129 0.4068095690 0.9241033925 0.9185861641 0.1756319543 0.2949339108 0.6995679752 0.9061572897 0.8654199012 0.5712807825 0.6494204241 0.2633949744 0.5855612839 0.5241296985 0.5970776224 0.8099101239 0.6859610602 0.9555803368 0.4646215135 0.7864056555 0.8106382694 0.8787647013 0.5891504495 0.8859052682 0.9099814197 0.7583479991 0.9336805222 0.5852680680 0.9093676399 0.8498548073 0.4745413805 0.9913919571 0.4892907812 0.4438537265 0.5179044281
 0.6763174472 0.5000000000 0.9579606238 0.8489283511 0.5316145227 0.9707516649 0.9545075917 0.6536221790 0.9843464085 0.7266004236 0.8802051533 0.4469501384 0.6724685791 0.9256450126 0.9283521119 0.8973241742 0.8120405317 0.7923293717 0.7184870814 0.9425202015 0.8410306402 0.4426258595 0.9121376503 0.2976797537 0.3556545792 0.6029419919 0.4994043721 0.8969709586 0.7632015581 0.9537311479 0.9926097466 0.4603279721 0.9262074037 0.9646883346 0.9804873438 0.8314767236 0.7214498027 0.5611296442 0.9359102200 0.7330146157 0.9568697332 0.5698117865 0.6463101870 0.6636590020 0.3555669478 0.9359935658 0.9401913858 0.6569308253 0.7807554768 0.9626429691 0.9959377597 0.8918203990 0.6894719504 0.6356462794 0.4987133566 0.5388154779 0.9846933685 0.7947419362 0.6613619769 0.5778849425
 0.6241469026 0.0420393762 0.5000000000 0.8846908276 0.5917979320 0.7783472059 0.8150537792 0.7549462124 0.4284736313 0.7457865972 0.9304415565 0.6567170752 0.5192188552 0.9541815575 0.6264204303 0.9916886271 0.9240596322 0.8996094000 0.8854022652 0.9096917829 0.7256239949 0.9202955428 0.7750031308 0.4375727429 0.9740997830 0.6559540658 0.6644674362 0.5548050467 0.4354512616 0.7125359763 0.9992966439 0.8183416711 0.9339957854 0.8334462242 0.7318359917 0.8644245978 0.8271151355 0.6053444388 0.6266956970 0.7876815422 0.7409940992 0.8894654352 0.9032728596 0.5939219998 0.8805936513 0.9773758509 0.3994981904 0.6282262783 0.5426446381 0.8043341785 0.9401701276 0.9144565767 0.5239875085 0.4684028114 0.9476056658 0.6746997189 0.9593121447 0.9462055905 0.5584671026 0.8617474475
 0.5074335900 0.1510716489 0.1153091724 0.5000000000 0.9862479320 0.9221557849 0.9523179051 0.8860975065 0.6359212300 0.7605373279 0.2750365141 0.8074408090 0.7528709289 0.8909137963 0.9752575747 0.3524496772 0.9701779828 0.8236862467 0.7709370704 0.7790355081 0.4839753335 0.7248346046 0.6898744063 0.8295009358 0.6273216373 0.9951090312 0.9977046188 0.7537047134 0.8424785250 0.9547651869 0.8145751374 0.7398601203 0.9875971671 0.9006361403 0.9896343159 0.6287088818 0.9511709616 0.8879282397 0.5457389294 0.9985684527 0.8684465589 0.8573326680 0.9461424717 0.9757510289 0.4843585663 0.5787747235 0.6272955731 0.7771603000 0.6543740860 0.6684337491 0.9056943570 0.8895658289 0.7280260094 0.8673646213 0.8678057348 0.7483456971 0.9916289846 0.7132251123 0.6953114064 0.6088738916
 0.2026871004 0.4683854773 0.4082020680 0.0137520680 0.5000000000 0.8933745741 0.1868011931 0.9735590100 0.9744401404 0.9850128870 0.9997702514 0.7016851655 0.7914236105 0.9858075861 0.7545353080 0.8488012705 0.7877663995 0.9526719143 0.8413447404 0.8144566594 0.7557640070 0.3650855110 0.9481706063 0.9540435781 0.9658747546 0.8764590921 0.6807888367 0.7643874293 0.7865328627 0.7710011127 0.7548691467 0.9319488153 0.8130595988 0.4119816149 0.9186575025 0.6691513881 0.8585950782 0.7526797686 0.6262968046 0.9395576034 0.9611030755 0.9527933788 0.4922554963 0.7066082919 0.6827216835 0.9692567568 0.8576817513 0.9819944891 0.9740213902 0.8222078917 0.8828089457 0.9638716998 0.6079808353 0.8140104679 0.4802035200 0.4863307490 0.6348430053 0.5027502564 0.9473074112 0.9726811392
 0.2298637593 0.0292483351 0.2216527941 0.0778442151 0.1066254259 0.5000000000 0.9487315896 0.7024431886 0.9464964928 0.7737738897 0.6582392894 0.7256713451 0.8806513479 0.7517452594 0.8775296300 0.8848919930 0.9545528861 0.5360427368 0.7051109954 0.8140467960 0.9926596277 0.4540759604 0.9371755030 0.9606365726 0.2808945189 0.9873384254 0.6647779053 0.6310226604 0.5882576395 0.6968807998 0.6675131335 0.8097760322 0.9075796736 0.7191470501 0.5721271726 0.9611764644 0.7066317292 0.7857507827 0.5939920048 0.9214037544 0.8125811927 0.8715685848 0.9265804314 0.8952748657 0.4404173977 0.6570110696 0.9705808592 0.4866279509 0.9526053102 0.8803211138 0.9886117195 0.9986887649 0.8093243298 0.9146388090 0.9737110287 0.9417523486 0.9763767349 0.8710328736 0.7008717408 0.5694663743
 0.0903014059 0.0454924083 0.1849462208 0.0476820949 0.8131988069 0.0512684104 0.5000000000 0.4286331523 0.8913168815 0.8767769408 0.9939315998 0.9049460275 0.7272235191 0.7411798520 0.9612308656 0.7077144092 0.8340525065 0.6383647319 0.7950217815 0.9140925395 0.9284487809 0.8765918829 0.3326267087 0.7138094488 0.9963588062 0.8091895875 0.3798490691 0.5896906792 0.5489236207 0.8071495040 0.5429034882 0.8814018263 0.9114526304 0.8009232797 0.4592364734 0.7743410509 0.9282270370 0.6167405219 0.6161230383 0.7879298162 0.9059099903 0.9137128959 0.5486670593 0.9544231192 0.9880354303 0.3589351075 0.8558835882 0.9650582107 0.7164141676 0.7951676608 0.7874866295 0.8439550147 0.5152797420 0.6690405876 0.7491066254 0.3901537107 0.6106346361 0.8615406787 0.9477308370 0.8934368266
 0.0150986595 0.3463778210 0.2450537876 0.1139024935 0.0264409900 0.2975568114 0.5713668477 0.5000000000 0.8202196166 0.7744891841 0.7420754459 0.8376820654 0.5428724566 0.7998973448 0.9492867218 0.8191882427 0.8676817051 0.4565903183 0.9983975273 0.9159172324 0.7786136363 0.6747274609 0.3322521829 0.8655436181 0.6894299672 0.9888194016 0.7065157726 0.5268571229 0.8565730611 0.6388424241 0.4515391886 0.4535606630 0.9988288436 0.8596726250 0.9498986866 0.3731049143 0.9222111802 0.8053990628 0.9373838643 0.7095473091 0.9423003845 0.6753031542 0.5472341879 0.5129016850 0.6287268352 0.8024038686 0.5082812571 0.6863285249 0.7236933244 0.5779621233 0.4239325076 0.3327915226 0.8495000758 0.9771771695 0.9063630796 0.9028485934 0.6560488082 0.4126691526 0.8152518288 0.9414891001
 0.0121311852 0.0156535915 0.5715263687 0.3640787700 0.0255598596 0.0535035072 0.1086831185 0.1797803834 0.5000000000 0.6187389757 0.7792883503 0.5716433191 0.8312605821 0.7174504205 0.9086465565 0.8492242514 0.6183524643 0.4075453147 0.6725021406 0.6140067077 0.9783437879 0.8751278280 0.8999129974 0.6772145326 0.8957064081 0.9275358784 0.9299261322 0.5605680034 0.7433832793 0.7227827701 0.6576278883 0.9396229635 0.8059579749 0.7599125955 0.9542333631 0.9683940629 0.8311584396 0.7205184960 0.9872063646 0.7579766185 0.8333768991 0.8969459062 0.5294732971 0.6869562931 0.2415510453 0.7317853936 0.8901994512 0.7607968894 0.6559232778 0.9531560488 0.7144115528 0.8565375420 0.8486577729 0.9402973432 0.6906930529 0.6220891288 0.6358841475 0.7978670417 0.9453915669 0.8824869304
 0.2505244288 0.2733995764 0.2542134028 0.2394626721 0.0149871130 0.2262261103 0.1232230592 0.2255108159 0.3812610243 0.5000000000 0.9447382078 0.9529213493 0.8768635068 0.6895244031 0.4286848192 0.7627775289 0.6772098884 0.6178925878 0.6152442936 0.9930489154 0.9304627874 0.9841021151 0.5516454770 0.8985794893 0.5969043245 0.9143769330 0.6692915952 0.3998423354 0.7552616654 0.8209899938 0.8783533722 0.7080974412 0.9110060357 0.9565630846 0.9024735540 0.6037751593 0.8298923679 0.9127965827 0.7898595800 0.6769234938 0.9510912324 0.3363873241 0.9131758724 0.6536668518 0.9133656004 0.5982004471 0.3871198485 0.7922656314 0.9026832773 0.7294853052 0.8442476481 0.6173050338 0.7814264016 0.9708063546 0.9259306819 0.4808169243 0.8757542712 0.5445983593 0.5313317844 0.6408304440
 0.4258569864 0.1197948467 0.0695584435 0.7249634859 0.0002297486 0.3417607106 0.0060684002 0.2579245541 0.2207116497 0.0552617922 0.5000000000 0.6450023892 0.7731025098 0.9465768641 0.8478498852 0.8811930820 0.6592246187 0.4733343885 0.8720665767 0.6705983165 0.6365301142 0.7223590111 0.7513852069 0.9553828307 0.3945931086 0.9250898947 0.8616967528 0.2480022390 0.7267480794 0.7758407020 0.3369111938 0.6402101574 0.6259011210 0.9356570590 0.8168310936 0.8630494805 0.7258765807 0.4087370206 0.8149458901 0.8923414703 0.6760777738 0.5889651039 0.5687781063 0.5039452922 0.9731513864 0.8667433158 0.8341206409 0.4242224579 0.7159317590 0.7929248917 0.9656633612 0.7920978485 0.9411073167 0.9022916583 0.6167400615 0.7722971757 0.4708429163 0.6798190448 0.8912460225 0.5929002886
 0.2385058693 0.5530498616 0.3432829248 0.1925591910 0.2983148345 0.2743286549 0.0950539725 0.1623179346 0.4283566809 0.0470786507 0.3549976108 0.5000000000 0.9711034475 0.7264695532 0.3619292222 0.8586243704 0.9058313125 0.9218433693 0.9914922325 0.9180068212 0.9062358721 0.9520590312 0.9294986179 0.8157556509 0.9935342836 0.7488952976 0.6698205016 0.7668589654 0.4324555119 0.5101753862 0.8563972962 0.6358503724 0.4614721582 0.8928427165 0.7930179221 0.6933862575 0.8421274212 0.5857907014 0.6143214844 0.2201550566 0.8565114670 0.9869710519 0.9966067593 0.6271675804 0.2488745890 0.7114649594 0.7345016678 0.7777793655 0.6760825511 0.3849032709 0.7260621542 0.9418593812 0.9994225584 0.6573351134 0.5398346291 0.9408122684 0.7937128687 0.8916486843 0.2978629737 0.7909540202
 0.3621168005 0.3275314209 0.4807811448 0.2471290711 0.2085763895 0.1193486521 0.2727764809 0.4571275434 0.1687394179 0.1231364932 0.2268974902 0.0288965525 0.5000000000 0.9032547777 0.5633332133 0.9351323967 0.6997052520 0.7970884663 0.5597425250 0.8699265402 0.6796867783 0.3200377899 0.6853088932 0.9742547742 0.5277294035 0.8856305655 0.9218640275 0.4401088344 0.7622211823 0.4564297634 0.5090818999 0.8330632623 0.7151862591 0.6422355615 0.7811264850 0.9323997222 0.6358862996 0.8419393579 0.1634779908 0.6755008344 0.8119106363 0.9282805013 0.3573885567 0.6974709734 0.5540894794 0.7130186168 0.9365564589 0.3014027889 0.3179707097 0.8479857133 0.7968653246 0.9298178568 0.7344354156 0.9794702554 0.8493035903 0.9589584150 0.6342245286 0.9752082258 0.9997298489 0.5079786043
 0.0359288075 0.0743549874 0.0458184425 0.1090862037 0.0141924139 0.2482547406 0.2588201480 0.2001026552 0.2825495795 0.3104755969 0.0534231359 0.2735304468 0.0967452223 0.5000000000 0.5263886756 0.6623099348 0.6669424498 0.4980259688 0.8360347879 0.8423803410 0.7384565150 0.6106467389 0.7048686686 0.5851739935 0.7421698125 0.7605420676 0.5439802013 0.8063197260 0.6891112181 0.9005251483 0.8639361543 0.8760454502 0.8302008698 0.8560535313 0.6149226261 0.6892976848 0.7917978442 0.9623946104 0.7957903711 0.8087316731 0.6550442698 0.3593761830 0.6722124185 0.9110112931 0.8926671264 0.8778775100 0.9339656905 0.7193152648 0.5933820621 0.3181907072 0.3588853044 0.8862445833 0.6900605914 0.7291971348 0.9854942359 0.6188133168 0.6487970299 0.6571531028 0.9668246905 0.8450133267
 0.0242774187 0.0716478881 0.3735795697 0.0247424253 0.2454646920 0.1224703700 0.0387691344 0.0507132782 0.0913534435 0.5713151808 0.1521501148 0.6380707778 0.4366667867 0.4736113244 0.5000000000 0.8690615021 0.7682436615 0.7102538879 0.8211891409 0.8737307691 0.7948990311 0.6493213839 0.8651292447 0.9740631090 0.9383635516 0.5082937739 0.9464704439 0.8693759626 0.8395220959 0.5776626132 0.9774815811 0.8751966941 0.9527844514 0.9303722731 0.9506594948 0.3939251462 0.9912344471 0.8807026237 0.8324043447 0.8830151169 0.9486786138 0.6106135541 0.6134534225 0.2764786628 0.5444970760 0.9345579939 0.9691760367 0.3554012341 0.4259400535 0.5928297520 0.6518470177 0.3181564052 0.9321601365 0.8544173923 0.7710644642 0.9832941837 0.5845688550 0.9455338940 0.6414258999 0.4337562976
 0.6744917645 0.1026758258 0.0083113729 0.6475503228 0.1511987295 0.1151080070 0.2922855908 0.1808117573 0.1507757486 0.2372224711 0.1188069180 0.1413756296 0.0648676033 0.3376900652 0.1309384979 0.5000000000 0.9724808698 0.6841544824 0.7802687537 0.8753845316 0.9075279943 0.8195917311 0.8516828007 0.9632800376 0.5587663982 0.9413435269 0.9076764031 0.9716225624 0.6860876344 0.6739799234 0.4363648968 0.8939681181 0.8999629664 0.9691549426 0.9732116189 0.7005482859 0.7172314331 0.9281796528 0.5770343215 0.7075446173 0.6786309221 0.7923554971 0.7868896130 0.9416154815 0.3712525765 0.9417160550 0.6687956877 0.7948298948 0.9713716963 0.6165590792 0.9607063868 0.9958113129 0.9880726210 0.9471162771 0.8787568915 0.6381292892 0.9118326113 0.6629748331 0.8752962056 0.9774666913
 0.6198155839 0.1879594683 0.0759403678 0.0298220172 0.2122336005 0.0454471139 0.1659474935 0.1323182949 0.3816475357 0.3227901116 0.3407753813 0.0941686875 0.3002947480 0.3330575502 0.2317563385 0.0275191302 0.5000000000 0.8485138835 0.5605976527 0.8637271136 0.8209467752 0.8198485500 0.4069068865 0.8376814282 0.7862947990 0.8560270191 0.8853954175 0.6248362907 0.8069375430 0.8610594599 0.5986806850 0.5884062316 0.7522123960 0.9336593736 0.6692246141 0.7808372177 0.9093648087 0.6445695336 0.6369657321 0.9313618042 0.7886430362 0.7814977341 0.8781596140 0.8644568569 0.5286015812 0.7190184047 0.8553426818 0.7677146019 0.8296581694 0.9764856212 0.4540679583 0.5816463485 0.4590824646 0.8503879765 0.4490141324 0.2042327119 0.4800915630 0.9536583696 0.9258818224 0.7966176436
 0.0342309276 0.2076706283 0.1003906000 0.1763137533 0.0473280857 0.4639572632 0.3616352681 0.5434096817 0.5924546853 0.3821074122 0.5266656115 0.0781566307 0.2029115337 0.5019740312 0.2897461121 0.3158455176 0.1514861165 0.5000000000 0.5859415835 0.7387729909 0.9085885741 0.9890208541 0.6265177780 0.9847890281 0.8858468366 0.9216133124 0.6182999478 0.8167957795 0.6449759312 0.9204013154 0.9788221943 0.9911678308 0.3187504703 0.6292986037 0.6962085905 0.7911608609 0.9018078089 0.5948347183 0.5001209523 0.8325856857 0.8803659673 0.4616782221 0.9476186006 0.7141627373 0.6974168707 0.9031586599 0.2605593601 0.8965627312 0.8590815263 0.7480489787 0.7762252853 0.8406276807 0.8021617287 0.8943607601 0.7251670433 0.7759441219 0.5522113899 0.8286748381 0.9750393036 0.9059010880
 0.4480300997 0.2815129186 0.1145977348 0.2290629296 0.1586552596 0.2948890046 0.2049782185 0.0016024727 0.3274978594 0.3847557064 0.1279334233 0.0085077675 0.4402574750 0.1639652121 0.1788108591 0.2197312463 0.4394023473 0.4140584165 0.5000000000 0.9680816564 0.3965736022 0.7238544744 0.8294088796 0.8750407845 0.8739373906 0.7103635599 0.7949534422 0.7862237998 0.8741392360 0.4587438325 0.9375824337 0.8465704324 0.8964855350 0.4091090530 0.5763289997 0.6661657592 0.9436323567 0.7904787384 0.9579783715 0.9647645851 0.6304555505 0.7935770404 0.9106723921 0.6655873215 0.6035310448 0.7301123914 0.6205551506 0.6871746389 0.5241733285 0.7622355437 0.8690632357 0.5197253094 0.9153517994 0.6314806481 0.5400271284 0.7127891177 0.6169117139 0.8238330060 0.7835341743 0.6165993664
 0.3107566097 0.0574797985 0.0903082171 0.2209644919 0.1855433406 0.1859532040 0.0859074605 0.0840827676 0.3859932923 0.0069510846 0.3294016835 0.0819931788 0.1300734598 0.1576196590 0.1262692309 0.1246154684 0.1362728864 0.2612270091 0.0319183436 0.5000000000 0.7249907131 0.9905045481 0.2899836313 0.8988297697 0.3558536310 0.8007902102 0.8674857349 0.7464124364 0.5310995394 0.7560116788 0.8035239498 0.8470934427 0.8072403737 0.8046020054 0.3916331951 0.8620047051 0.5122132312 0.7564189039 0.5089086512 0.6193618250 0.5434278344 0.8229652581 0.7842792988 0.6370967314 0.9745363108 0.6206195166 0.6694892367 0.5174628028 0.8598296125 0.6461420040 0.8297577662 0.3568607652 0.8157531548 0.8575154280 0.7349252306 0.9084405397 0.8789225037 0.5934314238 0.9395227147 0.8897135686
 0.0119838011 0.1589693598 0.2743760051 0.5160246665 0.2442359930 0.0073403723 0.0715512191 0.2213863637 0.0216562121 0.0695372126 0.3634698858 0.0937641279 0.3203132217 0.2615434850 0.2051009689 0.0924720057 0.1790532248 0.0914114259 0.6034263978 0.2750092869 0.5000000000 0.4367259212 0.8128900987 0.8290194709 0.5771287109 0.9591379033 0.9884384611 0.7767174855 0.9670318597 0.8569237632 0.8831881283 0.8583517014 0.9770568728 0.7595986509 0.7878022869 0.7947313657 0.6913868766 0.8883989189 0.2835346650 0.8742637727 0.9227777605 0.9074392235 0.8012063039 0.8402449739 0.9894091235 0.9455664122 0.6347161701 0.6214836830 0.8151743949 0.5089451863 0.9644351160 0.5341795955 0.5877363493 0.9968816644 0.8288366113 0.6420375310 0.5455803088 0.6489545713 0.8778354465 0.9630692993
 0.0772606655 0.5573741405 0.0797044572 0.2751653954 0.6349144890 0.5459240396 0.1234081171 0.3252725391 0.1248721720 0.0158978849 0.2776409889 0.0479409688 0.6799622101 0.3893532611 0.3506786161 0.1804082689 0.1801514500 0.0109791459 0.2761455256 0.0094954519 0.5632740788 0.5000000000 0.9518348116 0.7246433524 0.8771243628 0.8738518184 0.2920908573 0.6717148769 0.9268373343 0.5925738512 0.8213884082 0.9041562624 0.6035814203 0.9117036311 0.5729550053 0.4620526911 0.5821798345 0.6842249184 0.8151355267 0.7561861491 0.7539077641 0.8448482659 0.3585287398 0.7984525057 0.5999586363 0.9085934208 0.9011061482 0.6627095888 0.7670811864 0.3653018926 0.8611306442 0.9780847998 0.7817388056 0.8779515509 0.9741467705 0.3014517277 0.6809215922 0.9575610219 0.8200414818 0.8588307098
 0.3639930855 0.0878623497 0.2249968692 0.3101255937 0.0518293937 0.0628244970 0.6673732913 0.6677478171 0.1000870026 0.4483545230 0.2486147931 0.0705013821 0.3146911068 0.2951313314 0.1348707553 0.1483171993 0.5930931135 0.3734822220 0.1705911204 0.7100163687 0.1871099013 0.0481651884 0.5000000000 0.8863513923 0.9490357872 0.8744110682 0.6606826958 0.8419776008 0.7132480451 0.5508405198 0.7255285605 0.8774978210 0.9470935953 0.9866982133 0.8980399787 0.8144525144 0.8569140235 0.8941983332 0.8920373352 0.5846957108 0.9744508597 0.9409088284 0.6162292147 0.9464467291 0.5396745703 0.4603258173 0.5882388288 0.7153516481 0.8891634063 0.7729562895 0.8434358667 0.6804257655 0.8358078614 0.9731231751 0.9457044175 0.8855341531 0.8840447265 0.5371864540 0.9980645849 0.7968022114
 0.5075158051 0.7023202463 0.5624272571 0.1704990642 0.0459564219 0.0393634274 0.2861905512 0.1344563819 0.3227854674 0.1014205107 0.0446171693 0.1842443491 0.0257452258 0.4148260065 0.0259368910 0.0367199624 0.1623185718 0.0152109719 0.1249592155 0.1011702303 0.1709805291 0.2753566476 0.1136486077 0.5000000000 0.7748909586 0.7819421729 0.8940035700 0.8842253240 0.9613503096 0.7365957263 0.5665416846 0.8638171158 0.5541541105 0.6603684687 0.3752048184 0.9466751254 0.8422850428 0.8157732832 0.6936019329 0.9935919382 0.7317356424 0.7978319198 0.2660502686 0.9672577488 0.9293802715 0.8698599395 0.9159316997 0.8100893860 0.8818006797 0.9022414951 0.9393845885 0.3823303827 0.7175073026 0.6199937671 0.5679347178 0.9298775194 0.8071568622 0.7697131534 0.9738278657 0.5729196627
 0.0378289502 0.6443454208 0.0259002170 0.3726783627 0.0341252454 0.7191054811 0.0036411938 0.3105700328 0.1042935919 0.4030956755 0.6054068914 0.0064657164 0.4722705965 0.2578301875 0.0616364484 0.4412336018 0.2137052010 0.1141531634 0.1260626094 0.6441463690 0.4228712891 0.1228756372 0.0509642128 0.2251090414 0.5000000000 0.8471169026 0.7498816133 0.6439709640 0.7633885242 0.3381998819 0.8975948484 0.8587767560 0.4816273295 0.6922375702 0.9467822816 0.7401843200 0.9376836592 0.5605813732 0.6710934352 0.8680142193 0.6072479576 0.7236639030 0.3317855276 0.6436801858 0.8029776575 0.6131335680 0.4967954508 0.4582549766 0.8532070971 0.8732770585 0.8820174932 0.8796800342 0.6577628452 0.9670875703 0.4674367158 0.8184799957 0.8706148995 0.7093216273 0.7074187266 0.8830714251
 0.5203214871 0.3970580081 0.3440459342 0.0048909688 0.1235409079 0.0126615746 0.1908104125 0.0111805984 0.0724641216 0.0856230670 0.0749101053 0.2511047024 0.1143694345 0.2394579324 0.4917062261 0.0586564731 0.1439729809 0.0783866876 0.2896364401 0.1992097898 0.0408620967 0.1261481816 0.1255889318 0.2180578271 0.1528830974 0.5000000000 0.4200252514 0.3951957976 0.3429537815 0.3223283915 0.4114584850 0.8924775818 0.6179122276 0.9661225913 0.4873016125 0.9201025481 0.6566792432 0.8005455302 0.7303690207 0.3393230387 0.6619387231 0.8453832065 0.7184337384 0.7344026144 0.6757800666 0.7098605444 0.7541320191 0.9430560411 0.6131789713 0.7461705591 0.7078912924 0.2275171016 0.9032852345 0.6643830277 0.5924005056 0.7251970096 0.8712412610 0.9514372190 0.9831127471 0.9103530777
 0.5931904310 0.5005956279 0.3355325638 0.0022953812 0.3192111633 0.3352220947 0.6201509309 0.2934842274 0.0700738678 0.3307084048 0.1383032472 0.3301794984 0.0781359725 0.4560197987 0.0535295561 0.0923235969 0.1146045825 0.3817000522 0.2050465578 0.1325142651 0.0115615389 0.7079091427 0.3393173042 0.1059964300 0.2501183867 0.5799747486 0.5000000000 0.9935205850 0.7653034418 0.7409982623 0.6529884059 0.7687728681 0.9776419325 0.9477947246 0.5756522365 0.7693909691 0.9478455806 0.4494743280 0.8927831391 0.8484438082 0.9762046744 0.9798112620 0.7683050336 0.8289126648 0.9458317502 0.9285315022 0.9195497993 0.5259434793 0.4543536763 0.9215208716 0.7635069917 0.7171531236 0.7941317836 0.9660106815 0.9993983408 0.9843765149 0.6287582522 0.6885194646 0.5531633948 0.6380722289
 0.0758966075 0.1030290414 0.4451949533 0.2462952866 0.2356125707 0.3689773396 0.4103093208 0.4731428771 0.4394319966 0.6001576646 0.7519977610 0.2331410346 0.5598911656 0.1936802740 0.1306240374 0.0283774376 0.3751637093 0.1832042205 0.2137762002 0.2535875636 0.2232825145 0.3282851231 0.1580223992 0.1157746760 0.3560290360 0.6048042024 0.0064794150 0.5000000000 0.7875725555 0.9766781044 0.4155607624 0.7811769043 0.8330905506 0.7692701454 0.2387704909 0.9350240679 0.8149597897 0.9796029583 0.9148707879 0.7831764343 0.4470770121 0.9662869971 0.9958253676 0.7756817185 0.8555536041 0.7816906779 0.9937602021 0.8616640749 0.6549039666 0.8826938337 0.9209320154 0.5955809080 0.6935359394 0.8686331333 0.8422428650 0.6748651768 0.9595527401 0.9567107111 0.5790743319 0.7345962636
 0.0814138359 0.2367984419 0.5645487384 0.1575214750 0.2134671373 0.4117423605 0.4510763793 0.1434269389 0.2566167207 0.2447383346 0.2732519206 0.5675444881 0.2377788177 0.3108887819 0.1604779041 0.3139123656 0.1930624570 0.3550240688 0.1258607640 0.4689004606 0.0329681403 0.0731626657 0.2867519549 0.0386496904 0.2366114758 0.6570462185 0.2346965582 0.2124274445 0.5000000000 0.2864582673 0.9163718501 0.8868423142 0.9450274252 0.9628996282 0.9790313904 0.9222793143 0.8966003380 0.9959218029 0.4913770304 0.3369856286 0.8362132640 0.7631012659 0.8105338353 0.8967249037 0.8304924013 0.9808808249 0.8240031641 0.9367405567 0.4510392458 0.8277424384 0.7808069616 0.6307871560 0.9343173282 0.9892166729 0.9130028783 0.7981092726 0.9694553636 0.5462849155 0.2269847707 0.9982339837
 0.8243680457 0.0462688521 0.2874640237 0.0452348131 0.2289988873 0.3031192002 0.1928504960 0.3611575759 0.2772172299 0.1790100062 0.2241592980 0.4898246138 0.5435702366 0.0994748517 0.4223373868 0.3260200766 0.1389405401 0.0795986846 0.5412561675 0.2439883212 0.1430762368 0.4074261488 0.4491594802 0.2634042737 0.6618001181 0.6776716085 0.2590017377 0.0233218956 0.7135417327 0.5000000000 0.9548756979 0.9423236440 0.8110889210 0.8443605123 0.9418865748 0.6737718768 0.5631398209 0.4669572746 0.8665408288 0.7160205518 0.7449331350 0.4176380211 0.7186168700 0.3634630235 0.6016059557 0.9497136472 0.9746479990 0.5499610485 0.8391299984 0.7893854364 0.6636146438 0.7243312055 0.9351251267 0.9060270568 0.4144062784 0.6126151900 0.9466042258 0.8595432141 0.8131793420 0.9980869763
 0.7050660892 0.0073902534 0.0007033561 0.1854248626 0.2451308533 0.3324868665 0.4570965118 0.5484608114 0.3423721117 0.1216466278 0.6630888062 0.1436027038 0.4909181001 0.1360638457 0.0225184189 0.5636351032 0.4013193150 0.0211778057 0.0624175663 0.1964760502 0.1168118717 0.1786115918 0.2744714395 0.4334583154 0.1024051516 0.5885415150 0.3470115941 0.5844392376 0.0836281499 0.0451243021 0.5000000000 0.7466747249 0.7683203175 0.7245727521 0.9453674432 0.7040154368 0.9457649416 0.3822682042 0.6865460380 0.4644424878 0.4569349436 0.3188754203 0.9823287994 0.7097611083 0.6295208123 0.2064527559 0.9799011350 0.5358340493 0.9566904322 0.8138877952 0.7751674864 0.8830679243 0.8402360658 0.9641033012 0.4464547966 0.3130794833 0.6643978840 0.6520368673 0.6672728467 0.9028687336
 0.3004320248 0.5396720279 0.1816583289 0.2601398797 0.0680511847 0.1902239678 0.1185981737 0.5464393370 0.0603770365 0.2919025588 0.3597898426 0.3641496276 0.1669367377 0.1239545498 0.1248033059 0.1060318819 0.4115937684 0.0088321692 0.1534295676 0.1529065573 0.1416482986 0.0958437376 0.1225021790 0.1361828842 0.1412232440 0.1075224182 0.2312271319 0.2188230957 0.1131576858 0.0576763560 0.2533252751 0.5000000000 0.5931784622 0.6553426284 0.9496032188 0.6454103203 0.5494623725 0.7877922707 0.6155062493 0.7981299620 0.6095076034 0.7270807191 0.7639330861 0.5259873844 0.8078405138 0.7805101329 0.6442370113 0.9148252237 0.8586968912 0.5292215261 0.6602510216 0.5378317058 0.7769721359 0.9618516948 0.5791487361 0.9358666008 0.9113010059 0.9564205810 0.9195504442 0.9066941005
 0.0938427103 0.0737925963 0.0660042146 0.0124028329 0.1869404012 0.0924203264 0.0885473696 0.0011711564 0.1940420251 0.0889939643 0.3740988790 0.5385278418 0.2848137409 0.1697991302 0.0472155486 0.1000370336 0.2477876040 0.6812495297 0.1035144650 0.1927596263 0.0229431272 0.3964185797 0.0529064047 0.4458458895 0.5183726705 0.3820877724 0.0223580675 0.1669094494 0.0549725748 0.1889110790 0.2316796825 0.4068215378 0.5000000000 0.8214124914 0.8899497063 0.8565610858 0.2304518666 0.9987494620 0.9633977356 0.6883857515 0.6897577321 0.5990895125 0.5362388812 0.3708640743 0.9792360609 0.9674631981 0.9214763273 0.6539448219 0.9710328604 0.5654168030 0.9345378974 0.9334456595 0.7499676794 0.9008705272 0.9543775839 0.9342530386 0.8691759092 0.8769333417 0.6956495321 0.2103063660
 0.1345800988 0.0353116654 0.1665537758 0.0993638597 0.5880183851 0.2808529499 0.1990767203 0.1403273750 0.2400874045 0.0434369154 0.0643429410 0.1071572835 0.3577644385 0.1439464687 0.0696277269 0.0308450574 0.0663406264 0.3707013963 0.5908909470 0.1953979946 0.2404013491 0.0882963689 0.0133017867 0.3396315313 0.3077624298 0.0338774087 0.0522052754 0.2307298546 0.0371003718 0.1556394877 0.2754272479 0.3446573716 0.1785875086 0.5000000000 0.9935416892 0.5629854861 0.7917649761 0.1961915377 0.8909927288 0.6562844973 0.9456041923 0.6168803300 0.6435855013 0.8027431397 0.8052992838 0.7136846950 0.8638951069 0.5510606664 0.5995282115 0.9493412392 0.6193358635 0.8141369007 0.5479469902 0.8001970120 0.6113792306 0.9911740125 0.7180997178 0.9601276184 0.7097391705 0.7324960512
 0.4287192175 0.0195126562 0.2681640083 0.0103656841 0.0813424975 0.4278728274 0.5407635266 0.0501013134 0.0457666369 0.0975264460 0.1831689064 0.2069820779 0.2188735150 0.3850773739 0.0493405052 0.0267883811 0.3307753859 0.3037914095 0.4236710003 0.6083668049 0.2121977131 0.4270449947 0.1019600213 0.6247951816 0.0532177184 0.5126983875 0.4243477635 0.7612295091 0.0209686096 0.0581134252 0.0546325568 0.0503967812 0.1100502937 0.0064583108 0.5000000000 0.6915912080 0.8926280921 0.4708754533 0.8766486756 0.4030744321 0.7381018734 0.4317070534 0.8471519446 0.5942620556 0.7612678554 0.7187452259 0.7543424128 0.9665023438 0.5577197826 0.7870551547 0.3025316903 0.9625761146 0.6411157691 0.4733400296 0.5087657985 0.3522557269 0.9221976178 0.8601208051 0.4037389778 0.9491442738
 0.3505795759 0.1685232764 0.1355754022 0.3712911182 0.3308486119 0.0388235356 0.2256589491 0.6268950857 0.0316059371 0.3962248407 0.1369505195 0.3066137425 0.0676002778 0.3107023152 0.6060748538 0.2994517141 0.2191627823 0.2088391391 0.3338342408 0.1379952949 0.2052686343 0.5379473089 0.1855474856 0.0533248746 0.2598156800 0.0798974519 0.2306090309 0.0649759321 0.0777206857 0.3262281232 0.2959845632 0.3545896797 0.1434389142 0.4370145139 0.3084087920 0.5000000000 0.5409511278 0.9082978467 0.7481884264 0.9773834292 0.9753401078 0.8162850194 0.7271488773 0.6226700204 0.6533070675 0.1938468830 0.8750035860 0.8705258576 0.9470964977 0.5671044896 0.5737092950 0.6624467988 0.8640070229 0.5905184154 0.7464028096 0.4260699149 0.7628069467 0.9420335297 0.4064005457 0.8890010862
 0.7366050256 0.2785501973 0.1728848645 0.0488290384 0.1414049218 0.2933682708 0.0717729630 0.0777888198 0.1688415604 0.1701076321 0.2741234193 0.1578725788 0.3641137004 0.2082021558 0.0087655529 0.2827685669 0.0906351913 0.0981921911 0.0563676433 0.4877867688 0.3086131234 0.4178201655 0.1430859765 0.1577149572 0.0623163408 0.3433207568 0.0521544194 0.1850402103 0.1033996620 0.4368601791 0.0542350584 0.4505376275 0.7695481334 0.2082350239 0.1073719079 0.4590488722 0.5000000000 0.7805971589 0.7144448964 0.9183257534 0.4659291423 0.7419633211 0.2349256097 0.8732173696 0.9729635891 0.9303533931 0.9682984038 0.9910928184 0.4214624483 0.9363468054 0.9156694201 0.9097184491 0.9625547953 0.8360850244 0.5428846415 0.7775264959 0.9460694696 0.9931110013 0.3493696034 0.7784962474
 0.4144387161 0.4388703558 0.3946555612 0.1120717603 0.2473202314 0.2142492173 0.3832594781 0.1946009372 0.2794815040 0.0872034173 0.5912629794 0.4142092986 0.1580606421 0.0376053896 0.1192973763 0.0718203472 0.3554304664 0.4051652817 0.2095212616 0.2435810961 0.1116010811 0.3157750816 0.1058016668 0.1842267168 0.4394186268 0.1994544698 0.5505256720 0.0203970417 0.0040781971 0.5330427254 0.6177317958 0.2122077293 0.0012505380 0.8038084623 0.5291245467 0.0917021533 0.2194028411 0.5000000000 0.3393903178 0.7950935752 0.7665664928 0.9005281887 0.9034758356 0.4016217373 0.4070141973 0.5473818050 0.8290965865 0.6152123573 0.5690542935 0.8222482651 0.8091180670 0.9978182040 0.8444298531 0.8733216566 0.7822479350 0.4064725235 0.5935452746 0.8516896589 0.6974844620 0.7431005671
 0.4758703015 0.0640897800 0.3733043030 0.4542610706 0.3737031954 0.4060079952 0.3838769617 0.0626161357 0.0127936354 0.2101404200 0.1850541099 0.3856785156 0.8365220092 0.2042096289 0.1675956553 0.4229656785 0.3630342679 0.4998790477 0.0420216285 0.4910913488 0.7164653350 0.1848644733 0.1079626648 0.3063980671 0.3289065648 0.2696309793 0.1072168609 0.0851292121 0.5086229696 0.1334591712 0.3134539620 0.3844937507 0.0366022644 0.1090072712 0.1233513244 0.2518115736 0.2855551036 0.6606096822 0.5000000000 0.6181418326 0.6614840624 0.9636849659 0.4494497191 0.9041225157 0.7938462376 0.7782446264 0.4428934335 0.6505626870 0.7667814641 0.7978884467 0.3886769936 0.6096208021 0.8253755445 0.4976741468 0.6503673995 0.4210417492 0.8055837965 0.8185063606 0.4068394662 0.8288218103
 0.4029223776 0.2669853843 0.2123184578 0.0014315473 0.0604423966 0.0785962456 0.2120701838 0.2904526909 0.2420233815 0.3230765062 0.1076585297 0.7798449434 0.3244991656 0.1912683269 0.1169848831 0.2924553827 0.0686381958 0.1674143143 0.0352354149 0.3806381750 0.1257362273 0.2438138509 0.4153042892 0.0064080618 0.1319857807 0.6606769613 0.1515561918 0.2168235657 0.6630143714 0.2839794482 0.5355575122 0.2018700380 0.3116142485 0.3437155027 0.5969255679 0.0226165708 0.0816742466 0.2049064248 0.3818581674 0.5000000000 0.8934836098 0.7903481522 0.6237870787 0.9255952469 0.6391272815 0.6066022742 0.4609680819 0.9407450139 0.9969494353 0.5332657578 0.6280883099 0.3449296764 0.8008861711 0.8401752543 0.8784658116 0.9594391043 0.6555953557 0.8346062066 0.6013067383 0.3529437766
 0.1900898761 0.0431302668 0.2590059008 0.1315534411 0.0388969245 0.1874188073 0.0940900097 0.0576996155 0.1666231009 0.0489087676 0.3239222262 0.1434885330 0.1880893637 0.3449557302 0.0513213862 0.3213690779 0.2113569638 0.1196340327 0.3695444495 0.4565721656 0.0772222395 0.2460922359 0.0255491403 0.2682643576 0.3927520424 0.3380612769 0.0237953256 0.5529229879 0.1637867360 0.2550668650 0.5430650564 0.3904923966 0.3102422679 0.0543958077 0.2618981266 0.0246598922 0.5340708577 0.2334335072 0.3385159376 0.1065163902 0.5000000000 0.9518467412 0.9709243923 0.4834464196 0.7730125916 0.8329463164 0.8010889621 0.6516992507 0.5312794762 0.2771572258 0.7978899239 0.8115652202 0.9989906792 0.5279091317 0.9430260345 0.8193616386 0.7947866832 0.7804252719 0.7690636293 0.6749047687
 0.3140389398 0.4301882135 0.1105345648 0.1426673320 0.0472066212 0.1284314152 0.0862871041 0.3246968458 0.1030540938 0.6636126759 0.4110348961 0.0130289481 0.0717194987 0.6406238170 0.3893864459 0.2076445029 0.2185022659 0.5383217779 0.2064229596 0.1770347419 0.0925607765 0.1551517341 0.0590911716 0.2021680802 0.2763360970 0.1546167935 0.0201887380 0.0337130029 0.2368987341 0.5823619789 0.6811245797 0.2729192809 0.4009104875 0.3831196700 0.5682929466 0.1837149806 0.2580366789 0.0994718113 0.0363150341 0.2096518478 0.0481532588 0.5000000000 0.3659346933 0.9268710231 0.9634577980 0.7437419349 0.7461793939 0.9527275216 0.9938811979 0.8019048231 0.6292364978 0.9800086511 0.9374190245 0.9399657220 0.7374499883 0.8534662281 0.9734197285 0.9048092260 0.8242054489 0.5346276233
 0.0444196632 0.3536898130 0.0967271404 0.0538575283 0.5077445037 0.0734195686 0.4513329407 0.4527658121 0.4705267029 0.0868241276 0.4312218937 0.0033932407 0.6426114433 0.3277875815 0.3865465775 0.2131103870 0.1218403860 0.0523813994 0.0893276079 0.2157207012 0.1987936961 0.6414712602 0.3837707853 0.7339497314 0.6682144724 0.2815662616 0.2316949664 0.0041746324 0.1894661647 0.2813831300 0.0176712006 0.2360669139 0.4637611188 0.3564144987 0.1528480554 0.2728511227 0.7650743903 0.0965241644 0.5505502809 0.3762129213 0.0290756077 0.6340653067 0.5000000000 0.8235003283 0.9237533909 0.8912814765 0.8107120566 0.7747272730 0.5947885767 0.9957401998 0.6466287475 0.9092210780 0.7864947483 0.8724316365 0.8249020950 0.8950288690 0.3615539908 0.8169271248 0.4372247401 0.5309942484
 0.5353784865 0.3363409980 0.4060780002 0.0242489711 0.2933917081 0.1047251343 0.0455768808 0.4870983150 0.3130437069 0.3463331482 0.4960547078 0.3728324196 0.3025290266 0.0889887069 0.7235213372 0.0583845185 0.1355431431 0.2858372627 0.3344126785 0.3629032686 0.1597550261 0.2015474943 0.0535532709 0.0327422512 0.3563198142 0.2655973856 0.1710873352 0.2243182815 0.1032750963 0.6365369765 0.2902388917 0.4740126156 0.6291359257 0.1972568603 0.4057379444 0.3773299796 0.1267826304 0.5983782627 0.0958774843 0.0744047531 0.5165535804 0.0731289769 0.1764996717 0.5000000000 0.9195090914 0.9811940316 0.7363051720 0.5413897385 0.8150291128 0.6710558803 0.8962926112 0.5105345870 0.3448637137 0.9351205894 0.8931647401 0.5046826949 0.9756972565 0.9636184998 0.8308640689 0.4491476267
 0.2135943445 0.6444330522 0.1194063487 0.5156414337 0.3172783165 0.5595826023 0.0119645697 0.3712731648 0.7584489547 0.0866343996 0.0268486136 0.7511254110 0.4459105206 0.1073328736 0.4555029240 0.6287474235 0.4713984188 0.3025831293 0.3964689552 0.0254636892 0.0105908765 0.4000413637 0.4603254297 0.0706197285 0.1970223425 0.3242199334 0.0541682498 0.1444463959 0.1695075987 0.3983940443 0.3704791877 0.1921594862 0.0207639391 0.1947007162 0.2387321446 0.3466929325 0.0270364109 0.5929858027 0.2061537624 0.3608727185 0.2269874084 0.0365422020 0.0762466091 0.0804909086 0.5000000000 0.6941124319 0.8167677348 0.9552630976 0.6917408939 0.6354588622 0.9859221905 0.6854561954 0.8329574223 0.9264042177 0.6576689369 0.7201195939 0.6981794470 0.5179057121 0.9004047845 0.8434672907
 0.1893617306 0.0640064342 0.0226241491 0.4212252765 0.0307432432 0.3429889304 0.6410648925 0.1975961314 0.2682146064 0.4017995529 0.1332566842 0.2885350406 0.2869813832 0.1221224900 0.0654420061 0.0582839450 0.2809815953 0.0968413401 0.2698876086 0.3793804834 0.0544335878 0.0914065792 0.5396741827 0.1301400605 0.3868664320 0.2901394556 0.0714684978 0.2183093221 0.0191191751 0.0502863528 0.7935472441 0.2194898671 0.0325368019 0.2863153050 0.2812547741 0.8061531170 0.0696466069 0.4526181950 0.2217553736 0.3933977258 0.1670536836 0.2562580651 0.1087185235 0.0188059684 0.3058875681 0.5000000000 0.9274534892 0.7880105734 0.8185104550 0.8342310224 0.8134012455 0.7173940139 0.9637005046 0.9426774452 0.9385056895 0.7460051721 0.7601119828 0.7693087281 0.8482014447 0.7681880611
 0.1212352987 0.0598086142 0.6005018096 0.3727044269 0.1423182487 0.0294191408 0.1441164118 0.4917187429 0.1098005488 0.6128801515 0.1658793591 0.2654983322 0.0634435411 0.0660343095 0.0308239633 0.3312043123 0.1446573182 0.7394406399 0.3794448494 0.3305107633 0.3652838299 0.0988938518 0.4117611712 0.0840683003 0.5032045492 0.2458679809 0.0804502007 0.0062397979 0.1759968359 0.0253520010 0.0200988650 0.3557629887 0.0785236727 0.1361048931 0.2456575872 0.1249964140 0.0317015962 0.1709034135 0.5571065665 0.5390319181 0.1989110379 0.2538206061 0.1892879434 0.2636948280 0.1832322652 0.0725465108 0.5000000000 0.3961313645 0.8930049319 0.8882779167 0.7380904360 0.5133078195 0.6430730698 0.8694800313 0.7220003960 0.7175136444 0.8511480747 0.7562895286 0.9661557404 0.7881352955
 0.4108495505 0.3430691747 0.3717737217 0.2228397000 0.0180055109 0.5133720491 0.0349417893 0.3136714751 0.2392031106 0.2077343686 0.5757775421 0.2222206345 0.6985972111 0.2806847352 0.6445987659 0.2051701052 0.2322853981 0.1034372688 0.3128253611 0.4825371972 0.3785163170 0.3372904112 0.2846483519 0.1899106140 0.5417450234 0.0569439589 0.4740565207 0.1383359251 0.0632594433 0.4500389515 0.4641659507 0.0851747763 0.3460551781 0.4489393336 0.0334976562 0.1294741424 0.0089071816 0.3847876427 0.3494373130 0.0592549861 0.3483007493 0.0472724784 0.2252727270 0.4586102615 0.0447369024 0.2119894266 0.6038686355 0.5000000000 0.6423591329 0.7642801893 0.8603979430 0.8969506963 0.7325408861 0.7856651145 0.9690983166 0.7674912034 0.8922170149 0.8114128563 0.4845786562 0.8700767866
 0.1140947318 0.2192445232 0.4573553619 0.3456259140 0.0259786098 0.0473946898 0.2835858324 0.2763066756 0.3440767222 0.0973167227 0.2840682410 0.3239174489 0.6820292903 0.4066179379 0.5740599465 0.0286283037 0.1703418306 0.1409184737 0.4758266715 0.1401703875 0.1848256051 0.2329188136 0.1108365937 0.1181993203 0.1467929029 0.3868210287 0.5456463237 0.3450960334 0.5489607542 0.1608700016 0.0433095678 0.1413031088 0.0289671396 0.4004717885 0.4422802174 0.0529035023 0.5785375517 0.4309457065 0.2332185359 0.0030505647 0.4687205238 0.0061188021 0.4052114233 0.1849708872 0.3082591061 0.1814895450 0.1069950681 0.3576408671 0.5000000000 0.9276840721 0.9434473258 0.8000792489 0.6225085509 0.6442441333 0.5574595415 0.3480590974 0.7828387538 0.8267839841 0.8896510300 0.7840243185
 0.0900185803 0.0373570309 0.1956658215 0.3315662509 0.1777921083 0.1196788862 0.2048323392 0.4220378767 0.0468439512 0.2705146948 0.2070751083 0.6150967291 0.1520142867 0.6818092928 0.4071702480 0.3834409208 0.0235143788 0.2519510213 0.2377644563 0.3538579960 0.4910548137 0.6346981074 0.2270437105 0.0977585049 0.1267229415 0.2538294409 0.0784791284 0.1173061663 0.1722575616 0.2106145636 0.1861122048 0.4707784739 0.4345831970 0.0506587608 0.2129448453 0.4328955104 0.0636531946 0.1777517349 0.2021115533 0.4667342422 0.7228427742 0.1980951769 0.0042598002 0.3289441197 0.3645411378 0.1657689776 0.1117220833 0.2357198107 0.0723159279 0.5000000000 0.8620042774 0.1849166317 0.7961210932 0.4019508559 0.8828464148 0.4792225473 0.7172640851 0.6496484353 0.7874302705 0.9771149680
 0.2416520009 0.0040622403 0.0598298724 0.0943056430 0.1171910543 0.0113882805 0.2125133705 0.5760674924 0.2855884472 0.1557523519 0.0343366388 0.2739378458 0.2031346754 0.6411146956 0.3481529823 0.0392936132 0.5459320417 0.2237747147 0.1309367643 0.1702422338 0.0355648840 0.1388693558 0.1565641333 0.0606154115 0.1179825068 0.2921087076 0.2364930083 0.0790679846 0.2191930384 0.3363853562 0.2248325136 0.3397489784 0.0654621026 0.3806641365 0.6974683097 0.4262907050 0.0843305799 0.1908819330 0.6113230064 0.3719116901 0.2021100761 0.3707635022 0.3533712525 0.1037073888 0.0140778095 0.1865987545 0.2619095640 0.1396020570 0.0565526742 0.1379957226 0.5000000000 0.9346941837 0.3900061537 0.5872762137 0.9324477376 0.7067361916 0.9450242225 0.9310144503 0.5980311040 0.8196306607
 0.0663194778 0.1081796010 0.0855434233 0.1104341711 0.0361283002 0.0013112351 0.1560449853 0.6672084774 0.1434624580 0.3826949662 0.2079021515 0.0581406188 0.0701821432 0.1137554167 0.6818435948 0.0041886871 0.4183536515 0.1593723193 0.4802746906 0.6431392348 0.4658204045 0.0219152002 0.3195742345 0.6176696173 0.1203199658 0.7724828984 0.2828468764 0.4044190920 0.3692128440 0.2756687945 0.1169320757 0.4621682942 0.0665543405 0.1858630993 0.0374238854 0.3375532012 0.0902815509 0.0021817960 0.3903791979 0.6550703236 0.1884347798 0.0199913489 0.0907789220 0.4894654130 0.3145438046 0.2826059861 0.4866921805 0.1030493037 0.1999207511 0.8150833683 0.0653058163 0.5000000000 0.8847526545 0.8366292703 0.9839166395 0.7588789254 0.7837040718 0.9837090010 0.6750066332 0.7413603554
 0.4147319320 0.3105280496 0.4760124915 0.2719739906 0.3920191647 0.1906756702 0.4847202580 0.1504999242 0.1513422271 0.2185735984 0.0588926833 0.0005774416 0.2655645844 0.3099394086 0.0678398635 0.0119273790 0.5409175354 0.1978382713 0.0846482006 0.1842468452 0.4122636507 0.2182611944 0.1641921386 0.2824926974 0.3422371548 0.0967147655 0.2058682164 0.3064640606 0.0656826718 0.0648748733 0.1597639342 0.2230278641 0.2500323206 0.4520530098 0.3588842309 0.1359929771 0.0374452047 0.1555701469 0.1746244555 0.1991138289 0.0010093208 0.0625809755 0.2135052517 0.6551362863 0.1670425777 0.0362994954 0.3569269302 0.2674591139 0.3774914491 0.2038789068 0.6099938463 0.1152473455 0.5000000000 0.8756805528 0.9630153099 0.9715928288 0.3505441374 0.8465364613 0.2908018141 0.5907170590
 0.0906323601 0.3643537206 0.5315971886 0.1326353787 0.1859895321 0.0853611910 0.3309594124 0.0228228305 0.0597026568 0.0291936454 0.0977083417 0.3426648866 0.0205297446 0.2708028652 0.1455826077 0.0528837229 0.1496120235 0.1056392399 0.3685193519 0.1424845720 0.0031183356 0.1220484491 0.0268768249 0.3800062329 0.0329124297 0.3356169723 0.0339893185 0.1313668667 0.0107833271 0.0939729432 0.0358966988 0.0381483052 0.0991294728 0.1998029880 0.5266599704 0.4094815846 0.1639149756 0.1266783434 0.5023258532 0.1598247457 0.4720908683 0.0600342780 0.1275683635 0.0648794106 0.0735957823 0.0573225548 0.1305199687 0.2143348855 0.3557558667 0.5980491441 0.4127237863 0.1633707297 0.1243194472 0.5000000000 0.9495573094 0.7182707899 0.5967451642 0.9634832871 0.5029000926 0.8394874396
 0.1501451927 0.5012866434 0.0523943342 0.1321942652 0.5197964800 0.0262889713 0.2508933746 0.0936369204 0.3093069471 0.0740693181 0.3832599385 0.4601653709 0.1506964097 0.0145057641 0.2289355358 0.1212431085 0.5509858676 0.2748329567 0.4599728716 0.2650747694 0.1711633887 0.0258532295 0.0542955825 0.4320652822 0.5325632842 0.4075994944 0.0006016592 0.1577571350 0.0869971217 0.5855937216 0.5535452034 0.4208512639 0.0456224161 0.3886207694 0.4912342015 0.2535971904 0.4571153585 0.2177520650 0.3496326005 0.1215341884 0.0569739655 0.2625500117 0.1750979050 0.1068352599 0.3423310631 0.0614943105 0.2779996040 0.0309016834 0.4425404585 0.1171535852 0.0675522624 0.0160833605 0.0369846901 0.0504426906 0.5000000000 0.9675261540 0.9541703649 0.8224737320 0.4327704853 0.9709405501
 0.5254586195 0.4611845221 0.3253002811 0.2516543029 0.5136692510 0.0582476514 0.6098462893 0.0971514066 0.3779108712 0.5191830757 0.2277028243 0.0591877316 0.0410415850 0.3811866832 0.0167058163 0.3618707108 0.7957672881 0.2240558781 0.2872108823 0.0915594603 0.3579624690 0.6985482723 0.1144658469 0.0701224806 0.1815200043 0.2748029904 0.0156234851 0.3251348232 0.2018907274 0.3873848100 0.6869205167 0.0641333992 0.0657469614 0.0088259875 0.6477442731 0.5739300851 0.2224735041 0.5935274765 0.5789582508 0.0405608957 0.1806383614 0.1465337719 0.1049711310 0.4953173051 0.2798804061 0.2539948279 0.2824863556 0.2325087966 0.6519409026 0.5207774527 0.2932638084 0.2411210746 0.0284071712 0.2817292101 0.0324738460 0.5000000000 0.9712495423 0.9896006867 0.8532965205 0.6584298302
 0.0086080429 0.0153066315 0.0406878553 0.0083710154 0.3651569947 0.0236232651 0.3893653639 0.3439511918 0.3641158525 0.1242457288 0.5291570837 0.2062871313 0.3657754714 0.3512029701 0.4154311450 0.0881673887 0.5199084370 0.4477886101 0.3830882861 0.1210774963 0.4544196912 0.3190784078 0.1159552735 0.1928431378 0.1293851005 0.1287587390 0.3712417478 0.0404472599 0.0305446364 0.0533957742 0.3356021160 0.0886989941 0.1308240908 0.2819002822 0.0778023822 0.2371930533 0.0539305304 0.4064547254 0.1944162035 0.3444046443 0.2052133168 0.0265802715 0.6384460092 0.0243027435 0.3018205530 0.2398880172 0.1488519253 0.1077829851 0.2171612462 0.2827359149 0.0549757775 0.2162959282 0.6494558626 0.4032548358 0.0458296351 0.0287504577 0.5000000000 0.9421228930 0.6543315601 0.8035771698
 0.5107092188 0.2052580638 0.0537944095 0.2867748877 0.4972497436 0.1289671264 0.1384593213 0.5873308474 0.2021329583 0.4554016407 0.3201809552 0.1083513157 0.0247917742 0.3428468972 0.0544661060 0.3370251669 0.0463416304 0.1713251619 0.1761669940 0.4065685762 0.3510454287 0.0424389781 0.4628135460 0.2302868466 0.2906783727 0.0485627810 0.3114805354 0.0432892889 0.4537150845 0.1404567859 0.3479631327 0.0435794190 0.1230666583 0.0398723816 0.1398791949 0.0579664703 0.0068889987 0.1483103411 0.1814936394 0.1653937934 0.2195747281 0.0951907740 0.1830728752 0.0363815002 0.4820942879 0.2306912719 0.2437104714 0.1885871437 0.1732160159 0.3503515647 0.0689855497 0.0162909990 0.1534635387 0.0365167129 0.1775262680 0.0103993133 0.0578771070 0.5000000000 0.8394626117 0.4469090967
 0.5561462735 0.3386380231 0.4415328974 0.3046885936 0.0526925888 0.2991282592 0.0522691630 0.1847481712 0.0546084331 0.4686682156 0.1087539775 0.7021370263 0.0002701511 0.0331753095 0.3585741001 0.1247037944 0.0741181776 0.0249606964 0.2164658257 0.0604772853 0.1221645535 0.1799585182 0.0019354151 0.0261721343 0.2925812734 0.0168872529 0.4468366052 0.4209256681 0.7730152293 0.1868206580 0.3327271533 0.0804495558 0.3043504679 0.2902608295 0.5962610222 0.5935994543 0.6506303966 0.3025155380 0.5931605338 0.3986932617 0.2309363707 0.1757945511 0.5627752599 0.1691359311 0.0995952155 0.1517985553 0.0338442596 0.5154213438 0.1103489700 0.2125697295 0.4019688960 0.3249933668 0.7091981859 0.4970999074 0.5672295147 0.1467034795 0.3456684399 0.1605373883 0.5000000000 0.8636582484
 0.4820955719 0.4221150575 0.1382525525 0.3911261084 0.0273188608 0.4305336257 0.1065631734 0.0585108999 0.1175130696 0.3591695560 0.4070997114 0.2090459798 0.4920213957 0.1549866733 0.5662437024 0.0225333087 0.2033823564 0.0940989120 0.3834006336 0.1102864314 0.0369307007 0.1411692902 0.2031977886 0.4270803373 0.1169285749 0.0896469223 0.3619277711 0.2654037364 0.0017660163 0.0019130237 0.0971312664 0.0933058995 0.7896936340 0.2675039488 0.0508557262 0.1109989138 0.2215037526 0.2568994329 0.1711781897 0.6470562234 0.3250952313 0.4653723767 0.4690057516 0.5508523733 0.1565327093 0.2318119389 0.2118647045 0.1299232134 0.2159756815 0.0228850320 0.1803693393 0.2586396446 0.4092829410 0.1605125604 0.0290594499 0.3415701698 0.1964228302 0.5530909033 0.1363417516 0.5000000000
]
