n: 60

c:
[
 0.5000000000 0.8323470266 0.5515334583 0.8380139463 0.7909621036 0.5005828961 0.7508875059 0.9484762619 0.5832690859 0.9619436292 0.7696293407 0.6360777891 0.9041792139 0.5431628743 0.4205319728 0.4622095406 0.7799374370 0.6275559103 0.7396975345 0.8522929141 0.9580721057 0.9176543610 0.9506613359 0.6806306800 0.5946786424 0.4072043095 0.6681558453 0.9796114742 0.6831592506 0.5106440948 0.9010312244 0.4826669921 0.9868289353 0.9550545209 0.6951231800 0.7717937772 0.8884822908 0.7585623130 0.5165472524 0.6494732828 0.7097093018 0.8566002669 0.7703848704 0.5394639464 0.6908256769 0.8126500583 0.8821493324 0.9827526820 0.9143903468 0.9863746482 0.5992065529 0.7457769934 0.7241575128 0.9439733603 0.4111787769 0.9129877980 0.8586006101 0.9943301237 0.5931114551 0.9299523169
 0.1676529734 0.5000000000 0.7745578343 0.7236898409 0.9613968608 0.9941797184 0.5161484325 0.9364152996 0.9770334169 0.9769342643 0.6321309364 0.8853626470 0.9041079164 0.5500344776 0.8655643909 0.7476180576 0.1830839297 0.5186302483 0.6401064752 0.5187302044 0.8677790563 0.5926453079 0.9091317691 0.8363844874 0.4468288748 0.9842865492 0.7325640002 0.9779773795 0.4558732266 0.4995770834 0.4384929312 0.6617297463 0.7760910623 0.5589374754 0.7667530941 0.8360062849 0.9634054422 0.9624676583 0.6953153723 0.3399763976 0.9273559445 0.6694403977 0.9132839150 0.9945213416 0.5916926403 0.9309415883 0.9609891230 0.8917922967 0.9978818760 0.1966482403 0.7804656655 0.8831277370 0.6083409027 0.9047679096 0.8439614413 0.9308710032 0.5458381331 0.6088118472 0.6472613076 0.9117071475
 0.4484665417 0.2254421657 0.5000000000 0.4873912889 0.4258557098 0.6907873477 0.5239756918 0.8662224812 0.9553032437 0.8638674938 0.8104970361 0.8061175950 0.9639008301 0.5381205856 0.7941937833 0.8493077790 0.9460684838 0.9844216482 0.6868402478 0.6689507660 0.8841730686 0.5147906080 0.6911710177 0.5704034336 0.8982246054 0.7292719193 0.8606045290 0.7767466604 0.2814824855 0.8785650981 0.5296569471 0.8060932601 0.1603875264 0.5118826398 0.8905344888 0.5146348960 0.9550017653 0.2485145954 0.9211149997 0.9236340252 0.7769129695 0.7163656278 0.4241252723 0.8498542540 0.8593830506 0.6603284985 0.8701763883 0.3728150105 0.8656220139 0.7985786566 0.9291588422 0.7808347052 0.9611020725 0.7223683436 0.8842942263 0.9972926926 0.1354165000 0.8571769914 0.8011541404 0.5764281009
 0.1619860537 0.2763101591 0.5126087111 0.5000000000 0.9553632707 0.8003915233 0.9041994222 0.6778378065 0.7985625208 0.1281999130 0.7903680552 0.5686957867 0.7104951803 0.7172243741 0.6320293942 0.6681122528 0.5496642465 0.7076054118 0.8976178114 0.8776858596 0.3338699457 0.3337961774 0.8892785646 0.9649487770 0.8803031494 0.7209448768 0.6820235452 0.8217342535 0.9978944751 0.5087730685 0.7051254195 0.9560690252 0.6186034698 0.6606837318 0.8519550740 0.8661527343 0.8882872456 0.2821079731 0.8336841961 0.9109183429 0.2806293687 0.9528053558 0.8585801308 0.3132742186 0.7418627259 0.8743841525 0.5379271464 0.4809846892 0.9313529548 0.3876767582 0.9728143604 0.9560005602 0.7683007674 0.9666600310 0.8761851495 0.7642323638 0.3051334815 0.6686637416 0.9068318655 0.7106471563
 0.2090378964 0.0386031392 0.5741442902 0.0446367293 0.5000000000 0.6966478668 0.7983049195 0.5440068778 0.8165414157 0.9634419058 0.9705715081 0.5948288675 0.9316727393 0.7538066188 0.7741855920 0.3277183097 0.5471608825 0.9037160270 0.9512882750 0.8683277301 0.5015877463 0.6567539329 0.6537319589 0.7239273751 0.8265544407 0.3742871590 0.7448104408 0.6295758233 0.5314408290 0.7492294079 0.4983542028 0.7749307010 0.9546995393 0.9794253456 0.5277572582 0.8457521952 0.5756471927 0.6048982070 0.9123360601 0.6961245788 0.7624870015 0.5882271108 0.9951283005 0.8219524749 0.9299230594 0.7522671908 0.9092017261 0.6163866650 0.7846248793 0.9318489637 0.4895866934 0.9773699491 0.7947488598 0.9288490400 0.7560925891 0.5112881682 0.8291405480 0.9974812011 0.6671988424 0.6822626584
 0.4994171039 0.0058202816 0.3092126523 0.1996084767 0.3033521332 0.5000000000 0.3511156804 0.5919557884 0.8889176273 0.8040299073 0.9997381168 0.9521131573 0.9630963506 0.8918742974 0.8308415158 0.5927284966 0.7079314875 0.8000219092 0.8534025680 0.9479221177 0.6838268317 0.8670157835 0.7836571385 0.7591586660 0.8693145859 0.3293634189 0.6222198050 0.9970008942 0.7200465132 0.9522928518 0.7794683805 0.8385234589 0.7838249684 0.9605550598 0.9956546988 0.7495904905 0.8904644734 0.9537758233 0.5415457000 0.5822175420 0.4788335463 0.6889709149 0.2776657526 0.6100595338 0.5247447801 0.4124253059 0.8418602605 0.8630761423 0.5256665338 0.8130489366 0.9765688002 0.6792530658 0.9149749191 0.9687852124 0.9419398077 0.5065050001 0.7773490827 0.9513438465 0.6920949846 0.8960132102
 0.2491124941 0.4838515675 0.4760243082 0.0958005778 0.2016950805 0.6488843196 0.5000000000 0.8033270394 0.8155012149 0.7899529729 0.7409292819 0.4939099415 0.4811241104 0.8504990893 0.9273162363 0.5065346268 0.9388299799 0.3105805271 0.9120630430 0.5977650491 0.6492103112 0.4098484213 0.9504617308 0.9808927798 0.7018166694 0.5052821769 0.8532552980 0.7186563783 0.8052141869 0.8484866051 0.9980678535 0.1215369733 0.9526632229 0.8836081287 0.6226865722 0.4912970937 0.8714058591 0.9589496253 0.9206670272 0.8104204903 0.9489759421 0.8476219765 0.3380365391 0.8091955743 0.4302781965 0.5526216663 0.9642455419 0.9598831125 0.6298432807 0.7877733318 0.7749549375 0.9669861986 0.4244455459 0.7046860286 0.8892162532 0.5256631084 0.7556182233 0.7221702200 0.8406980831 0.8807763386
 0.0515237381 0.0635847004 0.1337775188 0.3221621935 0.4559931222 0.4080442116 0.1966729606 0.5000000000 0.8800792679 0.9366476620 0.5920401573 0.9064300687 0.5836758759 0.2157456697 0.7649871803 0.2915782284 0.6990977759 0.8182790236 0.9848459313 0.6016676608 0.6637585014 0.3652503407 0.8306458832 0.7661725920 0.9631015075 0.9881139392 0.6557133225 0.9525298960 0.8677168824 0.8015367333 0.7105132428 0.2823577539 0.3361381135 0.8782635325 0.9209975261 0.9745787581 0.9846447598 0.7736939630 0.6881453666 0.8691346479 0.6977206116 0.9505212613 0.7743653489 0.9847113372 0.2472103858 0.9659649910 0.9025130667 0.9943450563 0.8082148808 0.6388280012 0.4690758128 0.9903674310 0.8997789209 0.5592038175 0.8523296192 0.6907478787 0.9252084651 0.9985669368 0.3301794209 0.5856237609
 0.4167309141 0.0229665831 0.0446967563 0.2014374792 0.1834585843 0.1110823727 0.1844987851 0.1199207321 0.5000000000 0.9345387033 0.9297497730 0.1979032935 0.7113076937 0.7794835641 0.7519167907 0.9531883596 0.8830676882 0.2773424472 0.9045531048 0.4831850214 0.9718730672 0.8329582260 0.6664154840 0.8685152899 0.9010916606 0.5116421623 0.9510183488 0.7379438283 0.4998111608 0.7628053293 0.5538695452 0.9923675177 0.6535466307 0.8943558324 0.8571529925 0.4902025277 0.7139284693 0.7329732483 0.7841616646 0.7705913795 0.9211653769 0.9418119440 0.9732048623 0.6914886907 0.8825513142 0.7016168290 0.6982184492 0.8802193925 0.8476372058 0.8454246705 0.9274157025 0.8426886093 0.7809185339 0.9849662030 0.7575448072 0.6927875393 0.7920486161 0.8118403967 0.5698384367 0.9236903044
 0.0380563708 0.0230657357 0.1361325062 0.8718000870 0.0365580942 0.1959700927 0.2100470271 0.0633523380 0.0654612967 0.5000000000 0.8691097886 0.5901093164 0.8309382288 0.5918593435 0.7603291728 0.4112016138 0.4476572778 0.9206800420 0.2999370313 0.9508434544 0.8014162527 0.9986134449 0.4864543355 0.4818827134 0.8183207690 0.9307315224 0.9131426282 0.9742454592 0.6737361553 0.6651775294 0.3875570913 0.9870058772 0.8802503679 0.3840139985 0.4956191661 0.7027394418 0.7629507675 0.8475489828 0.6999113087 0.7014671420 0.2842302382 0.6373124016 0.8566180232 0.8320018912 0.5838751083 0.6785714854 0.9549550499 0.8619487886 0.8004193694 0.9243749904 0.9584787613 0.6796955968 0.6775976135 0.9618637986 0.9792394458 0.8967151973 0.8502315854 0.3012120408 0.9747860997 0.5851108797
 0.2303706593 0.3678690636 0.1895029639 0.2096319448 0.0294284919 0.0002618832 0.2590707181 0.4079598427 0.0702502270 0.1308902114 0.5000000000 0.8359910515 0.7715796136 0.8538904495 0.4614808507 0.5319027005 0.7399461814 0.8232048951 0.9252928766 0.8129945926 0.8539092385 0.3815131164 0.8901724645 0.6699500932 0.7993247874 0.7036195324 0.9563953432 0.5558104140 0.6571267670 0.9273062699 0.5470526612 0.5932881428 0.8217817297 0.8720426326 0.7108157827 0.9128644603 0.4690943956 0.7349806544 0.5256982346 0.7633426935 0.9412102928 0.8564532190 0.5015505712 0.8906233570 0.9804979994 0.7219616052 0.6620416714 0.2059854362 0.9281038620 0.8108318972 0.2636558620 0.9834442103 0.9150189829 0.7858582796 0.8451046408 0.7276266111 0.3096445565 0.7274099764 0.7593304687 0.6123240422
 0.3639222109 0.1146373530 0.1938824050 0.4313042133 0.4051711325 0.0478868427 0.5060900585 0.0935699313 0.8020967065 0.4098906836 0.1640089485 0.5000000000 0.8362525288 0.8491361690 0.7638657251 0.6262507783 0.9848561597 0.9203753246 0.7758445609 0.7604396539 0.7894784418 0.9730781113 0.6118265729 0.8675437935 0.8900773934 0.9460781933 0.7610529293 0.8301202687 0.8326620279 0.8013620969 0.9917865713 0.8609956922 0.4631977748 0.9602022680 0.7506521670 0.9039084283 0.7749167287 0.9172443731 0.5501201610 0.9964814503 0.8457151999 0.9863320399 0.7819363831 0.7493158581 0.9965272671 0.8107870618 0.8076436794 0.4953141746 0.9173470288 0.9361983759 0.8021678307 0.7857845022 0.8317123216 0.5438747561 0.4157874442 0.3905789373 0.9986546131 0.8912025072 0.7349560306 0.5763265991
 0.0958207861 0.0958920836 0.0360991699 0.2895048197 0.0683272607 0.0369036494 0.5188758896 0.4163241241 0.2886923063 0.1690617712 0.2284203864 0.1637474712 0.5000000000 0.8819269394 0.4955870242 0.4340506880 0.9987129638 0.6378850415 0.4266345435 0.8465487693 0.9296729596 0.9399663115 0.7332163111 0.8685124193 0.2708538933 0.9953939691 0.4256383124 0.6467881947 0.7427817847 0.7348484801 0.7177768415 0.6546674779 0.9514656479 0.9097215274 0.5344610807 0.7641217338 0.3525490169 0.8119133796 0.7102168843 0.9814385265 0.4925757807 0.8278014194 0.7279898792 0.6075546984 0.6952135852 0.8482041004 0.9120373524 0.9034892702 0.5359662085 0.6996062070 0.5699453703 0.7672456969 0.8439050426 0.7311715722 0.7734728432 0.8650081453 0.4696771356 0.9433403086 0.9952134136 0.6891781106
 0.4568371257 0.4499655224 0.4618794144 0.2827756259 0.2461933812 0.1081257026 0.1495009107 0.7842543303 0.2205164359 0.4081406565 0.1461095505 0.1508638310 0.1180730606 0.5000000000 0.7467982965 0.7960698142 0.8083165423 0.8398245320 0.7576737156 0.8665707927 0.3908931107 0.9448133325 0.4594496419 0.9502477471 0.6612998142 0.7869842603 0.6354749073 0.6514262244 0.8838521438 0.6786548535 0.7423074016 0.4275668863 0.3236934388 0.6710467614 0.7577259470 0.9985331834 0.4303992405 0.5579712612 0.7877452443 0.6858993178 0.9320120158 0.6876245895 0.6446818042 0.8469761207 0.4031383256 0.9712611984 0.9814287711 0.7281873219 0.8526411667 0.8586154740 0.9993054939 0.8333214857 0.7196079871 0.9173723080 0.8911251466 0.8877831024 0.8981058648 0.9331392529 0.7861122221 0.7576009968
 0.5794680272 0.1344356091 0.2058062167 0.3679706058 0.2258144080 0.1691584842 0.0726837637 0.2350128197 0.2480832093 0.2396708272 0.5385191493 0.2361342749 0.5044129758 0.2532017035 0.5000000000 0.6972090010 0.8985668212 0.6295485829 0.7953160829 0.8949238224 0.8189419152 0.5760073197 0.3742598152 0.9221519227 0.9090391273 0.6876587975 0.6282586194 0.7976065260 0.7956188239 0.7794120399 0.8938341514 0.5255656670 0.8268662321 0.8369906169 0.6688319118 0.6307115970 0.5722677285 0.7365935051 0.9762485283 0.6844639877 0.9153569618 0.8319934776 0.8978196131 0.8715290776 0.3178381051 0.7018099740 0.6718119349 0.8687587682 0.9613767453 0.9742668336 0.1834032251 0.8338556008 0.9556589869 0.9570429023 0.9543300937 0.6845741484 0.9021312573 0.4334443721 0.6987335725 0.5949325753
 0.5377904594 0.2523819424 0.1506922210 0.3318877472 0.6722816903 0.4072715034 0.4934653732 0.7084217716 0.0468116404 0.5887983862 0.4680972995 0.3737492217 0.5659493120 0.2039301858 0.3027909990 0.5000000000 0.7119796123 0.6810541004 0.8469187440 0.6230127262 0.7144999810 0.8853384761 0.9618234598 0.5401401553 0.4397519294 0.6251316379 0.9911173280 0.8558257845 0.8809874474 0.8249528368 0.9362244381 0.9088978863 0.5749692261 0.9432224905 0.7824720484 0.8107341652 0.7822764617 0.8272389609 0.9846677421 0.9972071462 0.8086369123 0.8281188660 0.7308582200 0.4425089093 0.3452129202 0.5013118560 0.7327449209 0.8690385379 0.8344812638 0.5778030009 0.8303612779 0.9468087127 0.9087738247 0.6418577457 0.8225382030 0.9688016352 0.9303871524 0.5787911383 0.8407363170 0.8963376373
 0.2200625630 0.8169160703 0.0539315162 0.4503357535 0.4528391175 0.2920685125 0.0611700201 0.3009022241 0.1169323118 0.5523427222 0.2600538186 0.0151438403 0.0012870362 0.1916834577 0.1014331788 0.2880203877 0.5000000000 0.5911687580 0.7900427299 0.9788957176 0.8960029635 0.9452121279 0.6801170729 0.8452330992 0.6791899310 0.8498604789 0.9294226979 0.6654799321 0.5059452986 0.7627144218 0.9614277224 0.6550829441 0.9197219446 0.8820085685 0.7379001882 0.3725792558 0.6507061801 0.9371210371 0.7209065902 0.4664431349 0.9934450873 0.8528591078 0.8692577769 0.8678338184 0.7391563391 0.7014560537 0.5586649261 0.9961320964 0.9360074553 0.9888841908 0.5376023069 0.9485177441 0.5767425227 0.9063531166 0.8448530025 0.5952862537 0.7752578743 0.9662613030 0.7589912743 0.9284319090
 0.3724440897 0.4813697517 0.0155783518 0.2923945882 0.0962839730 0.1999780908 0.6894194729 0.1817209764 0.7226575528 0.0793199580 0.1767951049 0.0796246754 0.3621149585 0.1601754680 0.3704514171 0.3189458996 0.4088312420 0.5000000000 0.7315134829 0.8116466016 0.5437468702 0.5521408074 0.4995950538 0.7838594017 0.9865515673 0.6265177194 0.9312835621 0.9569480744 0.4976099996 0.3245123160 0.8648416179 0.7937108879 0.8170739706 0.7224318465 0.9762451130 0.4577249327 0.6753232915 0.6854919206 0.8835280193 0.9813986004 0.9541280680 0.9378205893 0.8951884530 0.8135452363 0.9471298762 0.5712208052 0.9387685488 0.6335681240 0.8846906926 0.9384422509 0.9363317774 0.9054607362 0.7262368147 0.9293270138 0.6145702526 0.9284214704 0.7780390252 0.7536448403 0.9154334686 0.9376863695
 0.2603024655 0.3598935248 0.3131597522 0.1023821886 0.0487117250 0.1465974320 0.0879369570 0.0151540687 0.0954468952 0.7000629687 0.0747071234 0.2241554391 0.5733654565 0.2423262844 0.2046839171 0.1530812560 0.2099572701 0.2684865171 0.5000000000 0.7383166408 0.4471521453 0.8354687788 0.6773746103 0.6707285481 0.9354083857 0.9063157882 0.9687713090 0.4963862633 0.8697072217 0.9028660055 0.8844161042 0.4713989716 0.8643329133 0.6744305377 0.6195588621 0.9605251794 0.9729529350 0.7927441643 0.9239277132 0.8278796068 0.8193550896 0.8040159249 0.9126121057 0.4926752687 0.7576540258 0.5952035521 0.8796039199 0.9678602963 0.8390526260 0.8930501065 0.8825099341 0.7216437535 0.9675098843 0.9373053145 0.7342832442 0.9386933740 0.5809783835 0.4370474165 0.9264865728 0.7393274661
 0.1477070859 0.4812697956 0.3310492340 0.1223141404 0.1316722699 0.0520778823 0.4022349509 0.3983323392 0.5168149786 0.0491565456 0.1870054074 0.2395603461 0.1534512307 0.1334292073 0.1050761776 0.3769872738 0.0211042824 0.1883533984 0.2616833592 0.5000000000 0.7290457504 0.6273605587 0.4264982608 0.9214337129 0.9152962436 0.9942812806 0.2404890649 0.8338550154 0.4481418936 0.5200871167 0.9949218268 0.9432564226 0.9118333417 0.7488092836 0.9681106526 0.5357731678 0.8806914054 0.8711859869 0.5032088498 0.9288275310 0.9747224468 0.8572719998 0.3507999536 0.9500699658 0.5502088808 0.7433534351 0.7927881063 0.4014364028 0.5624928576 0.7702767727 0.8966312558 0.3950607564 0.8236048733 0.8407304537 0.8745911502 0.9789980854 0.6162547805 0.9863565717 0.9197438498 0.7416550873
 0.0419278943 0.1322209437 0.1158269314 0.6661300543 0.4984122537 0.3161731683 0.3507896888 0.3362414986 0.0281269328 0.1985837473 0.1460907615 0.2105215582 0.0703270404 0.6091068893 0.1810580848 0.2855000190 0.1039970365 0.4562531298 0.5528478547 0.2709542496 0.5000000000 0.6701832394 0.8225088883 0.8988030696 0.8689521561 0.4148818900 0.3735673033 0.9476737506 0.7870262337 0.9442676154 0.8052917459 0.9629529696 0.6851094374 0.6468090837 0.5488856559 0.7784153131 0.9704889731 0.7827411776 0.6305274465 0.9761857443 0.5617304102 0.7305281957 0.9743144967 0.5889039803 0.7824044443 0.7817644569 0.6946901151 0.9045245434 0.8203228494 0.9622320848 0.5420350889 0.7976739766 0.5150392539 0.9342128008 0.9789584322 0.8949563792 0.7157840098 0.8573212284 0.8989817270 0.4299151206
 0.0823456390 0.4073546921 0.4852093920 0.6662038226 0.3432460671 0.1329842165 0.5901515787 0.6347496593 0.1670417740 0.0013865551 0.6184868836 0.0269218887 0.0600336885 0.0551866675 0.4239926803 0.1146615239 0.0547878721 0.4478591926 0.1645312212 0.3726394413 0.3298167606 0.5000000000 0.7104017612 0.7400894334 0.9859127391 0.7188179483 0.6539184816 0.9533220443 0.8487782665 0.9140096619 0.8334464486 0.9477187471 0.3267689418 0.7911931750 0.9002144961 0.4808860484 0.6357413683 0.6619120035 0.4415517068 0.7142344343 0.6193986477 0.9680271655 0.7102509269 0.1763397259 0.5845570022 0.9275098127 0.8432124768 0.9962699281 0.9253588976 0.9297830946 0.9708079025 0.2687930682 0.9183303431 0.8864970511 0.7532866274 0.9713676395 0.4133427340 0.9414256268 0.9797715541 0.4057052635
 0.0493386641 0.0908682309 0.3088289823 0.1107214354 0.3462680411 0.2163428615 0.0495382692 0.1693541168 0.3335845160 0.5135456645 0.1098275355 0.3881734271 0.2667836889 0.5405503581 0.6257401848 0.0381765402 0.3198829271 0.5004049462 0.3226253897 0.5735017392 0.1774911117 0.2895982388 0.5000000000 0.8303891287 0.8609810285 0.7233295978 0.8367236987 0.7736192834 0.6435488704 0.5070378620 0.6296543536 0.6887747430 0.4468827481 0.8020798228 0.7466062986 0.9555292828 0.5083379388 0.7364519409 0.9923009202 0.8984015928 0.8787345596 0.5202642035 0.7481356499 0.8974030286 0.8958846934 0.9924519584 0.5757947819 0.6824047219 0.7847132690 0.9114528992 0.8365973918 0.8026398853 0.7771351628 0.4575971589 0.7727872105 0.7163437713 0.7772088735 0.8298029065 0.8460870121 0.5699798894
 0.3193693200 0.1636155126 0.4295965664 0.0350512230 0.2760726249 0.2408413340 0.0191072202 0.2338274080 0.1314847101 0.5181172866 0.3300499068 0.1324562065 0.1314875807 0.0497522529 0.0778480773 0.4598598447 0.1547669008 0.2161405983 0.3292714519 0.0785662871 0.1011969304 0.2599105666 0.1696108713 0.5000000000 0.9882998015 0.8858195061 0.9074052764 0.9349734694 0.3834097041 0.5228164899 0.9944749921 0.4467408885 0.7378958039 0.6918827591 0.7932194055 0.3517589860 0.9602651572 0.8038303226 0.7076866932 0.5168687588 0.6670911284 0.9148517159 0.7905185509 0.8441227911 0.2221363220 0.5187965184 0.5807863661 0.7550923185 0.7933526383 0.4610352798 0.6289746225 0.9453654082 0.9677311760 0.6809273401 0.5201156377 0.7849218481 0.5315446673 0.7750864281 0.8836824285 0.9113181905
 0.4053213576 0.5531711252 0.1017753946 0.1196968506 0.1734455593 0.1306854141 0.2981833306 0.0368984925 0.0989083394 0.1816792310 0.2006752126 0.1099226066 0.7291461067 0.3387001858 0.0909608727 0.5602480706 0.3208100690 0.0134484327 0.0645916143 0.0847037564 0.1310478439 0.0140872609 0.1390189715 0.0117001985 0.5000000000 0.8140673636 0.7735465271 0.7705583815 0.2242731901 0.8056038029 0.7337920289 0.7709848313 0.6309669781 0.8763734892 0.6548742244 0.5070022631 0.6949676874 0.7835637094 0.4126506059 0.3217247270 0.9298854633 0.6896214039 0.6567008367 0.8980718120 0.9821505504 0.9813350466 0.1485224479 0.7065949169 0.6316324175 0.6598381091 0.7140935258 0.9351858603 0.9936147004 0.4602848717 0.8006479441 0.5591764044 0.9918073813 0.9583304468 0.9739046190 0.7132645642
 0.5927956905 0.0157134508 0.2707280807 0.2790551232 0.6257128410 0.6706365811 0.4947178231 0.0118860608 0.4883578377 0.0692684776 0.2963804676 0.0539218067 0.0046060309 0.2130157397 0.3123412025 0.3748683621 0.1501395211 0.3734822806 0.0936842118 0.0057187194 0.5851181100 0.2811820517 0.2766704022 0.1141804939 0.1859326364 0.5000000000 0.9179593856 0.7759180306 0.9384202546 0.8352423008 0.9467958169 0.5696859750 0.7918471076 0.7432903353 0.8923565724 0.7398990013 0.8720479459 0.7820201077 0.9802676702 0.3934076011 0.8912471345 0.8927961648 0.8987397045 0.1424397257 0.8268880617 0.7450299324 0.9305035518 0.9031107690 0.8756295734 0.9054100277 0.4613992623 0.8323680270 0.9262716318 0.8715276643 0.4838847449 0.9510368015 0.7422051357 0.9840952515 0.3820936781 0.8455820867
 0.3318441547 0.2674359998 0.1393954710 0.3179764548 0.2551895592 0.3777801950 0.1467447020 0.3442866775 0.0489816512 0.0868573718 0.0436046568 0.2389470707 0.5743616876 0.3645250927 0.3717413806 0.0088826720 0.0705773021 0.0687164379 0.0312286910 0.7595109351 0.6264326967 0.3460815184 0.1632763013 0.0925947236 0.2264534729 0.0820406144 0.5000000000 0.6736286484 0.9694513394 0.6511015323 0.9674044080 0.9908233353 0.8564000964 0.9831867704 0.8569613835 0.8889103197 0.4455906198 0.5631622174 0.8908794336 0.9998988888 0.9688522763 0.6609067041 0.9142927730 0.5963730219 0.9824423126 0.8165039008 0.7927130203 0.9740925567 0.9872490115 0.9964610040 0.8530774323 0.2380151370 0.9807684501 0.8312972175 0.7222726981 0.8397070757 0.8937361652 0.7798176993 0.9647686150 0.7851268297
 0.0203885258 0.0220226205 0.2232533396 0.1782657465 0.3704241767 0.0029991058 0.2813436217 0.0474701040 0.2620561717 0.0257545408 0.4441895860 0.1698797313 0.3532118053 0.3485737756 0.2023934740 0.1441742155 0.3345200679 0.0430519256 0.5036137367 0.1661449846 0.0523262494 0.0466779557 0.2263807166 0.0650265306 0.2294416185 0.2240819694 0.3263713516 0.5000000000 0.6886779272 0.2753821856 0.5439895174 0.4114251350 0.9436119009 0.4372140385 0.9834853366 0.8097616450 0.5266341826 0.9126200943 0.4627674820 0.3849234814 0.4113078972 0.7719359488 0.6968242524 0.9424420126 0.9673287504 0.8122181991 0.5816082246 0.8222887247 0.6944633009 0.7751118198 0.7587699261 0.3489414903 0.8848291617 0.3548532228 0.9809446170 0.8823785411 0.9656732444 0.8980592542 0.9986749210 0.9997391264
 0.3168407494 0.5441267734 0.7185175145 0.0021055249 0.4685591710 0.2799534868 0.1947858131 0.1322831176 0.5001888392 0.3262638447 0.3428732330 0.1673379721 0.2572182153 0.1161478562 0.2043811761 0.1190125526 0.4940547014 0.5023900004 0.1302927783 0.5518581064 0.2129737663 0.1512217335 0.3564511296 0.6165902959 0.7757268099 0.0615797454 0.0305486606 0.3113220728 0.5000000000 0.8095260475 0.9724941101 0.7747032563 0.9498432443 0.5284951721 0.6745180257 0.8057862881 0.9851870421 0.9662341460 0.4879051499 0.5994056150 0.6450271688 0.7749758496 0.6822097151 0.6659717693 0.5303855077 0.8273750534 0.9542877856 0.8097544207 0.8015238013 0.9413490736 0.7541757694 0.6647365395 0.9282183966 0.9561983523 0.8530993206 0.9041634818 0.9796948399 0.8446677053 0.0979627076 0.7747382015
 0.4893559052 0.5004229166 0.1214349019 0.4912269315 0.2507705921 0.0477071482 0.1515133949 0.1984632667 0.2371946707 0.3348224706 0.0726937301 0.1986379031 0.2651515199 0.3213451465 0.2205879601 0.1750471632 0.2372855782 0.6754876840 0.0971339945 0.4799128833 0.0557323846 0.0859903381 0.4929621380 0.4771835101 0.1943961971 0.1647576992 0.3488984677 0.7246178144 0.1904739525 0.5000000000 0.8830693157 0.7988179900 0.8197223442 0.9755569861 0.4540634310 0.7777674792 0.8999731628 0.7743059596 0.6982875146 0.7782216722 0.4852101073 0.7173544066 0.4458760286 0.7364762870 0.8329730030 0.3907201698 0.8977141043 0.5570213363 0.8607652017 0.8259480078 0.8771740975 0.9882471539 0.9192873502 0.2583793260 0.9524397829 0.7166520646 0.4403859921 0.3653847591 0.8125436734 0.8025577523
 0.0989687756 0.5615070688 0.4703430529 0.2948745805 0.5016457972 0.2205316195 0.0019321465 0.2894867572 0.4461304548 0.6124429087 0.4529473388 0.0082134287 0.2822231585 0.2576925984 0.1061658486 0.0637755619 0.0385722776 0.1351583821 0.1155838958 0.0050781732 0.1947082541 0.1665535514 0.3703456464 0.0055250079 0.2662079711 0.0532041831 0.0325955920 0.4560104826 0.0275058899 0.1169306843 0.5000000000 0.8622890155 0.7685450181 0.7613784028 0.3756136137 0.7338473643 0.7647677869 0.7217680555 0.4121056861 0.9694546761 0.8806762115 0.8863007421 0.7064437281 0.7319122948 0.4474524853 0.6686797692 0.7060161765 0.9392479580 0.5806996012 0.8113601770 0.4075237533 0.7697856147 0.9921093928 0.6786900141 0.9897656394 0.7350209362 0.7260594450 0.7202387902 0.4299218303 0.8684108700
 0.5173330079 0.3382702537 0.1939067399 0.0439309748 0.2250692990 0.1614765411 0.8784630267 0.7176422461 0.0076324823 0.0129941228 0.4067118572 0.1390043078 0.3453325221 0.5724331137 0.4744343330 0.0911021137 0.3449170559 0.2062891121 0.5286010284 0.0567435774 0.0370470304 0.0522812529 0.3112252570 0.5532591115 0.2290151687 0.4303140250 0.0091766647 0.5885748650 0.2252967437 0.2011820100 0.1377109845 0.5000000000 0.7449338631 0.5890305712 0.9580183420 0.5536624168 0.6474601298 0.7033415930 0.6841411302 0.8003277450 0.5746990593 0.9143819133 0.9849501847 0.9687606732 0.9590222171 0.2284874481 0.9927148319 0.4756517967 0.8039208554 0.4383630475 0.6650152087 0.8991390088 0.7644027907 0.9139907967 0.9499782644 0.5415937120 0.5328958197 0.5522078960 0.9399422227 0.9494236182
 0.0131710647 0.2239089377 0.8396124736 0.3813965302 0.0453004607 0.2161750316 0.0473367771 0.6638618865 0.3464533693 0.1197496321 0.1782182703 0.5368022252 0.0485343521 0.6763065612 0.1731337679 0.4250307739 0.0802780554 0.1829260294 0.1356670867 0.0881666583 0.3148905626 0.6732310582 0.5531172519 0.2621041961 0.3690330219 0.2081528924 0.1435999036 0.0563880991 0.0501567557 0.1802776558 0.2314549819 0.2550661369 0.5000000000 0.9297936116 0.8869415162 0.5812244504 0.5979441036 0.6437012612 0.5697604360 0.7849382260 0.8583278259 0.8811709446 0.7632518504 0.8301776010 0.8406192155 0.5521491893 0.9442854421 0.7956580023 0.9200160413 0.9065590153 0.4803836704 0.9590961000 0.9462565720 0.8288887186 0.2511521767 0.9587375979 0.5399373174 0.8638843459 0.1641700759 0.5239828732
 0.0449454791 0.4410625246 0.4881173602 0.3393162682 0.0205746544 0.0394449402 0.1163918713 0.1217364675 0.1056441676 0.6159860015 0.1279573674 0.0397977320 0.0902784726 0.3289532386 0.1630093831 0.0567775095 0.1179914315 0.2775681535 0.3255694623 0.2511907164 0.3531909163 0.2088068250 0.1979201772 0.3081172409 0.1236265108 0.2567096647 0.0168132296 0.5627859615 0.4715048279 0.0244430139 0.2386215972 0.4109694288 0.0702063884 0.5000000000 0.8022808461 0.7835373931 0.8415690144 0.2734047445 0.7564415862 0.7916621089 0.7161969243 0.9672767401 0.9010242085 0.8441993745 0.9808553644 0.9026092329 0.7099308828 0.8542883856 0.4921549946 0.9720457914 0.9106876757 0.9145675551 0.9953289543 0.9125542597 0.7127667273 0.8850743026 0.8487671869 0.9702722422 0.8544977601 0.9954145689
 0.3048768200 0.2332469059 0.1094655112 0.1480449260 0.4722427418 0.0043453012 0.3773134278 0.0790024739 0.1428470075 0.5043808339 0.2891842173 0.2493478330 0.4655389193 0.2422740530 0.3311680882 0.2175279516 0.2620998118 0.0237548870 0.3804411379 0.0318893474 0.4511143441 0.0997855039 0.2533937014 0.2067805945 0.3451257756 0.1076434276 0.1430386165 0.0165146634 0.3254819743 0.5459365690 0.6243863863 0.0419816580 0.1130584838 0.1977191539 0.5000000000 0.7883378780 0.9088604069 0.7516270017 0.4879810810 0.3427044679 0.9488713258 0.5197524822 0.8274257961 0.7538773476 0.5335717711 0.3477837356 0.7438773307 0.9981608530 0.9056948482 0.7639281805 0.9406841371 0.8642087492 0.8676656286 0.8032781289 0.6846708979 0.6696230048 0.9875998495 0.9517955033 0.8026986808 0.9301760324
 0.2282062228 0.1639937151 0.4853651040 0.1338472657 0.1542478048 0.2504095095 0.5087029063 0.0254212419 0.5097974723 0.2972605582 0.0871355397 0.0960915717 0.2358782662 0.0014668166 0.3692884030 0.1892658348 0.6274207442 0.5422750673 0.0394748206 0.4642268322 0.2215846869 0.5191139516 0.0444707172 0.6482410140 0.4929977369 0.2601009987 0.1110896803 0.1902383550 0.1942137119 0.2222325208 0.2661526357 0.4463375832 0.4187755496 0.2164626069 0.2116621220 0.5000000000 0.2938241386 0.8073363492 0.6152101562 0.7572435933 0.8077897107 0.5093365834 0.6219572524 0.7567295380 0.8985736192 0.7168412194 0.7012695442 0.3441723682 0.4611204123 0.9617218325 0.8454335620 0.7715675162 0.8504690626 0.6087888721 0.8587067040 0.9988352776 0.7554336051 0.8586946457 0.8387285632 0.9988369051
 0.1115177092 0.0365945578 0.0449982347 0.1117127544 0.4243528073 0.1095355266 0.1285941409 0.0153552402 0.2860715307 0.2370492325 0.5309056044 0.2250832713 0.6474509831 0.5696007595 0.4277322715 0.2177235383 0.3492938199 0.3246767085 0.0270470650 0.1193085946 0.0295110269 0.3642586317 0.4916620612 0.0397348428 0.3050323126 0.1279520541 0.5544093802 0.4733658174 0.0148129579 0.1000268372 0.2352322131 0.3525398702 0.4020558964 0.1584309856 0.0911395931 0.7061758614 0.5000000000 0.8326239663 0.6301555430 0.5942352766 0.9882055128 0.8009022019 0.6811742438 0.1595171574 0.9119481737 0.9036845812 0.7248245414 0.9276218544 0.9126885340 0.8764638168 0.9602899704 0.5526161904 0.9677110298 0.3607916799 0.7400702489 0.7976851754 0.7881772890 0.9443632496 0.9894863237 0.6582689587
 0.2414376870 0.0375323417 0.7514854046 0.7178920269 0.3951017930 0.0462241767 0.0410503747 0.2263060370 0.2670267517 0.1524510172 0.2650193456 0.0827556269 0.1880866204 0.4420287388 0.2634064949 0.1727610391 0.0628789629 0.3145080794 0.2072558357 0.1288140131 0.2172588224 0.3380879965 0.2635480591 0.1961696774 0.2164362906 0.2179798923 0.4368377826 0.0873799057 0.0337658540 0.2256940404 0.2782319445 0.2966584070 0.3562987388 0.7265952555 0.2483729983 0.1926636508 0.1673760337 0.5000000000 0.6568572433 0.7546384837 0.9093370292 0.9571345125 0.7301752711 0.7498807552 0.8730923261 0.6261288720 0.8200458564 0.7515740335 0.9266515712 0.8066682986 0.5043520248 0.8325149936 0.9496699040 0.9793136753 0.7415549251 0.8973723413 0.8591877197 0.6752977445 0.3746155479 0.7859586553
 0.4834527476 0.3046846277 0.0788850003 0.1663158039 0.0876639399 0.4584543000 0.0793329728 0.3118546334 0.2158383354 0.3000886913 0.4743017654 0.4498798390 0.2897831157 0.2122547557 0.0237514717 0.0153322579 0.2790934098 0.1164719807 0.0760722868 0.4967911502 0.3694725535 0.5584482932 0.0076990798 0.2923133068 0.5873493941 0.0197323298 0.1091205664 0.5372325180 0.5120948501 0.3017124854 0.5878943139 0.3158588698 0.4302395640 0.2435584138 0.5120189190 0.3847898438 0.3698444570 0.3431427567 0.5000000000 0.8954967135 0.9963811240 0.9423526705 0.9333937663 0.8476863054 0.3384117117 0.9315959040 0.8276779294 0.8447763348 0.4149735301 0.9822035869 0.7699242411 0.5992821159 0.9007559506 0.9044921638 0.9098199740 0.9336252509 0.5636286199 0.9020987834 0.9786846162 0.7119012400
 0.3505267172 0.6600236024 0.0763659748 0.0890816571 0.3038754212 0.4177824580 0.1895795097 0.1308653521 0.2294086205 0.2985328580 0.2366573065 0.0035185497 0.0185614735 0.3141006822 0.3155360123 0.0027928538 0.5335568651 0.0186013996 0.1721203932 0.0711724690 0.0238142557 0.2857655657 0.1015984072 0.4831312412 0.6782752730 0.6065923989 0.0001011112 0.6150765186 0.4005943850 0.2217783278 0.0305453239 0.1996722550 0.2150617740 0.2083378911 0.6572955321 0.2427564067 0.4057647234 0.2453615163 0.1045032865 0.5000000000 0.9704294639 0.7417147057 0.5817225616 0.5194732456 0.9180488682 0.7906445245 0.8502228535 0.4753792049 0.9969913404 0.9441619767 0.8258382635 0.9502210188 0.7593096355 0.8224217682 0.6715968071 0.9236707627 0.7485362528 0.6753742299 0.6205549997 0.6951913077
 0.2902906982 0.0726440555 0.2230870305 0.7193706313 0.2375129985 0.5211664537 0.0510240579 0.3022793884 0.0788346231 0.7157697618 0.0587897072 0.1542848001 0.5074242193 0.0679879842 0.0846430382 0.1913630877 0.0065549127 0.0458719320 0.1806449104 0.0252775532 0.4382695898 0.3806013523 0.1212654404 0.3329088716 0.0701145367 0.1087528655 0.0311477237 0.5886921028 0.3549728312 0.5147898927 0.1193237885 0.4253009407 0.1416721741 0.2838030757 0.0511286742 0.1922102893 0.0117944872 0.0906629708 0.0036188760 0.0295705361 0.5000000000 0.9327503537 0.7149045070 0.9320232967 0.9127049036 0.8029596022 0.9410397238 0.8862232202 0.6944992969 0.8958628034 0.9983189659 0.5625787818 0.8902281842 0.2929772605 0.8313418959 0.9742860432 0.6457375121 0.7716551758 0.5913575649 0.8585024638
 0.1433997331 0.3305596023 0.2836343722 0.0471946442 0.4117728892 0.3110290851 0.1523780235 0.0494787387 0.0581880560 0.3626875984 0.1435467810 0.0136679601 0.1721985806 0.3123754105 0.1680065224 0.1718811340 0.1471408922 0.0621794107 0.1959840751 0.1427280002 0.2694718043 0.0319728345 0.4797357965 0.0851482841 0.3103785961 0.1072038352 0.3390932959 0.2280640512 0.2250241504 0.2826455934 0.1136992579 0.0856180867 0.1188290554 0.0327232599 0.4802475178 0.4906634166 0.1990977981 0.0428654875 0.0576473295 0.2582852943 0.0672496463 0.5000000000 0.6848210830 0.8457721298 0.9086044979 0.9435051875 0.9329146813 0.8697857855 0.6932725278 0.9627694352 0.9038402947 0.8595225362 0.8257021429 0.8408802623 0.7792042120 0.9982819608 0.9029816567 0.9092783205 0.9113811973 0.9374583030
 0.2296151296 0.0867160850 0.5758747277 0.1414198692 0.0048716995 0.7223342474 0.6619634609 0.2256346511 0.0267951377 0.1433819768 0.4984494288 0.2180636169 0.2720101208 0.3553181958 0.1021803869 0.2691417800 0.1307422231 0.1048115470 0.0873878943 0.6492000464 0.0256855033 0.2897490731 0.2518643501 0.2094814491 0.3432991633 0.1012602955 0.0857072270 0.3031757476 0.3177902849 0.5541239714 0.2935562719 0.0150498153 0.2367481496 0.0989757915 0.1725742039 0.3780427476 0.3188257562 0.2698247289 0.0666062337 0.4182774384 0.2850954930 0.3151789170 0.5000000000 0.9646013634 0.4397107569 0.6360863701 0.9703480477 0.4903429663 0.6386790018 0.7462401194 0.9147622050 0.8399394654 0.5398454947 0.6865048886 0.7477198295 0.9398320845 0.3458661520 0.8961092439 0.5670860607 0.5962162994
 0.4605360536 0.0054786584 0.1501457460 0.6867257814 0.1780475251 0.3899404662 0.1908044257 0.0152886628 0.3085113093 0.1679981088 0.1093766430 0.2506841419 0.3924453016 0.1530238793 0.1284709224 0.5574910907 0.1321661816 0.1864547637 0.5073247313 0.0499300342 0.4110960197 0.8236602741 0.1025969714 0.1558772089 0.1019281880 0.8575602743 0.4036269781 0.0575579874 0.3340282307 0.2635237130 0.2680877052 0.0312393268 0.1698223990 0.1558006255 0.2461226524 0.2432704620 0.8404828426 0.2501192448 0.1523136946 0.4805267544 0.0679767033 0.1542278702 0.0353986366 0.5000000000 0.9666160447 0.5805759909 0.7044845546 0.9673384146 0.3372790717 0.5615494350 0.8583036901 0.9891298941 0.4432984281 0.8395020659 0.8136870032 0.5401638260 0.9592979163 0.7164533532 0.7889462481 0.8659319173
 0.3091743231 0.4083073597 0.1406169494 0.2581372741 0.0700769406 0.4752552199 0.5697218035 0.7527896142 0.1174486858 0.4161248917 0.0195020006 0.0034727329 0.3047864148 0.5968616744 0.6821618949 0.6547870798 0.2608436609 0.0528701238 0.2423459742 0.4497911192 0.2175955557 0.4154429978 0.1041153066 0.7778636780 0.0178494496 0.1731119383 0.0175576874 0.0326712496 0.4696144923 0.1670269970 0.5525475147 0.0409777829 0.1593807845 0.0191446356 0.4664282289 0.1014263808 0.0880518263 0.1269076739 0.6615882883 0.0819511318 0.0872950964 0.0913955021 0.5602892431 0.0333839553 0.5000000000 0.6769543749 0.8198263041 0.9465957843 0.6354998448 0.6224841862 0.8305387257 0.5354255271 0.7319282309 0.7251848366 0.6471787479 0.7531070175 0.8370710374 0.9267075659 0.3330412391 0.8750909722
 0.1873499417 0.0690584117 0.3396715015 0.1256158475 0.2477328092 0.5875746941 0.4473783337 0.0340350090 0.2983831710 0.3214285146 0.2780383948 0.1892129382 0.1517958996 0.0287388016 0.2981900260 0.4986881440 0.2985439463 0.4287791948 0.4047964479 0.2566465649 0.2182355431 0.0724901873 0.0075480416 0.4812034816 0.0186649534 0.2549700676 0.1834960992 0.1877818009 0.1726249466 0.6092798302 0.3313202308 0.7715125519 0.4478508107 0.0973907671 0.6522162644 0.2831587806 0.0963154188 0.3738711280 0.0684040960 0.2093554755 0.1970403978 0.0564948125 0.3639136299 0.4194240091 0.3230456251 0.5000000000 0.8471635820 0.5563976002 0.9169503308 0.7392955712 0.5721645746 0.5348416996 0.9315186357 0.7095754514 0.9447848357 0.7312973748 0.7221940269 0.6927626621 0.8352535204 0.4097515000
 0.1178506676 0.0390108770 0.1298236117 0.4620728536 0.0907982739 0.1581397395 0.0357544581 0.0974869333 0.3017815508 0.0450449501 0.3379583286 0.1923563206 0.0879626476 0.0185712289 0.3281880651 0.2672550791 0.4413350739 0.0612314512 0.1203960801 0.2072118937 0.3053098849 0.1567875232 0.4242052181 0.4192136339 0.8514775521 0.0694964482 0.2072869797 0.4183917754 0.0457122144 0.1022858957 0.2939838235 0.0072851681 0.0557145579 0.2900691172 0.2561226693 0.2987304558 0.2751754586 0.1799541436 0.1723220706 0.1497771465 0.0589602762 0.0670853187 0.0296519523 0.2955154454 0.1801736959 0.1528364180 0.5000000000 0.5848669338 0.5464629591 0.8458862660 0.8981500317 0.9254513756 0.6057963927 0.8953555082 0.7791737344 0.4421468113 0.9315074043 0.9340265426 0.8939552103 0.8578067514
 0.0172473180 0.1082077033 0.6271849895 0.5190153108 0.3836133350 0.1369238577 0.0401168875 0.0056549437 0.1197806075 0.1380512114 0.7940145638 0.5046858254 0.0965107298 0.2718126781 0.1312412318 0.1309614621 0.0038679036 0.3664318760 0.0321397037 0.5985635972 0.0954754566 0.0037300719 0.3175952781 0.2449076815 0.2934050831 0.0968892310 0.0259074433 0.1777112753 0.1902455793 0.4429786637 0.0607520420 0.5243482033 0.2043419977 0.1457116144 0.0018391470 0.6558276318 0.0723781456 0.2484259665 0.1552236652 0.5246207951 0.1137767798 0.1302142145 0.5096570337 0.0326615854 0.0534042157 0.4436023998 0.4151330662 0.5000000000 0.7764146827 0.5567597133 0.8876288190 0.7236882092 0.8384350850 0.6810747134 0.9583988373 0.9015233508 0.8531361089 0.8377249721 0.6254326862 0.5656109249
 0.0856096532 0.0021181240 0.1343779861 0.0686470452 0.2153751207 0.4743334662 0.3701567193 0.1917851192 0.1523627942 0.1995806306 0.0718961380 0.0826529712 0.4640337915 0.1473588333 0.0386232547 0.1655187362 0.0639925447 0.1153093074 0.1609473740 0.4375071424 0.1796771506 0.0746411024 0.2152867310 0.2066473617 0.3683675825 0.1243704266 0.0127509885 0.3055366991 0.1984761987 0.1392347983 0.4193003988 0.1960791446 0.0799839587 0.5078450054 0.0943051518 0.5388795877 0.0873114660 0.0733484288 0.5850264699 0.0030086596 0.3055007031 0.3067274722 0.3613209982 0.6627209283 0.3645001552 0.0830496692 0.4535370409 0.2235853173 0.5000000000 0.2485128401 0.5466305793 0.8966882790 0.8685799554 0.7058747673 0.2079317261 0.3747610275 0.5774403842 0.8871764564 0.8901959492 0.6476053718
 0.0136253518 0.8033517597 0.2014213434 0.6123232418 0.0681510363 0.1869510634 0.2122266682 0.3611719988 0.1545753295 0.0756250096 0.1891681028 0.0638016241 0.3003937930 0.1413845260 0.0257331664 0.4221969991 0.0111158092 0.0615577491 0.1069498935 0.2297232273 0.0377679152 0.0702169054 0.0885471008 0.5389647202 0.3401618909 0.0945899723 0.0035389960 0.2248881802 0.0586509264 0.1740519922 0.1886398230 0.5616369525 0.0934409847 0.0279542086 0.2360718195 0.0382781675 0.1235361832 0.1933317014 0.0177964131 0.0558380233 0.1041371966 0.0372305648 0.2537598806 0.4384505650 0.3775158138 0.2607044288 0.1541137340 0.4432402867 0.7514871599 0.5000000000 0.9448433640 0.9452649027 0.9182858767 0.7441796268 0.9413337781 0.8748179367 0.7586457827 0.3761097226 0.3855132128 0.9700753140
 0.4007934471 0.2195343345 0.0708411578 0.0271856396 0.5104133066 0.0234311998 0.2250450625 0.5309241872 0.0725842975 0.0415212387 0.7363441380 0.1978321693 0.4300546297 0.0006945061 0.8165967749 0.1696387221 0.4623976931 0.0636682226 0.1174900659 0.1033687442 0.4579649111 0.0291920975 0.1634026082 0.3710253775 0.2859064742 0.5386007377 0.1469225677 0.2412300739 0.2458242306 0.1228259025 0.5924762467 0.3349847913 0.5196163296 0.0893123243 0.0593158629 0.1545664380 0.0397100296 0.4956479752 0.2300757589 0.1741617365 0.0016810341 0.0961597053 0.0852377950 0.1416963099 0.1694612743 0.4278354254 0.1018499683 0.1123711810 0.4533694207 0.0551566360 0.5000000000 0.8343649721 0.8469411317 0.8046486951 0.9773082676 0.3550966617 0.8305442129 0.8561675542 0.6985185707 0.7135155742
 0.2542230066 0.1168722630 0.2191652948 0.0439994398 0.0226300509 0.3207469342 0.0330138014 0.0096325690 0.1573113907 0.3203044032 0.0165557897 0.2142154978 0.2327543031 0.1666785143 0.1661443992 0.0531912873 0.0514822559 0.0945392638 0.2783562465 0.6049392436 0.2023260234 0.7312069318 0.1973601147 0.0546345918 0.0648141397 0.1676319730 0.7619848630 0.6510585097 0.3352634605 0.0117528461 0.2302143853 0.1008609912 0.0409039000 0.0854324449 0.1357912508 0.2284324838 0.4473838096 0.1674850064 0.4007178841 0.0497789812 0.4374212182 0.1404774638 0.1600605346 0.0108701059 0.4645744729 0.4651583004 0.0745486244 0.2763117908 0.1033117210 0.0547350973 0.1656350279 0.5000000000 0.4040451304 0.7123758694 0.5133921317 0.6639741720 0.8748404924 0.7099474063 0.9330298581 0.9058971552
 0.2758424872 0.3916590973 0.0388979275 0.2316992326 0.2052511402 0.0850250809 0.5755544541 0.1002210791 0.2190814661 0.3224023865 0.0849810171 0.1682876784 0.1560949574 0.2803920129 0.0443410131 0.0912261753 0.4232574773 0.2737631853 0.0324901157 0.1763951267 0.4849607461 0.0816696569 0.2228648372 0.0322688240 0.0063852996 0.0737283682 0.0192315499 0.1151708383 0.0717816034 0.0807126498 0.0078906072 0.2355972093 0.0537434280 0.0046710457 0.1323343714 0.1495309374 0.0322889702 0.0503300960 0.0992440494 0.2406903645 0.1097718158 0.1742978571 0.4601545053 0.5567015719 0.2680717691 0.0684813643 0.3942036073 0.1615649150 0.1314200446 0.0817141233 0.1530588683 0.5959548696 0.5000000000 0.9097479491 0.9165763556 0.7096397087 0.6029788410 0.7773144626 0.7180337337 0.9424548324
 0.0560266397 0.0952320904 0.2776316564 0.0333399690 0.0711509600 0.0312147876 0.2953139714 0.4407961825 0.0150337970 0.0381362014 0.2141417204 0.4561252439 0.2688284278 0.0826276920 0.0429570977 0.3581422543 0.0936468834 0.0706729862 0.0626946855 0.1592695463 0.0657871992 0.1135029489 0.5424028411 0.3190726599 0.5397151283 0.1284723357 0.1687027825 0.6451467772 0.0438016477 0.7416206740 0.3213099859 0.0860092033 0.1711112814 0.0874457403 0.1967218711 0.3912111279 0.6392083201 0.0206863247 0.0955078362 0.1775782318 0.7070227395 0.1591197377 0.3134951114 0.1604979341 0.2748151634 0.2904245486 0.1046444918 0.3189252866 0.2941252327 0.2558203732 0.1953513049 0.2876241306 0.0902520509 0.5000000000 0.6540491186 0.7602847873 0.8677880002 0.9777012028 0.8794691590 0.6979210064
 0.5888212231 0.1560385587 0.1157057737 0.1238148505 0.2439074109 0.0580601923 0.1107837468 0.1476703808 0.2424551928 0.0207605542 0.1548953592 0.5842125558 0.2265271568 0.1088748534 0.0456699063 0.1774617970 0.1551469975 0.3854297474 0.2657167558 0.1254088498 0.0210415678 0.2467133726 0.2272127895 0.4798843623 0.1993520559 0.5161152551 0.2777273019 0.0190553830 0.1469006794 0.0475602171 0.0102343606 0.0500217356 0.7488478233 0.2872332727 0.3153291021 0.1412932960 0.2599297511 0.2584450749 0.0901800260 0.3284031929 0.1686581041 0.2207957880 0.2522801705 0.1863129968 0.3528212521 0.0552151643 0.2208262656 0.0416011627 0.7920682739 0.0586662219 0.0226917324 0.4866078683 0.0834236444 0.3459508814 0.5000000000 0.9324901522 0.8358814728 0.7600216972 0.9682522962 0.7424585049
 0.0870122020 0.0691289968 0.0027073074 0.2357676362 0.4887118318 0.4934949999 0.4743368916 0.3092521213 0.3072124607 0.1032848027 0.2723733889 0.6094210627 0.1349918547 0.1122168976 0.3154258516 0.0311983648 0.4047137463 0.0715785296 0.0613066260 0.0210019146 0.1050436208 0.0286323605 0.2836562287 0.2150781519 0.4408235956 0.0489631985 0.1602929243 0.1176214589 0.0958365182 0.2833479354 0.2649790638 0.4584062880 0.0412624021 0.1149256974 0.3303769952 0.0011647224 0.2023148246 0.1026276587 0.0663747491 0.0763292373 0.0257139568 0.0017180392 0.0601679155 0.4598361740 0.2468929825 0.2687026252 0.5578531887 0.0984766492 0.6252389725 0.1251820633 0.6449033383 0.3360258280 0.2903602913 0.2397152127 0.0675098478 0.5000000000 0.4843703961 0.6606894315 0.8794605490 0.6567190939
 0.1413993899 0.4541618669 0.8645835000 0.6948665185 0.1708594520 0.2226509173 0.2443817767 0.0747915349 0.2079513839 0.1497684146 0.6903554435 0.0013453869 0.5303228644 0.1018941352 0.0978687427 0.0696128476 0.2247421257 0.2219609748 0.4190216165 0.3837452195 0.2842159902 0.5866572660 0.2227911265 0.4684553327 0.0081926187 0.2577948643 0.1062638348 0.0343267556 0.0203051601 0.5596140079 0.2739405550 0.4671041803 0.4600626826 0.1512328131 0.0124001505 0.2445663949 0.2118227110 0.1408122803 0.4363713801 0.2514637472 0.3542624879 0.0970183433 0.6541338480 0.0407020837 0.1629289626 0.2778059731 0.0684925957 0.1468638911 0.4225596158 0.2413542173 0.1694557871 0.1251595076 0.3970211590 0.1322119998 0.1641185272 0.5156296039 0.5000000000 0.5523710903 0.9874852557 0.8675930777
 0.0056698763 0.3911881528 0.1428230086 0.3313362584 0.0025187989 0.0486561535 0.2778297800 0.0014330632 0.1881596033 0.6987879592 0.2725900236 0.1087974928 0.0566596914 0.0668607471 0.5665556279 0.4212088617 0.0337386970 0.2463551597 0.5629525835 0.0136434283 0.1426787716 0.0585743732 0.1701970935 0.2249135719 0.0416695532 0.0159047485 0.2201823007 0.1019407458 0.1553322947 0.6346152409 0.2797612098 0.4477921040 0.1361156541 0.0297277578 0.0482044967 0.1413053543 0.0556367504 0.3247022555 0.0979012166 0.3246257701 0.2283448242 0.0907216795 0.1038907561 0.2835466468 0.0732924341 0.3072373379 0.0659734574 0.1622750279 0.1128235436 0.6238902774 0.1438324458 0.2900525937 0.2226855374 0.0222987972 0.2399783028 0.3393105685 0.4476289097 0.5000000000 0.8148273819 0.6468793080
 0.4068885449 0.3527386924 0.1988458596 0.0931681345 0.3328011576 0.3079050154 0.1593019169 0.6698205791 0.4301615633 0.0252139003 0.2406695313 0.2650439694 0.0047865864 0.2138877779 0.3012664275 0.1592636830 0.2410087257 0.0845665314 0.0735134272 0.0802561502 0.1010182730 0.0202284459 0.1539129879 0.1163175715 0.0260953810 0.6179063219 0.0352313850 0.0013250790 0.9020372924 0.1874563266 0.5700781697 0.0600577773 0.8358299241 0.1455022399 0.1973013192 0.1612714368 0.0105136763 0.6253844521 0.0213153838 0.3794450003 0.4086424351 0.0886188027 0.4329139393 0.2110537519 0.6669587609 0.1647464796 0.1060447897 0.3745673138 0.1098040508 0.6144867872 0.3014814293 0.0669701419 0.2819662663 0.1205308410 0.0317477038 0.1205394510 0.0125147443 0.1851726181 0.5000000000 0.7599692874
 0.0700476831 0.0882928525 0.4235718991 0.2893528437 0.3177373416 0.1039867898 0.1192236614 0.4143762391 0.0763096956 0.4148891203 0.3876759578 0.4236734009 0.3108218894 0.2423990032 0.4050674247 0.1036623627 0.0715680910 0.0623136305 0.2606725339 0.2583449127 0.5700848794 0.5942947365 0.4300201106 0.0886818095 0.2867354358 0.1544179133 0.2148731703 0.0002608736 0.2252617985 0.1974422477 0.1315891300 0.0505763818 0.4760171268 0.0045854311 0.0698239676 0.0011630949 0.3417310413 0.2140413447 0.2880987600 0.3048086923 0.1414975362 0.0625416970 0.4037837006 0.1340680827 0.1249090278 0.5902485000 0.1421932486 0.4343890751 0.3523946282 0.0299246860 0.2864844258 0.0941028448 0.0575451676 0.3020789936 0.2575414951 0.3432809061 0.1324069223 0.3531206920 0.2400307126 0.5000000000
]
