n: 60

c:
[
 0.5000000000 0.3970104517 0.9715157227 0.5543749809 0.5858252500 0.8527724079 0.7959678086 0.5653979927 0.8598751303 0.7067192988 0.3509595971 0.6478587493 0.7882805214 0.6088765437 0.6275227786 0.5797669866 0.8273693171 0.9243250002 0.9377908105 0.7868501732 0.8673721218 0.6778648597 0.7975615730 0.3003518539 0.9623653305 0.9961636690 0.8692439676 0.7902927901 0.8600563275 0.9101585571 0.7799890670 0.9981678629 0.8507154910 0.8065809600 0.9736210971 0.3911829697 0.9864010803 0.5193204567 0.9046643459 0.9163222602 0.8414515961 0.7467747147 0.6315140983 0.8318410551 0.8030181504 0.9740603144 0.5459108805 0.2924358132 0.9548715937 0.6992764539 0.9205094498 0.8315976993 0.3840617361 0.5314115678 0.9641924723 0.7153879512 0.5686769635 0.9909634871 0.6793361156 0.9008515656
 0.6029895483 0.5000000000 0.9144304619 0.7835026661 0.9002259010 0.8547908236 0.7258607526 0.9020730139 0.6897567699 0.4820200374 0.8798709003 0.9191890486 0.8546383057 0.4154145771 0.8837554630 0.7939996366 0.6520760315 0.7330968284 0.9969218905 0.9303438164 0.8888232204 0.9277800720 0.4684549869 0.7565959975 0.8495048637 0.8998661915 0.9636038232 0.7253936945 0.8651064217 0.7651430924 0.8515766198 0.7513914753 0.9902874522 0.8933487545 0.5830180552 0.0538470316 0.7069764478 0.9201942097 0.8473336111 0.9805164295 0.9352023482 0.9501960462 0.7312542810 0.9935023836 0.8914258225 0.5917955380 0.4966172869 0.5682449989 0.7191811058 0.6804357999 0.9944574429 0.9696432915 0.8698150794 0.8892259734 0.5541608105 0.8999798120 0.2847710072 0.9018429120 0.7043913144 0.9572319328
 0.0284842773 0.0855695381 0.5000000000 0.6115543591 0.7852747863 0.8598670815 0.8564147524 0.9871312588 0.6750077048 0.5800132080 0.8043778822 0.3144083611 0.9066510134 0.9947778547 0.8044427330 0.9494284057 0.8636054648 0.4263491955 0.8270346047 0.9645889888 0.5542631690 0.6182228331 0.5882244316 0.8759231475 0.8610685064 0.9881174738 0.2305388628 0.9843267224 0.9362855855 0.7939534949 0.7380822054 0.6371391507 0.5191293388 0.8445373146 0.5378760583 0.7614739616 0.5943987104 0.3899936067 0.5405713836 0.8905645180 0.6074794852 0.9663221312 0.6844561392 0.4612814391 0.9158353187 0.8365562367 0.3043881888 0.7333178031 0.5862681958 0.6798374114 0.7285385415 0.9113770940 0.7399001532 0.7794430623 0.9254711108 0.8379729337 0.4825802503 0.6234091599 0.5632491716 0.5868129477
 0.4456250191 0.2164973339 0.3884456409 0.5000000000 0.7668731181 0.9000425307 0.9717057474 0.4588816631 0.5779346307 0.8078087569 0.3531667935 0.6238873505 0.8217158273 0.9640042956 0.6023598345 0.9611706931 0.4702564765 0.7730849064 0.7525297297 0.6575246908 0.4117087686 0.9346458242 0.9977817390 0.9174151838 0.6160949732 0.9789812365 0.7499789552 0.8015017599 0.8508936056 0.7668377544 0.9677643866 0.8141874781 0.5890630993 0.4911227464 0.7681950728 0.8389198162 0.3517753911 0.9567428013 0.7046941772 0.8572680827 0.4028985781 0.9148291097 0.8191929786 0.8910697884 0.5570556864 0.4564440262 0.6669439215 0.7944912477 0.9593816176 0.8946611333 0.7173404454 0.9694378822 0.9886495263 0.7571640476 0.4459258717 0.3210231486 0.9028739759 0.5460290594 0.4441733062 0.9137033122
 0.4141747500 0.0997740990 0.2147252137 0.2331268819 0.5000000000 0.9827225228 0.9864919340 0.9001236283 0.6756331781 0.9841967106 0.8624704565 0.8069121871 0.6273995215 0.8769087815 0.8274943350 0.7279056848 0.3911944047 0.6591746550 0.8639510478 0.9290422288 0.9701884886 0.9489733181 0.9269647714 0.9270623862 0.9177070040 0.9842763554 0.7105520923 0.9265071398 0.6755089153 0.4973941037 0.7652028204 0.6952863972 0.8173698464 0.9742952950 0.5003387823 0.9930908202 0.4666187088 0.9788060772 0.7336638287 0.9678823694 0.2537238108 0.7630705271 0.9282863324 0.9468068810 0.8099913192 0.4999748925 0.7635897507 0.6985499159 0.8167739990 0.7908881008 0.8551336998 0.9054978240 0.9654057888 0.2531529364 0.8233665965 0.8391343048 0.9780575557 0.9036257918 0.9507817870 0.9558141488
 0.1472275921 0.1452091764 0.1401329185 0.0999574693 0.0172774772 0.5000000000 0.8531557669 0.8349891906 0.9549321517 0.9319372215 0.5232170430 0.7635823060 0.5791674982 0.9478270865 0.7341113180 0.9197702751 0.6956972970 0.8947819232 0.8040622602 0.7364480701 0.3837621237 0.7870137320 0.5799894095 0.9336401519 0.4967509840 0.7881004826 0.9766689007 0.9169057665 0.9397787130 0.9420160523 0.5148383423 0.6520511486 0.6196092798 0.8329149137 0.8056574085 0.3594756277 0.6769742543 0.6393272258 0.4240820517 0.6384469103 0.8948118155 0.5594093527 0.8704775039 0.7528222852 0.6004136495 0.8595783802 0.9575618651 0.9434758497 0.9340626115 0.7601184958 0.8966310282 0.7566354525 0.8030341581 0.9520529181 0.6733087613 0.8901115719 0.2372782704 0.7687458378 0.9185859344 0.9094833578
 0.2040321914 0.2741392474 0.1435852476 0.0282942526 0.0135080660 0.1468442331 0.5000000000 0.6147026029 0.9245513093 0.8367924797 0.9735626489 0.6292376180 0.6015362511 0.8896410685 0.4956482491 0.2250267248 0.9157553449 0.9804167298 0.7014023588 0.8514455748 0.8341204693 0.7466871142 0.4568749067 0.5762818766 0.7683473061 0.9930494341 0.6715829164 0.8255099642 0.4099526871 0.8627238452 0.6403122395 0.7962225307 0.8424236565 0.9428669411 0.8743515137 0.8269103193 0.9926037016 0.9885870737 0.4771258424 0.9515458326 0.7639133583 0.8872570743 0.7956704289 0.8821133538 0.9301895293 0.5163460748 0.6494774690 0.9821480141 0.9470153777 0.5523198650 0.8586705551 0.8140759792 0.9880983031 0.2691503416 0.6095082105 0.9045042731 0.8876746306 0.4954524737 0.6176561716 0.9808067530
 0.4346020073 0.0979269861 0.0128687412 0.5411183369 0.0998763717 0.1650108094 0.3852973971 0.5000000000 0.9028160593 0.6209676529 0.7475006519 0.9123980674 0.3627223090 0.6560474351 0.7091424471 0.8200249166 0.8149935046 0.4506814785 0.9683464944 0.6635490940 0.7934517229 0.9127493531 0.6911337595 0.7553205809 0.3802940594 0.6230641646 0.9734044414 0.9183953220 0.9983224397 0.5353161466 0.6107896982 0.3251739106 0.9785432671 0.9851304245 0.6822012294 0.6424987950 0.6367576711 0.8177263025 0.8636709380 0.7701932662 0.9914100266 0.8826099986 0.8283436467 0.9206211897 0.8358437339 0.4624310204 0.7101279953 0.5951237960 0.8793584269 0.4942671972 0.5833578500 0.5274765372 0.8812548385 0.9852272831 0.3633390312 0.9790596395 0.7981103351 0.8965005040 0.9392018790 0.6650537011
 0.1401248697 0.3102432301 0.3249922952 0.4220653693 0.3243668219 0.0450678483 0.0754486907 0.0971839407 0.5000000000 0.5131384976 0.9219379530 0.3566505449 0.6074277129 0.8535512203 0.8856915273 0.8897530424 0.4760878468 0.9075850809 0.5464452348 0.6886588987 0.9173766889 0.8154027043 0.5351905940 0.8313305673 0.9558287035 0.6613853944 0.8962250205 0.5526854576 0.9944238407 0.8265868264 0.9972062089 0.8567884270 0.9912951120 0.8523448437 0.8081816624 0.4410755259 0.8006427394 0.1762774579 0.8631873162 0.6484691909 0.7527103004 0.6562505644 0.9512495259 0.9079749900 0.9206385854 0.8497010793 0.9021368257 0.7626635949 0.5911995720 0.4327419502 0.7414807916 0.7754727816 0.8244237010 0.9517760705 0.9304781475 0.7660587548 0.8903353106 0.7334532468 0.7871994797 0.9693668509
 0.2932807012 0.5179799626 0.4199867920 0.1921912431 0.0158032894 0.0680627785 0.1632075203 0.3790323471 0.4868615024 0.5000000000 0.7705765263 0.6307383623 0.8397717351 0.7233964497 0.5622328803 0.6606018578 0.9103418894 0.8876599579 0.6703920405 0.5956464748 0.7117782369 0.8105803656 0.8984667158 0.9823747172 0.6416127833 0.3448738007 0.9812793412 0.8864161234 0.3494761547 0.5694294582 0.9525044510 0.7318767002 0.8744602073 0.8956466821 0.8169695804 0.9964348612 0.9928870299 0.7643412594 0.8659521713 0.8646026364 0.8806740486 0.9876131444 0.8138272217 0.9973661241 0.9085476108 0.9447710527 0.3942226707 0.6319106080 0.9260082034 0.5078847893 0.7185671252 0.8763294602 0.8801298973 0.8581074867 0.5193023908 0.4666980018 0.9847253936 0.8300513688 0.7418770436 0.9497290369
 0.6490404029 0.1201290997 0.1956221178 0.6468332065 0.1375295435 0.4767829570 0.0264373511 0.2524993481 0.0780620470 0.2294234737 0.5000000000 0.8515053421 0.9190510910 0.8526560762 0.8906750516 0.8227347155 0.7981022458 0.9372845421 0.9030380982 0.4675891706 0.3631622521 0.4950151454 0.8405424736 0.5906024822 0.9964215295 0.9617145331 0.9237407030 0.4874433462 0.4783416899 0.8361235259 0.9501194238 0.9569797332 0.5112297836 0.8840959392 0.9777836141 0.5406978576 0.9096190578 0.6826469012 0.4632046134 0.6283131683 0.2944010546 0.9472884197 0.5300464898 0.8305743206 0.9540916324 0.8618903019 0.8195534688 0.9771201237 0.7254005656 0.5482378527 0.8991279064 0.9281927294 0.7190134498 0.9549401647 0.5109941505 0.7009011505 0.7445808057 0.4990650281 0.6623820654 0.8655460038
 0.3521412507 0.0808109514 0.6855916389 0.3761126495 0.1930878129 0.2364176940 0.3707623820 0.0876019326 0.6433494551 0.3692616377 0.1484946579 0.5000000000 0.7604743847 0.8960400049 0.1907106912 0.9321954481 0.4427116073 0.8644670764 0.5072455846 0.1701041518 0.9435619760 0.5451553353 0.8703137472 0.7954340786 0.8548912119 0.8686805064 0.7903678529 0.8159065800 0.8328486161 0.4786256008 0.6679438835 0.8936112787 0.8233084735 0.8905973637 0.5694647397 0.9029174679 0.6121062116 0.4712149491 0.7511934777 0.9489528569 0.7319528533 0.3633756801 0.7724299554 0.7042040647 0.8369048253 0.9940316445 0.9907234476 0.7767264006 0.7672171883 0.4836879844 0.7700975943 0.9752428553 0.9037142332 0.8211976234 0.8406755580 0.6409923253 0.8339202607 0.5482080577 0.9124892697 0.9169734421
 0.2117194786 0.1453616943 0.0933489866 0.1782841727 0.3726004785 0.4208325018 0.3984637489 0.6372776910 0.3925722871 0.1602282649 0.0809489090 0.2395256153 0.5000000000 0.8378934136 0.9141790195 0.9391856461 0.8081609789 0.7178694774 0.8870859384 0.6828779645 0.9912558270 0.9309100284 0.2387991426 0.7704653361 0.7033002830 0.5678378820 0.6523874564 0.8215595410 0.5313635437 0.3499827133 0.5370657045 0.8268824722 0.8947060418 0.7799684798 0.5589947601 0.9083223735 0.9341807943 0.9319454920 0.9898066918 0.8128039904 0.6061201694 0.8243940941 0.6508074614 0.8415840980 0.7760485565 0.9307693617 0.7636211269 0.7151435963 0.8815662989 0.7625695544 0.5255571774 0.7082005518 0.7080930530 0.4502221406 0.8580624741 0.7930074096 0.8075344246 0.9356118577 0.5172112621 0.3567918649
 0.3911234563 0.5845854229 0.0052221453 0.0359957044 0.1230912185 0.0521729135 0.1103589315 0.3439525649 0.1464487797 0.2766035503 0.1473439238 0.1039599951 0.1621065864 0.5000000000 0.6273440972 0.9521181861 0.8069783217 0.5059943327 0.5132315299 0.5058153423 0.6977437330 0.5707465575 0.7078410277 0.9893868549 0.8272533000 0.8492259510 0.8226813047 0.7406069911 0.5273086141 0.7655063728 0.6770308323 0.9970268009 0.2912922875 0.7852433972 0.8078753249 0.7830831023 0.8281917003 0.9349458031 0.5260570010 0.5102059188 0.6628452672 0.7986749222 0.4428842194 0.9091360960 0.8036786076 0.5895721885 0.9831904616 0.6428291848 0.7183267717 0.9826144942 0.8617563035 0.9293329517 0.6922985449 0.7295563664 0.9422088072 0.9182748878 0.4845743637 0.9859140636 0.8310149340 0.6039008211
 0.3724772214 0.1162445370 0.1955572670 0.3976401655 0.1725056650 0.2658886820 0.5043517509 0.2908575529 0.1143084727 0.4377671197 0.1093249484 0.8092893088 0.0858209805 0.3726559028 0.5000000000 0.8114844676 0.7284769231 0.9448516854 0.5737476437 0.1962688469 0.8548297626 0.9632743964 0.6462758011 0.9786322345 0.9360266541 0.7702075851 0.8038090113 0.9024147399 0.7886797958 0.8464328173 0.8033608925 0.8349589392 0.6712372069 0.3979572307 0.6264240244 0.9140225772 0.6874114171 0.5380003171 0.6081255228 0.4047311136 0.4100455502 0.8709021057 0.7915095927 0.7663011306 0.9418154228 0.7160157850 0.4783806217 0.7564621451 0.9928150525 0.8799424102 0.8222741025 0.4610635877 0.8325736810 0.5935656111 0.7709811895 0.7903765373 0.9599920741 0.7401572800 0.6463207900 0.9961637083
 0.4202330134 0.2060003634 0.0505715943 0.0388293069 0.2720943152 0.0802297249 0.7749732752 0.1799750834 0.1102469576 0.3393981422 0.1772652845 0.0678045519 0.0608143539 0.0478818139 0.1885155324 0.5000000000 0.9664322202 0.9950574858 0.7116250323 0.5934840984 0.9424501379 0.5696649377 0.6969319590 0.9138051650 0.7759837687 0.8297999550 0.8313316010 0.9583422097 0.8876866428 0.7059835074 0.9796462472 0.5444292090 0.5209727119 0.3616069693 0.5084827588 0.7917595536 0.8862638716 0.6669712853 0.7330551467 0.9159943699 0.8679743607 0.5039724672 0.9758708122 0.5899456459 0.5627244951 0.5621884128 0.9477913847 0.3526503514 0.8304548835 0.8310834524 0.7757869945 0.8264596242 0.6642721223 0.5888548958 0.9710435864 0.7219971554 0.9430487561 0.9160431403 0.7582426241 0.8558639191
 0.1726306829 0.3479239685 0.1363945352 0.5297435235 0.6088055953 0.3043027030 0.0842446551 0.1850064954 0.5239121532 0.0896581106 0.2018977542 0.5572883927 0.1918390211 0.1930216783 0.2715230769 0.0335677798 0.5000000000 0.9853463175 0.7660126982 0.6705263421 0.3963382312 0.5384429844 0.5517418753 0.3049553996 0.8228592991 0.3514171845 0.3789190918 0.9838647401 0.9219985112 0.9097758295 0.8057394650 0.7055340507 0.5318222620 0.8572147133 0.5351527859 0.3865101989 0.5806409362 0.8832364784 0.7762936824 0.4524755160 0.6490804783 0.8787864981 0.6118045042 0.8788466516 0.2429043236 0.5874265330 0.9436278541 0.6619730346 0.9273784541 0.5128233800 0.9658311461 0.9153199403 0.5941133433 0.4663742605 0.6167436063 0.9126731732 0.4138071400 0.9458300099 0.8288977539 0.9278730528
 0.0756749998 0.2669031716 0.5736508045 0.2269150936 0.3408253450 0.1052180768 0.0195832702 0.5493185215 0.0924149191 0.1123400421 0.0627154579 0.1355329236 0.2821305226 0.4940056673 0.0551483146 0.0049425142 0.0146536825 0.5000000000 0.7582790534 0.8807804737 0.6679610243 0.9781316098 0.9399264955 0.9512304523 0.2749306555 0.7857417862 0.8966192930 0.9167574814 0.6740034702 0.9797802313 0.8187714272 0.3013189811 0.8001014565 0.9576327408 0.9304732923 0.5264199681 0.9334780379 0.9684002775 0.7419300215 0.9034024533 0.7759771284 0.9381604784 0.8440549546 0.8127877132 0.3816494179 0.8102825188 0.9849148222 0.8727995415 0.6579187501 0.9288613773 0.9693763581 0.9731352568 0.8341416019 0.5170652619 0.9924598449 0.6718154755 0.8848477350 0.3687836741 0.7307813789 0.7982616292
 0.0622091895 0.0030781095 0.1729653953 0.2474702703 0.1360489522 0.1959377398 0.2985976412 0.0316535056 0.4535547652 0.3296079595 0.0969619018 0.4927544154 0.1129140616 0.4867684701 0.4262523563 0.2883749677 0.2339873018 0.2417209466 0.5000000000 0.5982021694 0.4967085709 0.8964709925 0.9559777508 0.7786115929 0.9249698704 0.6277012247 0.9829967206 0.2757945942 0.7207739415 0.8459284873 0.5404601999 0.5684773370 0.8833848784 0.6323790349 0.7580618646 0.9518423993 0.5223327236 0.6268756334 0.8279704323 0.7212684746 0.8183789332 0.7549169944 0.3637127284 0.5354849848 0.9144214200 0.3102860771 0.9059304615 0.9869734872 0.9012212346 0.9574499098 0.8606516207 0.7191180708 0.6711010277 0.8535324172 0.9939105659 0.9319008111 0.4144708440 0.8294977320 0.6378337327 0.9651750500
 0.2131498268 0.0696561836 0.0354110112 0.3424753092 0.0709577712 0.2635519299 0.1485544252 0.3364509060 0.3113411013 0.4043535252 0.5324108294 0.8298958482 0.3171220355 0.4941846577 0.8037311531 0.4065159016 0.3294736579 0.1192195263 0.4017978306 0.5000000000 0.5742813874 0.8193716471 0.6826200845 0.8284394500 0.9045358620 0.4192884856 0.7516922522 0.8182008118 0.9992105288 0.8542766760 0.8004986150 0.6854709345 0.6951650522 0.9519760247 0.8546854856 0.9455837803 0.9984827715 0.6720732128 0.9721261732 0.9142175582 0.6282043932 0.9066851340 0.6677413352 0.4625383280 0.7659885108 0.6353938320 0.6834727435 0.4216962882 0.9146527572 0.4946575269 0.9489106107 0.5735701311 0.6586642245 0.7340215834 0.5308812232 0.3923292730 0.8177319977 0.5677277158 0.3761873843 0.6591376501
 0.1326278782 0.1111767796 0.4457368310 0.5882912314 0.0298115114 0.6162378763 0.1658795307 0.2065482771 0.0826233111 0.2882217631 0.6368377479 0.0564380240 0.0087441730 0.3022562670 0.1451702374 0.0575498621 0.6036617688 0.3320389757 0.5032914291 0.4257186126 0.5000000000 0.2175896509 0.8046502937 0.2518808133 0.7642719454 0.6479197634 0.9405929526 0.7786131870 0.9626493126 0.7452419986 0.9624928730 0.8703629269 0.9732845111 0.9645460435 0.9083944013 0.2316535385 0.6373040597 0.7645920155 0.8072877714 0.7534086180 0.7549192125 0.4485017584 0.3975934114 0.7810329410 0.8879918476 0.8241723455 0.5171890107 0.5808198089 0.9762267017 0.9696046830 0.7296307566 0.4901470617 0.9342107571 0.7332638235 0.4674830582 0.8770298558 0.7312897050 0.8829969435 0.2964602502 0.7144289795
 0.3221351403 0.0722199280 0.3817771669 0.0653541758 0.0510266819 0.2129862680 0.2533128858 0.0872506469 0.1845972957 0.1894196344 0.5049848546 0.4548446647 0.0690899716 0.4292534425 0.0367256036 0.4303350623 0.4615570156 0.0218683902 0.1035290075 0.1806283529 0.7824103491 0.5000000000 0.8568814618 0.7400712560 0.8938111216 0.6955626026 0.6755283633 0.9060739387 0.6851899368 0.8014855257 0.6384035425 0.7242920725 0.9300907786 0.7631172589 0.8874129232 0.9643362530 0.8668652483 0.9924598413 0.9891520704 0.7925789942 0.3770988468 0.9975999970 0.6187046709 0.6554086306 0.8740790375 0.9916853892 0.8779420322 0.9543471791 0.7643886498 0.8501181437 0.9409973836 0.9606720868 0.9122175532 0.5736315564 0.1701683558 0.9277328146 0.4711577229 0.6951103889 0.6242091258 0.8321180417
 0.2024384270 0.5315450131 0.4117755684 0.0022182610 0.0730352286 0.4200105905 0.5431250933 0.3088662405 0.4648094060 0.1015332842 0.1594575264 0.1296862528 0.7612008574 0.2921589723 0.3537241989 0.3030680410 0.4482581247 0.0600735045 0.0440222492 0.3173799155 0.1953497063 0.1431185382 0.5000000000 0.9785066905 0.7801493285 0.2066753636 0.3067274380 0.8548439762 0.8435999297 0.9314967055 0.9568895301 0.7918472341 0.4882952727 0.8615258658 0.9634109176 0.8979900354 0.9172968852 0.7202037328 0.6097646456 0.8920524804 0.6888264257 0.6708151596 0.7431356093 0.9967068817 0.7205226300 0.5998001413 0.7896375845 0.9306212454 0.6056233735 0.6169075706 0.6237195261 0.8386204732 0.4915318829 0.9527688538 0.9357834719 0.7995183492 0.7377456394 0.6832607385 0.8062531934 0.8394962977
 0.6996481461 0.2434040025 0.1240768525 0.0825848162 0.0729376138 0.0663598481 0.4237181234 0.2446794191 0.1686694327 0.0176252828 0.4093975178 0.2045659214 0.2295346639 0.0106131451 0.0213677655 0.0861948350 0.6950446004 0.0487695477 0.2213884071 0.1715605500 0.7481191867 0.2599287440 0.0214933095 0.5000000000 0.9921263271 0.7781219470 0.5500844543 0.9101712947 0.5697943709 0.6457617296 0.7174442085 0.9379914948 0.7843567089 0.9221370219 0.7755434011 0.9033922941 0.5865924606 0.6171591861 0.6986186913 0.8600266895 0.8572007068 0.8684910833 0.9075737414 0.9223720395 0.8850857743 0.6870128567 0.9767945725 0.8505001098 0.8209413561 0.8230195157 0.3291407673 0.5475783809 0.5776512908 0.9102162709 0.7537388157 0.5995488778 0.8532658418 0.9749043121 0.3215788452 0.9911934678
 0.0376346695 0.1504951363 0.1389314936 0.3839050268 0.0822929960 0.5032490160 0.2316526939 0.6197059406 0.0441712965 0.3583872167 0.0035784705 0.1451087881 0.2966997170 0.1727467000 0.0639733459 0.2240162313 0.1771407009 0.7250693445 0.0750301296 0.0954641380 0.2357280546 0.1061888784 0.2198506715 0.0078736729 0.5000000000 0.8226433727 0.6392155714 0.9328346813 0.9542255699 0.8470709458 0.7799745008 0.7329309972 0.2869042704 0.3912988459 0.8752555757 0.8738621410 0.6262214901 0.8646157137 0.9407308710 0.6613742365 0.8350713139 0.7720542354 0.7418338840 0.7884605800 0.5804532127 0.3292112470 0.8792731009 0.1961428601 0.8702300650 0.8522050594 0.6254423500 0.5612751070 0.7437640451 0.5824006042 0.8722645883 0.7792228992 0.6148549604 0.5726145123 0.8000126448 0.7941673263
 0.0038363310 0.1001338085 0.0118825262 0.0210187635 0.0157236446 0.2118995174 0.0069505659 0.3769358354 0.3386146056 0.6551261993 0.0382854669 0.1313194936 0.4321621180 0.1507740490 0.2297924149 0.1702000450 0.6485828155 0.2142582138 0.3722987753 0.5807115144 0.3520802366 0.3044373974 0.7933246364 0.2218780530 0.1773566273 0.5000000000 0.9951247665 0.6108024575 0.5315157469 0.6356727488 0.8187686863 0.9955087050 0.5567312570 0.8288322794 0.9332312214 0.9570360975 0.8941034612 0.5782292434 0.8106426970 0.9851349290 0.9728338918 0.8293018388 0.7078349138 0.5420638022 0.4824083209 0.9846200890 0.9840133821 0.4582840965 0.3225751475 0.5069636384 0.8429806293 0.7757508565 0.7053887088 0.9545740779 0.5541628807 0.9948723555 0.9284368841 0.7867079240 0.2469827057 0.5288273937
 0.1307560324 0.0363961768 0.7694611372 0.2500210448 0.2894479077 0.0233310993 0.3284170836 0.0265955586 0.1037749795 0.0187206588 0.0762592970 0.2096321471 0.3476125436 0.1773186953 0.1961909887 0.1686683990 0.6210809082 0.1033807070 0.0170032794 0.2483077478 0.0594070474 0.3244716367 0.6932725620 0.4499155457 0.3607844286 0.0048752335 0.5000000000 0.7651500436 0.4776426943 0.9455252571 0.8970005798 0.8646525517 0.5394441767 0.4237741228 0.7043937444 0.8833292366 0.6344860119 0.8305738731 0.9248788242 0.4076405429 0.2490014236 0.8819596428 0.6502724842 0.6946378285 0.9612200867 0.8137800215 0.4642704383 0.2981599418 0.5140915422 0.2653004790 0.9203531941 0.9739929226 0.9959643665 0.9567602747 0.9278255525 0.6755542246 0.5279054153 0.6817941783 0.7745277555 0.9850652612
 0.2097072099 0.2746063055 0.0156732776 0.1984982401 0.0734928602 0.0830942335 0.1744900358 0.0816046780 0.4473145424 0.1135838766 0.5125566538 0.1840934200 0.1784404590 0.2593930089 0.0975852601 0.0416577903 0.0161352599 0.0832425186 0.7242054058 0.1817991882 0.2213868130 0.0939260613 0.1451560238 0.0898287053 0.0671653187 0.3891975425 0.2348499564 0.5000000000 0.8121459592 0.3575084385 0.3130971602 0.3350404445 0.7556192319 0.6213973275 0.6955544716 0.6733824535 0.7890747938 0.2878928620 0.8872866557 0.8590918797 0.8416844190 0.9486000584 0.7904784087 0.9610835464 0.6825676608 0.7422563452 0.4396755457 0.7432744008 0.4764130681 0.8973002463 0.9210288253 0.9832870426 0.4738131879 0.8996565948 0.4365350099 0.9512697918 0.6376405245 0.3975310848 0.8557340698 0.8310968266
 0.1399436725 0.1348935783 0.0637144145 0.1491063944 0.3244910847 0.0602212870 0.5900473129 0.0016775603 0.0055761593 0.6505238453 0.5216583101 0.1671513839 0.4686364563 0.4726913859 0.2113202042 0.1123133572 0.0780014888 0.3259965298 0.2792260585 0.0007894712 0.0373506874 0.3148100632 0.1564000703 0.4302056291 0.0457744301 0.4684842531 0.5223573057 0.1878540408 0.5000000000 0.9447718795 0.8310916264 0.6392588261 0.6434884307 0.3105657084 0.7004400121 0.7503031126 0.6198357981 0.9720183851 0.7721292296 0.5202948141 0.7042409003 0.6174713314 0.7979739502 0.6999842252 0.8868952382 0.9231085432 0.8765372240 0.9818622476 0.9156120558 0.3778766103 0.5060240651 0.9981397853 0.7983840146 0.3175286809 0.8597486606 0.5265075249 0.8979963857 0.7768765255 0.9267140986 0.9061880632
 0.0898414429 0.2348569076 0.2060465051 0.2331622456 0.5026058963 0.0579839477 0.1372761548 0.4646838534 0.1734131736 0.4305705418 0.1638764741 0.5213743992 0.6500172867 0.2344936272 0.1535671827 0.2940164926 0.0902241705 0.0202197687 0.1540715127 0.1457233240 0.2547580014 0.1985144743 0.0685032945 0.3542382704 0.1529290542 0.3643272512 0.0544747429 0.6424915615 0.0552281205 0.5000000000 0.9737335826 0.7121388415 0.6014270870 0.9070859869 0.5273777262 0.6413604712 0.9935846094 0.9785002298 0.2401341698 0.9858120342 0.9651715372 0.5914930851 0.7248712987 0.7465057347 0.7926625999 0.6007557689 0.9087077145 0.7190727880 0.8178016504 0.9680317042 0.9400853705 0.8909465834 0.5771576274 0.7216036510 0.9210285596 0.8258735545 0.9219834089 0.5790546977 0.9656567690 0.5649923985
 0.2200109330 0.1484233802 0.2619177946 0.0322356134 0.2347971796 0.4851616577 0.3596877605 0.3892103018 0.0027937911 0.0474955490 0.0498805762 0.3320561165 0.4629342955 0.3229691677 0.1966391075 0.0203537528 0.1942605350 0.1812285728 0.4595398001 0.1995013850 0.0375071270 0.3615964575 0.0431104699 0.2825557915 0.2200254992 0.1812313137 0.1029994202 0.6869028398 0.1689083736 0.0262664174 0.5000000000 0.8073254672 0.4071115063 0.6317923306 0.7854003871 0.8447268103 0.9964047358 0.5160243088 0.7009556925 0.9847248851 0.9856113147 0.5194132174 0.9414151807 0.4602884501 0.6121256688 0.9703419151 0.6537147227 0.1120706350 0.8235360537 0.9733095494 0.9750895980 0.6167430808 0.6864485653 0.3742911984 0.9549792675 0.8422150707 0.1624560685 0.7343641273 0.5743780089 0.8139231577
 0.0018321371 0.2486085247 0.3628608493 0.1858125219 0.3047136028 0.3479488514 0.2037774693 0.6748260894 0.1432115730 0.2681232998 0.0430202668 0.1063887213 0.1731175278 0.0029731991 0.1650410608 0.4555707910 0.2944659493 0.6986810189 0.4315226630 0.3145290655 0.1296370731 0.2757079275 0.2081527659 0.0620085052 0.2670690028 0.0044912950 0.1353474483 0.6649595555 0.3607411739 0.2878611585 0.1926745328 0.5000000000 0.7580675455 0.7927140764 0.8713675553 0.8015737330 0.9017779901 0.9633350898 0.9973729606 0.6010199496 0.3046340542 0.6572520290 0.8554679940 0.6880140519 0.9502612476 0.9232051663 0.6675617397 0.6667064324 0.9942259536 0.6187359724 0.3946684457 0.6045073813 0.7683539667 0.9131834811 0.8311754740 0.7529267155 0.3601704135 0.9279022727 0.5887275831 0.2998112711
 0.1492845090 0.0097125478 0.4808706612 0.4109369007 0.1826301536 0.3803907202 0.1575763435 0.0214567329 0.0087048880 0.1255397927 0.4887702164 0.1766915265 0.1052939582 0.7087077125 0.3287627931 0.4790272881 0.4681777380 0.1998985435 0.1166151216 0.3048349478 0.0267154889 0.0699092214 0.5117047273 0.2156432911 0.7130957296 0.4432687430 0.4605558233 0.2443807681 0.3565115693 0.3985729130 0.5928884937 0.2419324545 0.5000000000 0.4639254566 0.7785547444 0.8783377883 0.3784493992 0.6658159480 0.8948550216 0.9532199888 0.7729751995 0.5355688426 0.7134703680 0.7344998975 0.8460379567 0.6719070898 0.9878344701 0.9505845439 0.5451721215 0.6956217178 0.9213032658 0.5394769588 0.8761184836 0.7840380757 0.9920405727 0.8812078433 0.8984146124 0.7067097365 0.9208164710 0.9985966209
 0.1934190400 0.1066512455 0.1554626854 0.5088772536 0.0257047050 0.1670850863 0.0571330589 0.0148695755 0.1476551563 0.1043533179 0.1159040608 0.1094026363 0.2200315202 0.2147566028 0.6020427693 0.6383930307 0.1427852867 0.0423672592 0.3676209651 0.0480239753 0.0354539565 0.2368827411 0.1384741342 0.0778629781 0.6087011541 0.1711677206 0.5762258772 0.3786026725 0.6894342916 0.0929140131 0.3682076694 0.2072859236 0.5360745434 0.5000000000 0.9688460240 0.9465092488 0.7362141955 0.6353667274 0.9981184021 0.8906211497 0.9170505714 0.9735034880 0.5340386518 0.6433789892 0.7792778725 0.6964465001 0.8524113713 0.8165367385 0.7939764627 0.7148633866 0.7050545285 0.4389289991 0.6376137872 0.9859628617 0.8011650500 0.8153536152 0.2275874291 0.8514116604 0.6232765563 0.9850881762
 0.0263789029 0.4169819448 0.4621239417 0.2318049272 0.4996612177 0.1943425915 0.1256484863 0.3177987706 0.1918183376 0.1830304196 0.0222163859 0.4305352603 0.4410052399 0.1921246751 0.3735759756 0.4915172412 0.4648472141 0.0695267077 0.2419381354 0.1453145144 0.0916055987 0.1125870768 0.0365890824 0.2244565989 0.1247444243 0.0667687786 0.2956062556 0.3044455284 0.2995599879 0.4726222738 0.2145996129 0.1286324447 0.2214452556 0.0311539760 0.5000000000 0.7559159159 0.9726626874 0.5921537546 0.4033573194 0.8862860223 0.8408032331 0.9111145436 0.8167317444 0.3924880091 0.9636049561 0.9435081023 0.8611462929 0.8528797801 0.9170605478 0.8783480078 0.7924428872 0.7607444309 0.7605881539 0.7320517945 0.7184589531 0.5074263790 0.8969839444 0.8486601299 0.9903363462 0.4443616669
 0.6088170303 0.9461529684 0.2385260384 0.1610801838 0.0069091798 0.6405243723 0.1730896807 0.3575012050 0.5589244741 0.0035651388 0.4593021424 0.0970825321 0.0916776265 0.2169168977 0.0859774228 0.2082404464 0.6134898011 0.4735800319 0.0481576007 0.0544162197 0.7683464615 0.0356637470 0.1020099646 0.0966077059 0.1261378590 0.0429639025 0.1166707634 0.3266175465 0.2496968874 0.3586395288 0.1552731897 0.1984262670 0.1216622117 0.0534907512 0.2440840841 0.5000000000 0.7399075496 0.8788462121 0.7288175886 0.4473939620 0.4533704955 0.8804071233 0.7357538901 0.7556425402 0.2988211062 0.4521114635 0.8611359507 0.9940508915 0.8305561076 0.5154046398 0.9039520857 0.7199140254 0.9893043875 0.6867549148 0.9425291602 0.6927337096 0.7815944409 0.4058741414 0.3220833562 0.8724806949
 0.0135989197 0.2930235522 0.4056012896 0.6482246089 0.5333812912 0.3230257457 0.0073962984 0.3632423289 0.1993572606 0.0071129701 0.0903809422 0.3878937884 0.0658192057 0.1718082997 0.3125885829 0.1137361284 0.4193590638 0.0665219621 0.4776672764 0.0015172285 0.3626959403 0.1331347517 0.0827031148 0.4134075394 0.3737785099 0.1058965388 0.3655139881 0.2109252062 0.3801642019 0.0064153906 0.0035952642 0.0982220099 0.6215506008 0.2637858045 0.0273373126 0.2600924504 0.5000000000 0.8884276546 0.8953922588 0.5635625797 0.4107837442 0.9099402072 0.7524106726 0.9516408354 0.8415683837 0.6739410350 0.6740699900 0.9325068226 0.9087990069 0.8977545184 0.7929816190 0.4582666682 0.9591230369 0.9522471956 0.5230265648 0.4028963477 0.5261516522 0.7057878488 0.9707939297 0.7576483725
 0.4806795433 0.0798057903 0.6100063933 0.0432571987 0.0211939228 0.3606727742 0.0114129263 0.1822736975 0.8237225421 0.2356587406 0.3173530988 0.5287850509 0.0680545080 0.0650541969 0.4619996829 0.3330287147 0.1167635216 0.0315997225 0.3731243666 0.3279267872 0.2354079845 0.0075401587 0.2797962672 0.3828408139 0.1353842863 0.4217707566 0.1694261269 0.7121071380 0.0279816149 0.0214997702 0.4839756912 0.0366649102 0.3341840520 0.3646332726 0.4078462454 0.1211537879 0.1115723454 0.5000000000 0.9399811215 0.7847124633 0.8013496691 0.6265408308 0.8084210035 0.6362919009 0.7205999510 0.9982346376 0.8168569686 0.9283652805 0.5830453333 0.6198240191 0.6545903035 0.6831651114 0.9507188794 0.8466897524 0.7082168467 0.6889867616 0.9638736527 0.7230722074 0.7189243755 0.6923034882
 0.0953356541 0.1526663889 0.4594286164 0.2953058228 0.2663361713 0.5759179483 0.5228741576 0.1363290620 0.1368126838 0.1340478287 0.5367953866 0.2488065223 0.0101933082 0.4739429990 0.3918744772 0.2669448533 0.2237063176 0.2580699785 0.1720295677 0.0278738268 0.1927122286 0.0108479296 0.3902353544 0.3013813087 0.0592691290 0.1893573030 0.0751211758 0.1127133443 0.2278707704 0.7598658302 0.2990443075 0.0026270394 0.1051449784 0.0018815979 0.5966426806 0.2711824114 0.1046077412 0.0600188785 0.5000000000 0.6872220254 0.7941679613 0.8237830352 0.7128139219 0.9102441873 0.7783095933 0.4038594270 0.3503024086 0.8999314983 0.9153446760 0.8303034106 0.8125874271 0.7251642415 0.6669449011 0.7313635961 0.9194979605 0.9488543418 0.9159860819 0.8994617930 0.6076060176 0.9880733495
 0.0836777398 0.0194835705 0.1094354820 0.1427319173 0.0321176306 0.3615530897 0.0484541674 0.2298067338 0.3515308091 0.1353973636 0.3716868317 0.0510471431 0.1871960096 0.4897940812 0.5952688864 0.0840056301 0.5475244840 0.0965975467 0.2787315254 0.0857824418 0.2465913820 0.2074210058 0.1079475196 0.1399733105 0.3386257635 0.0148650710 0.5923594571 0.1409081203 0.4797051859 0.0141879658 0.0152751149 0.3989800504 0.0467800112 0.1093788503 0.1137139777 0.5526060380 0.4364374203 0.2152875367 0.3127779746 0.5000000000 0.9056341250 0.7840350299 0.6793185275 0.9388481278 0.9632931993 0.8227319659 0.7454268510 0.4999501068 0.9764825716 0.6772125535 0.8328727629 0.9412595608 0.5843697680 0.8463546073 0.9228024698 0.8700277175 0.5723986095 0.4535031493 0.9739050459 0.9972875665
 0.1585484039 0.0647976518 0.3925205148 0.5971014219 0.7462761892 0.1051881845 0.2360866417 0.0085899734 0.2472896996 0.1193259514 0.7055989454 0.2680471467 0.3938798306 0.3371547328 0.5899544498 0.1320256393 0.3509195217 0.2240228716 0.1816210668 0.3717956068 0.2450807875 0.6229011532 0.3111735743 0.1427992932 0.1649286861 0.0271661082 0.7509985764 0.1583155810 0.2957590997 0.0348284628 0.0143886853 0.6953659458 0.2270248005 0.0829494286 0.1591967669 0.5466295045 0.5892162558 0.1986503309 0.2058320387 0.0943658750 0.5000000000 0.8496644156 0.8445086063 0.9115115811 0.7658972619 0.7321670546 0.3985574484 0.3784866687 0.5970262644 0.6766163385 0.3079919317 0.9642341705 0.7197107415 0.6076216458 0.9354463680 0.9407250740 0.8459614953 0.6972164468 0.9065701894 0.7558300782
 0.2532252853 0.0498039538 0.0336778688 0.0851708903 0.2369294729 0.4405906473 0.1127429257 0.1173900014 0.3437494356 0.0123868556 0.0527115803 0.6366243199 0.1756059059 0.2013250778 0.1290978943 0.4960275328 0.1212135019 0.0618395216 0.2450830056 0.0933148660 0.5514982416 0.0024000030 0.3291848404 0.1315089167 0.2279457646 0.1706981612 0.1180403572 0.0513999416 0.3825286686 0.4085069149 0.4805867826 0.3427479710 0.4644311574 0.0264965120 0.0888854564 0.1195928767 0.0900597928 0.3734591692 0.1762169648 0.2159649701 0.1503355844 0.5000000000 0.7124917632 0.4162311712 0.3827824574 0.3276277845 0.4837434066 0.9902794136 0.9752887717 0.7442757035 0.3486849062 0.3889432864 0.8445892566 0.6269405877 0.4991553194 0.6515850392 0.3104720399 0.7195865719 0.7301885104 0.6450314448
 0.3684859017 0.2687457190 0.3155438608 0.1808070214 0.0717136676 0.1295224961 0.2043295711 0.1716563533 0.0487504741 0.1861727783 0.4699535102 0.2275700446 0.3491925386 0.5571157806 0.2084904073 0.0241291878 0.3881954958 0.1559450454 0.6362872716 0.3322586648 0.6024065886 0.3812953291 0.2568643907 0.0924262586 0.2581661160 0.2921650862 0.3497275158 0.2095215913 0.2020260498 0.2751287013 0.0585848193 0.1445320060 0.2865296320 0.4659613482 0.1832682556 0.2642461099 0.2475893274 0.1915789965 0.2871860781 0.3206814725 0.1554913937 0.2875082368 0.5000000000 0.8765818633 0.7504066532 0.7114058374 0.9666622404 0.7512501516 0.7446066720 0.9779036341 0.9286259539 0.9822835207 0.7984768226 0.8462003480 0.9259633072 0.6389666564 0.9837054616 0.1881562474 0.6433030081 0.3408265699
 0.1681589449 0.0064976164 0.5387185609 0.1089302116 0.0531931190 0.2471777148 0.1178866462 0.0793788103 0.0920250100 0.0026338759 0.1694256794 0.2957959353 0.1584159020 0.0908639040 0.2336988694 0.4100543541 0.1211533484 0.1872122868 0.4645150152 0.5374616720 0.2189670590 0.3445913694 0.0032931183 0.0776279605 0.2115394200 0.4579361978 0.3053621715 0.0389164536 0.3000157748 0.2534942653 0.5397115499 0.3119859481 0.2655001025 0.3566210108 0.6075119909 0.2443574598 0.0483591646 0.3637080991 0.0897558127 0.0611518722 0.0884884189 0.5837688288 0.1234181367 0.5000000000 0.9810894627 0.6567418764 0.7311025650 0.9403329856 0.7362504830 0.9961121969 0.7489363916 0.9601262622 0.4415604185 0.3838113817 0.6899680537 0.3217327135 0.4418741185 0.9261570385 0.7492876741 0.8369619912
 0.1969818496 0.1085741775 0.0841646813 0.4429443136 0.1900086808 0.3995863505 0.0698104707 0.1641562661 0.0793614146 0.0914523892 0.0459083676 0.1630951747 0.2239514435 0.1963213924 0.0581845772 0.4372755049 0.7570956764 0.6183505821 0.0855785800 0.2340114892 0.1120081524 0.1259209625 0.2794773700 0.1149142257 0.4195467873 0.5175916791 0.0387799133 0.3174323392 0.1131047618 0.2073374001 0.3878743312 0.0497387524 0.1539620433 0.2207221275 0.0363950439 0.7011788938 0.1584316163 0.2794000490 0.2216904067 0.0367068007 0.2341027381 0.6172175426 0.2495933468 0.0189105373 0.5000000000 0.6888335906 0.9913068450 0.9764420970 0.9014791229 0.6784710930 0.7075374239 0.7259487546 0.7889717001 0.8604467637 0.7474732989 0.9690871534 0.3616584538 0.9526555868 0.4669037114 0.7545017260
 0.0259396856 0.4082044620 0.1634437633 0.5435559738 0.5000251075 0.1404216198 0.4836539252 0.5375689796 0.1502989207 0.0552289473 0.1381096981 0.0059683555 0.0692306383 0.4104278115 0.2839842150 0.4378115872 0.4125734670 0.1897174812 0.6897139229 0.3646061680 0.1758276545 0.0083146108 0.4001998587 0.3129871433 0.6707887530 0.0153799110 0.1862199785 0.2577436548 0.0768914568 0.3992442311 0.0296580849 0.0767948337 0.3280929102 0.3035534999 0.0564918977 0.5478885365 0.3260589650 0.0017653624 0.5961405730 0.1772680341 0.2678329454 0.6723722155 0.2885941626 0.3432581236 0.3111664094 0.5000000000 0.6495203884 0.9277163969 0.8351636419 0.9977584291 0.1537341919 0.7391333497 0.9780558427 0.4961058256 0.6446948036 0.8276702392 0.6927803331 0.7686697535 0.8468384312 0.9358536099
 0.4540891195 0.5033827131 0.6956118112 0.3330560785 0.2364102493 0.0424381349 0.3505225310 0.2898720047 0.0978631743 0.6057773293 0.1804465312 0.0092765524 0.2363788731 0.0168095384 0.5216193783 0.0522086153 0.0563721459 0.0150851778 0.0940695385 0.3165272565 0.4828109893 0.1220579678 0.2103624155 0.0232054275 0.1207268991 0.0159866179 0.5357295617 0.5603244543 0.1234627760 0.0912922855 0.3462852773 0.3324382603 0.0121655299 0.1475886287 0.1388537071 0.1388640493 0.3259300100 0.1831430314 0.6496975914 0.2545731490 0.6014425516 0.5162565934 0.0333377596 0.2688974350 0.0086931550 0.3504796116 0.5000000000 0.9335607333 0.8692354777 0.6837622754 0.9477153994 0.9892692889 0.7451560707 0.7964225782 0.2696882037 0.6272938064 0.5204886358 0.7463954328 0.9751707371 0.8020364951
 0.7075641868 0.4317550011 0.2666821969 0.2055087523 0.3014500841 0.0565241503 0.0178519859 0.4048762040 0.2373364051 0.3680893920 0.0228798763 0.2232735994 0.2848564037 0.3571708152 0.2435378549 0.6473496486 0.3380269654 0.1272004585 0.0130265128 0.5783037118 0.4191801911 0.0456528209 0.0693787546 0.1494998902 0.8038571399 0.5417159035 0.7018400582 0.2567255992 0.0181377524 0.2809272120 0.8879293650 0.3332935676 0.0494154561 0.1834632615 0.1471202199 0.0059491085 0.0674931774 0.0716347195 0.1000685017 0.5000498932 0.6215133313 0.0097205864 0.2487498484 0.0596670144 0.0235579030 0.0722836031 0.0664392667 0.5000000000 0.5117688875 0.4158344427 0.8397853808 0.7374713540 0.6751914795 0.9124458330 0.9715513975 0.8538710618 0.5246944146 0.1357899281 0.7268929940 0.7426375915
 0.0451284063 0.2808188942 0.4137318042 0.0406183824 0.1832260010 0.0659373885 0.0529846223 0.1206415731 0.4088004280 0.0739917966 0.2745994344 0.2327828117 0.1184337011 0.2816732283 0.0071849475 0.1695451165 0.0726215459 0.3420812499 0.0987787654 0.0853472428 0.0237732983 0.2356113502 0.3943766265 0.1790586439 0.1297699350 0.6774248525 0.4859084578 0.5235869319 0.0843879442 0.1821983496 0.1764639463 0.0057740464 0.4548278785 0.2060235373 0.0829394522 0.1694438924 0.0912009931 0.4169546667 0.0846553240 0.0235174284 0.4029737356 0.0247112283 0.2553933280 0.2637495170 0.0985208771 0.1648363581 0.1307645223 0.4882311125 0.5000000000 0.9650923430 0.9079747845 0.5987854991 0.6495913028 0.8546961726 0.3046212366 0.5166716535 0.8875163941 0.4606665324 0.2598386761 0.7579066840
 0.3007235461 0.3195642001 0.3201625886 0.1053388667 0.2091118992 0.2398815042 0.4476801350 0.5057328028 0.5672580498 0.4921152107 0.4517621473 0.5163120156 0.2374304456 0.0173855058 0.1200575898 0.1689165476 0.4871766200 0.0711386227 0.0425500902 0.5053424731 0.0303953170 0.1498818563 0.3830924294 0.1769804843 0.1477949406 0.4930363616 0.7346995210 0.1026997537 0.6221233897 0.0319682958 0.0266904506 0.3812640276 0.3043782822 0.2851366134 0.1216519922 0.4845953602 0.1022454816 0.3801759809 0.1696965894 0.3227874465 0.3233836615 0.2557242965 0.0220963659 0.0038878031 0.3215289070 0.0022415709 0.3162377246 0.5841655573 0.0349076570 0.5000000000 0.9456421786 0.7385277798 0.9982851850 0.8834877277 0.6172073292 0.8018898918 0.9486588184 0.9751828888 0.9886428042 0.9320748051
 0.0794905502 0.0055425571 0.2714614585 0.2826595546 0.1448663002 0.1033689718 0.1413294449 0.4166421500 0.2585192084 0.2814328748 0.1008720936 0.2299024057 0.4744428226 0.1382436965 0.1777258975 0.2242130055 0.0341688539 0.0306236419 0.1393483793 0.0510893893 0.2703692434 0.0590026164 0.3762804739 0.6708592327 0.3745576500 0.1570193707 0.0796468059 0.0789711747 0.4939759349 0.0599146295 0.0249104020 0.6053315543 0.0786967342 0.2949454715 0.2075571128 0.0960479143 0.2070183810 0.3454096965 0.1874125729 0.1671272371 0.6920080683 0.6513150938 0.0713740461 0.2510636084 0.2924625761 0.8462658081 0.0522846006 0.1602146192 0.0920252155 0.0543578214 0.5000000000 0.9246177703 0.7483361851 0.7880230886 0.2990827100 0.9332799473 0.5164822591 0.5827746632 0.2394738657 0.5876566577
 0.1684023007 0.0303567085 0.0886229060 0.0305621178 0.0945021760 0.2433645475 0.1859240208 0.4725234628 0.2245272184 0.1236705398 0.0718072706 0.0247571447 0.2917994482 0.0706670483 0.5389364123 0.1735403758 0.0846800597 0.0268647432 0.2808819292 0.4264298689 0.5098529383 0.0393279132 0.1613795268 0.4524216191 0.4387248930 0.2242491435 0.0260070774 0.0167129574 0.0018602147 0.1090534166 0.3832569192 0.3954926187 0.4605230412 0.5610710009 0.2392555691 0.2800859746 0.5417333318 0.3168348886 0.2748357585 0.0587404392 0.0357658295 0.6110567136 0.0177164793 0.0398737378 0.2740512454 0.2608666503 0.0107307111 0.2625286460 0.4012145009 0.2614722202 0.0753822297 0.5000000000 0.6515887329 0.4595809555 0.9578733921 0.9918153395 0.8068173776 0.6043914792 0.8442733722 0.9208223786
 0.6159382639 0.1301849206 0.2600998468 0.0113504737 0.0345942112 0.1969658419 0.0119016969 0.1187451615 0.1755762990 0.1198701027 0.2809865502 0.0962857668 0.2919069470 0.3077014551 0.1674263190 0.3357278777 0.4058866567 0.1658583981 0.3288989723 0.3413357755 0.0657892429 0.0877824468 0.5084681171 0.4223487092 0.2562359549 0.2946112912 0.0040356335 0.5261868121 0.2016159854 0.4228423726 0.3135514347 0.2316460333 0.1238815164 0.3623862128 0.2394118461 0.0106956125 0.0408769631 0.0492811206 0.3330550989 0.4156302320 0.2802892585 0.1554107434 0.2015231774 0.5584395815 0.2110282999 0.0219441573 0.2548439293 0.3248085205 0.3504086972 0.0017148150 0.2516638149 0.3484112671 0.5000000000 0.9423940979 0.8512978207 0.9726666270 0.9305918921 0.3681672338 0.6411028707 0.6745250011
 0.4685884322 0.1107740266 0.2205569377 0.2428359524 0.7468470636 0.0479470819 0.7308496584 0.0147727169 0.0482239295 0.1418925133 0.0450598353 0.1788023766 0.5497778594 0.2704436336 0.4064343889 0.4111451042 0.5336257395 0.4829347381 0.1464675828 0.2659784166 0.2667361765 0.4263684436 0.0472311462 0.0897837291 0.4175993958 0.0454259221 0.0432397253 0.1003434052 0.6824713191 0.2783963490 0.6257088016 0.0868165189 0.2159619243 0.0140371383 0.2679482055 0.3132450852 0.0477528044 0.1533102476 0.2686364039 0.1536453927 0.3923783542 0.3730594123 0.1537996520 0.6161886183 0.1395532363 0.5038941744 0.2035774218 0.0875541670 0.1453038274 0.1165122723 0.2119769114 0.5404190445 0.0576059021 0.5000000000 0.7343141029 0.7925926407 0.7246507906 0.9027040050 0.5282134604 0.3561138970
 0.0358075277 0.4458391895 0.0745288892 0.5540741283 0.1766334035 0.3266912387 0.3904917895 0.6366609688 0.0695218525 0.4806976092 0.4890058495 0.1593244420 0.1419375259 0.0577911928 0.2290188105 0.0289564136 0.3832563937 0.0075401551 0.0060894341 0.4691187768 0.5325169418 0.8298316442 0.0642165281 0.2462611843 0.1277354117 0.4458371193 0.0721744475 0.5634649901 0.1402513394 0.0789714404 0.0450207325 0.1688245260 0.0079594273 0.1988349500 0.2815410469 0.0574708398 0.4769734352 0.2917831533 0.0805020395 0.0771975302 0.0645536320 0.5008446806 0.0740366928 0.3100319463 0.2525267011 0.3553051964 0.7303117963 0.0284486025 0.6953787634 0.3827926708 0.7009172900 0.0421266079 0.1487021793 0.2656858971 0.5000000000 0.9029854841 0.6167412421 0.9557386168 0.9610779551 0.6674619672
 0.2846120488 0.1000201880 0.1620270663 0.6789768514 0.1608656952 0.1098884281 0.0954957269 0.0209403605 0.2339412452 0.5333019982 0.2990988495 0.3590076747 0.2069925904 0.0817251122 0.2096234627 0.2780028446 0.0873268268 0.3281845245 0.0680991889 0.6076707270 0.1229701442 0.0722671854 0.2004816508 0.4004511222 0.2207771008 0.0051276445 0.3244457754 0.0487302082 0.4734924751 0.1741264455 0.1577849293 0.2470732845 0.1187921567 0.1846463848 0.4925736210 0.3072662904 0.5971036523 0.3110132384 0.0511456582 0.1299722825 0.0592749260 0.3484149608 0.3610333436 0.6782672865 0.0309128466 0.1723297608 0.3727061936 0.1461289382 0.4833283465 0.1981101082 0.0667200527 0.0081846605 0.0273333730 0.2074073593 0.0970145159 0.5000000000 0.3632698923 0.9472796503 0.6547302475 0.6419180588
 0.4313230365 0.7152289928 0.5174197497 0.0971260241 0.0219424443 0.7627217296 0.1123253694 0.2018896649 0.1096646894 0.0152746064 0.2554191943 0.1660797393 0.1924655754 0.5154256363 0.0400079259 0.0569512439 0.5861928600 0.1151522650 0.5855291560 0.1822680023 0.2687102950 0.5288422771 0.2622543606 0.1467341582 0.3851450396 0.0715631159 0.4720945847 0.3623594755 0.1020036143 0.0780165911 0.8375439315 0.6398295865 0.1015853876 0.7724125709 0.1030160556 0.2184055591 0.4738483478 0.0361263473 0.0840139181 0.4276013905 0.1540385047 0.6895279601 0.0162945384 0.5581258815 0.6383415462 0.3072196669 0.4795113642 0.4753055854 0.1124836059 0.0513411816 0.4835177409 0.1931826224 0.0694081079 0.2753492094 0.3832587579 0.6367301077 0.5000000000 0.9876191714 0.5499935209 0.9959638978
 0.0090365129 0.0981570880 0.3765908401 0.4539709406 0.0963742082 0.2312541622 0.5045475263 0.1034994960 0.2665467532 0.1699486312 0.5009349719 0.4517919423 0.0643881423 0.0140859364 0.2598427200 0.0839568597 0.0541699901 0.6312163259 0.1705022680 0.4322722842 0.1170030565 0.3048896111 0.3167392615 0.0250956879 0.4273854877 0.2132920760 0.3182058217 0.6024689152 0.2231234745 0.4209453023 0.2656358727 0.0720977273 0.2932902635 0.1485883396 0.1513398701 0.5941258586 0.2942121512 0.2769277926 0.1005382070 0.5464968507 0.3027835532 0.2804134281 0.8118437526 0.0738429615 0.0473444132 0.2313302465 0.2536045672 0.8642100719 0.5393334676 0.0248171112 0.4172253368 0.3956085208 0.6318327662 0.0972959950 0.0442613832 0.0527203497 0.0123808286 0.5000000000 0.7227280926 0.8625073116
 0.3206638844 0.2956086856 0.4367508284 0.5558266938 0.0492182130 0.0814140656 0.3823438284 0.0607981210 0.2128005203 0.2581229564 0.3376179346 0.0875107303 0.4827887379 0.1689850660 0.3536792100 0.2417573759 0.1711022461 0.2692186211 0.3621662673 0.6238126157 0.7035397498 0.3757908742 0.1937468066 0.6784211548 0.1999873552 0.7530172943 0.2254722445 0.1442659302 0.0732859014 0.0343432310 0.4256219911 0.4112724169 0.0791835290 0.3767234437 0.0096636538 0.6779166438 0.0292060703 0.2810756245 0.3923939824 0.0260949541 0.0934298106 0.2698114896 0.3566969919 0.2507123259 0.5330962886 0.1531615688 0.0248292629 0.2731070060 0.7401613239 0.0113571958 0.7605261343 0.1557266278 0.3588971293 0.4717865396 0.0389220449 0.3452697525 0.4500064791 0.2772719074 0.5000000000 0.1986654781
 0.0991484344 0.0427680672 0.4131870523 0.0862966878 0.0441858512 0.0905166422 0.0191932470 0.3349462989 0.0306331491 0.0502709631 0.1344539962 0.0830265579 0.6432081351 0.3960991789 0.0038362917 0.1441360809 0.0721269472 0.2017383708 0.0348249500 0.3408623499 0.2855710205 0.1678819583 0.1605037023 0.0088065322 0.2058326737 0.4711726063 0.0149347388 0.1689031734 0.0938119368 0.4350076015 0.1860768423 0.7001887289 0.0014033791 0.0149118238 0.5556383331 0.1275193051 0.2423516275 0.3076965118 0.0119266505 0.0027124335 0.2441699218 0.3549685552 0.6591734301 0.1630380088 0.2454982740 0.0641463901 0.1979635049 0.2573624085 0.2420933160 0.0679251949 0.4123433423 0.0791776214 0.3254749989 0.6438861030 0.3325380328 0.3580819412 0.0040361022 0.1374926884 0.8013345219 0.5000000000
]
