n: 60

c:
[
 0.5000000000 0.6988501825 0.9209364075 0.8625050518 0.6523408615 0.8908336911 0.8431542233 0.7304685974 0.9556027382 0.6237842803 0.8072345036 0.8501009582 0.5901753599 0.9734788450 0.7494726658 0.8630497238 0.5240049361 0.4920465225 0.8777691298 0.9032389404 0.4543496073 0.5651745525 0.7187586286 0.8432800731 0.5753956794 0.9778133919 0.8538368902 0.9073050288 0.7475482197 0.9299361922 0.6339601089 0.4524014382 0.2243912260 0.8224565692 0.8486761202 0.6620969588 0.6731344825 0.2928327750 0.4850889423 0.6143829460 0.9405353089 0.4066743754 0.7812629852 0.5008024112 0.9822887687 0.3866285598 0.8458432778 0.1790844352 0.9518510019 0.5571487150 0.4848609858 0.9947898398 0.4324241879 0.6436737337 0.9034392168 0.8929406839 0.8186989434 0.9468271456 0.6517235726 0.6441237136
 0.3011498175 0.5000000000 0.5246455510 0.3340042944 0.9482330749 0.6811249750 0.7999427356 0.4209305071 0.8468576230 0.5938768048 0.6295278488 0.8735756756 0.6382171579 0.8915635305 0.7647965479 0.8554480699 0.7906724343 0.3649360292 0.7227901784 0.7775285113 0.3342618050 0.6215548278 0.8378255757 0.4244805056 0.8765817391 0.8122547582 0.6146379532 0.8561116848 0.6201538604 0.7536523527 0.9421142776 0.9074749689 0.4654385532 0.7660398589 0.9212944814 0.7784876164 0.8502912443 0.3875472184 0.5259444252 0.5926273462 0.9309163175 0.5978494612 0.9763569840 0.7610721975 0.9014501609 0.7363151060 0.9373011089 0.7708706163 0.5456566942 0.8920078277 0.4367966583 0.4601614193 0.4847594940 0.4597113862 0.5608987298 0.9574572253 0.9985246447 0.9757249049 0.6555320466 0.9403433812
 0.0790635925 0.4753544490 0.5000000000 0.7212039342 0.5558239813 0.9573371870 0.7820637034 0.5932960440 0.7755705331 0.9432198260 0.7548072216 0.9142419984 0.9488710576 0.9951387999 0.5523993172 0.8846680552 0.5408906878 0.8176741868 0.8783162417 0.7967497755 0.9664678108 0.5074641747 0.3318778723 0.7202710338 0.7049736202 0.9269226704 0.6148292963 0.9663899140 0.5984360743 0.9735055517 0.9890405088 0.9276982677 0.9993671946 0.3276324912 0.9607018999 0.8910742119 0.6633212120 0.3677605652 0.2697792701 0.2924026519 0.9010782269 0.5300037954 0.9677025414 0.7125375772 0.5044350788 0.5669562097 0.7462023035 0.7961005544 0.9120890266 0.9667520807 0.8412555102 0.4734236644 0.2562489086 0.6936033811 0.9901418663 0.6289169352 0.8075953792 0.8653576048 0.8831685470 0.8508499983
 0.1374949482 0.6659957056 0.2787960658 0.5000000000 0.8082151293 0.6855161925 0.6289130328 0.7137431382 0.9928909658 0.7289058460 0.9991324270 0.8101508129 0.9783253501 0.8747283077 0.8922825969 0.5145893340 0.8473050522 0.9232153654 0.9921891230 0.5038466452 0.4992740813 0.7926710448 0.6667618602 0.6246191879 0.9081559934 0.9336633309 0.6872746348 0.9803203960 0.4247522878 0.6131990127 0.5809457744 0.7958225053 0.8874428988 0.2094683431 0.8977392197 0.8328784782 0.6630716564 0.8514822938 0.8084209799 0.4940041029 0.5371757674 0.5370117398 0.7751255469 0.6030865377 0.8622471093 0.9653901064 0.8181529773 0.8709030714 0.5399229884 0.6406137616 0.2325080354 0.3801687298 0.7029102844 0.7777708600 0.7288415930 0.8430838245 0.9389622244 0.8011355884 0.8510959460 0.8985416219
 0.3476591385 0.0517669251 0.4441760187 0.1917848707 0.5000000000 0.6241962988 0.6092549361 0.8420575584 0.6184087660 0.6843344345 0.8225693688 0.6356555669 0.7556780688 0.3624401576 0.7705219587 0.7763908402 0.8845400980 0.9910613190 0.8309244545 0.9339262547 0.7649115035 0.6425786738 0.9787648555 0.6777686760 0.9831003473 0.6914340854 0.8841520773 0.6438518570 0.9278586625 0.7320586612 0.5949313979 0.8572813611 0.1735483046 0.5092320093 0.6299879681 0.9363091329 0.7569403454 0.6392938413 0.7114927381 0.9061745042 0.8815457033 0.5335670352 0.9062368082 0.8858268813 0.5455086021 0.8956982878 0.5596606793 0.8704243864 0.8196914471 0.6457897013 0.5832799254 0.7642279202 0.5970823109 0.7613702118 0.5124015349 0.5373998140 0.9849179177 0.7657311173 0.1298123756 0.6464796171
 0.1091663089 0.3188750250 0.0426628130 0.3144838075 0.3758037012 0.5000000000 0.7155952752 0.9709782060 0.4691651576 0.6762087000 0.7514426202 0.8183243709 0.6259044871 0.4492333898 0.8108172576 0.9244538686 0.9626229895 0.8558651240 0.7760887680 0.7607090208 0.7379447641 0.8591524222 0.9202993351 0.2215377929 0.8019046749 0.5778996261 0.5108088021 0.8799508466 0.3142644272 0.7764090825 0.8681178691 0.9711844198 0.4156960546 0.5557100289 0.8909337060 0.4875267785 0.5040883353 0.6281459982 0.6298604445 0.7820018989 0.4343246892 0.9019841212 0.6324938842 0.8464488905 0.6980447794 0.5638459474 0.9175645429 0.7298907442 0.9867855578 0.4239975946 0.6114135277 0.9879410576 0.4128123843 0.9609346527 0.9607469245 0.8413533315 0.4716092980 0.8759322737 0.8671846093 0.8408773287
 0.1568457767 0.2000572644 0.2179362966 0.3710869672 0.3907450639 0.2844047248 0.5000000000 0.6880827272 0.7980240586 0.9227721166 0.8884016727 0.6209611231 0.8905676063 0.8206335713 0.7202577469 0.9508171906 0.7910079116 0.9363638107 0.6954852898 0.5144115562 0.8348680108 0.7305194292 0.4950266501 0.9822495306 0.6768930056 0.6972848932 0.6651513996 0.5963967042 0.8558097801 0.9753330126 0.7337178608 0.3987215840 0.9800271298 0.8948342642 0.2461366302 0.8283240176 0.9849806024 0.9554188943 0.3331471302 0.9753481060 0.7531611656 0.5597597113 0.5347128514 0.3102585979 0.6007889603 0.9030873351 0.9703545646 0.6075708488 0.8762316205 0.8042999176 0.8034166785 0.7410421997 0.8843295749 0.4833061610 0.7570466847 0.8861125994 0.6405774150 0.8342905935 0.7832433145 0.5183071420
 0.2695314026 0.5790694929 0.4067039560 0.2862568618 0.1579424416 0.0290217940 0.3119172728 0.5000000000 0.9076816961 0.9148981492 0.9713552940 0.8516596380 0.5707289281 0.6223887964 0.9796714404 0.8755600767 0.9083386226 0.9996018031 0.6888851543 0.9075512242 0.7321076451 0.8623664155 0.8828248205 0.6907777716 0.8467099429 0.8956345741 0.9200536203 0.9305154492 0.9587881582 0.9348738184 0.8966813212 0.7737294722 0.9531138106 0.9122641953 0.5022618765 0.4766030603 0.7668564697 0.3216501372 0.8291404434 0.9931857207 0.7054552066 0.5215063418 0.8078795303 0.9276700542 0.8439262111 0.8168311384 0.7459810944 0.9479525001 0.9253743546 0.8148186386 0.9924254505 0.4709471511 0.9728823456 0.9712267347 0.8012684607 0.9377841771 0.8542247276 0.9658724031 0.5109493177 0.9419572739
 0.0443972618 0.1531423770 0.2244294669 0.0071090342 0.3815912340 0.5308348424 0.2019759414 0.0923183039 0.5000000000 0.9820355368 0.5228453857 0.5990963745 0.9244498044 0.9874766300 0.9955554134 0.7554926154 0.5281132306 0.7411879246 0.5450184674 0.6566800799 0.8179692779 0.9659436310 0.9421990511 0.4350149216 0.8948791949 0.8102222114 0.3607513167 0.8647432457 0.9726455031 0.5747765213 0.5039032595 0.8923009260 0.6804469688 0.9267871453 0.8947008075 0.3622911857 0.7453986041 0.6038591221 0.8013729249 0.9784958766 0.8845356085 0.7063595741 0.7727024061 0.7984656612 0.8323457205 0.9801378089 0.8072454653 0.6506975070 0.9626187950 0.8812522223 0.4443420526 0.9217841805 0.5853398759 0.9951591331 0.8456582682 0.3971610459 0.8737856612 0.5168175559 0.9428266450 0.9791332433
 0.3762157197 0.4061231952 0.0567801740 0.2710941540 0.3156655655 0.3237913000 0.0772278834 0.0851018508 0.0179644632 0.5000000000 0.4626789230 0.7071186644 0.6145755568 0.8657466482 0.6605336623 0.5249507670 0.9143743222 0.9097796058 0.3088168755 0.9661985318 0.8678111396 0.8076602193 0.9847804597 0.8880478121 0.6779183878 0.8166187890 0.2567921308 0.8082674011 0.8464150878 0.7327419965 0.6683188604 0.7924491912 0.4324111858 0.1765236901 0.9540631578 0.6059902586 0.8871058636 0.9699824240 0.8543008329 0.9787979845 0.9628241666 0.7585450463 0.6345958529 0.5944018218 0.6248851151 0.7883590907 0.6715388945 0.3573069735 0.7946129894 0.6268481590 0.8461351512 0.7753849460 0.9772423762 0.5275897470 0.9943781306 0.9771095352 0.7631866371 0.9499995803 0.7277686145 0.6938101816
 0.1927654964 0.3704721512 0.2451927784 0.0008675730 0.1774306312 0.2485573798 0.1115983273 0.0286447060 0.4771546143 0.5373210770 0.5000000000 0.8219977336 0.6926787265 0.2300698542 0.8971260319 0.7988088591 0.5108477043 0.9442750378 0.5760357552 0.9738238402 0.7669666946 0.4724739876 0.8716900740 0.8158775971 0.4819573908 0.9015704764 0.6486891901 0.9997554002 0.9497304166 0.9696981020 0.8098517426 0.7886756818 0.3919412735 0.6012245500 0.6976076460 0.9427595454 0.8542702136 0.4365883556 0.7409705406 0.2435936888 0.9325893745 0.7131767218 0.5788766635 0.8843780315 0.3604423625 0.7477183112 0.9411110413 0.8769389041 0.8653415399 0.8486603463 0.9899046075 0.7467889621 0.4136735498 0.9851646113 0.7331935688 0.9313130157 0.8226088777 0.4845674369 0.8551002094 0.7242918604
 0.1498990418 0.1264243244 0.0857580016 0.1898491871 0.3643444331 0.1816756291 0.3790388769 0.1483403620 0.4009036255 0.2928813356 0.1780022664 0.5000000000 0.9015102415 0.6330086970 0.9701428560 0.8992698457 0.6058987254 0.8280459568 0.3405057396 0.6039349404 0.5577556311 0.8183977035 0.3473232037 0.7907883204 0.9285200411 0.4550006091 0.3391831044 0.8247701570 0.9305603358 0.3466630515 0.6350411300 0.7110258717 0.6592978350 0.8701274475 0.6822865304 0.9002733375 0.5019393562 0.5487873234 0.8592514416 0.3595223351 0.7379015595 0.9854832024 0.9162296831 0.9073575974 0.8462777720 0.6257052921 0.6003212066 0.8624243590 0.8789070757 0.5127823350 0.9061229901 0.9901191580 0.9271372885 0.6738588017 0.8744047186 0.8486573789 0.9282711720 0.4726042884 0.9656956830 0.5569579683
 0.4098246401 0.3617828421 0.0511289424 0.0216746499 0.2443219312 0.3740955129 0.1094323937 0.4292710719 0.0755501956 0.3854244432 0.3073212735 0.0984897585 0.5000000000 0.8843453632 0.9987505227 0.7418662582 0.9836806825 0.6066362543 0.7091096927 0.6315910595 0.5688955830 0.7280720876 0.6988006153 0.9239160758 0.6377643416 0.9360552762 0.9558852774 0.3472665787 0.8955203575 0.6094841393 0.8318010202 0.9813285220 0.5057584758 0.8110161068 0.9790033491 0.7060096416 0.9126193142 0.9920931824 0.9142032632 0.9994773360 0.9654934300 0.7994608079 0.9864344695 0.8573056666 0.6948786532 0.8313028717 0.7190607429 0.9604488588 0.9881777948 0.7453898131 0.7840012015 0.6788814093 0.8141152311 0.3804624140 0.9757900940 0.5019953370 0.8277629999 0.5713319800 0.7998286229 0.7631997152
 0.0265211550 0.1084364695 0.0048612001 0.1252716923 0.6375598424 0.5507666102 0.1793664287 0.3776112036 0.0125233700 0.1342533518 0.7699301458 0.3669913030 0.1156546368 0.5000000000 0.5927260206 0.9019192867 0.9868492297 0.5053046039 0.7878024123 0.5486026785 0.9272284654 0.8177764419 0.7844633303 0.5319216932 0.7659068994 0.7080227563 0.6196259314 0.5388269484 0.6124814418 0.7284086212 0.3084084637 0.9358634092 0.2760241939 0.9106730470 0.7315377871 0.8243001628 0.7341896627 0.9599946179 0.9361081931 0.9391788968 0.2179892284 0.9887029082 0.5796155280 0.9334596143 0.2733610919 0.8422869552 0.9888548121 0.9424453051 0.7879516229 0.4862812978 0.9537880192 0.9701950141 0.9189005580 0.7434861210 0.6986218994 0.6961020550 0.7180365223 0.8927275873 0.9794340403 0.7257527978
 0.2505273342 0.2352034521 0.4476006828 0.1077174031 0.2294780413 0.1891827424 0.2797422531 0.0203285596 0.0044445866 0.3394663377 0.1028739681 0.0298571440 0.0012494773 0.4072739794 0.5000000000 0.6805897144 0.5837836657 0.3598634496 0.7250954744 0.5870004349 0.8241507311 0.6382463110 0.9634556436 0.6916814072 0.5681720838 0.6815663685 0.5441503431 0.7852064790 0.9531314304 0.8269439203 0.9273682718 0.6082473059 0.8407297806 0.5080587902 0.6326965140 0.2296244420 0.8997982340 0.7229888549 0.2780621794 0.8868890640 0.6446158066 0.6257553451 0.8065242964 0.6539905317 0.7714457755 0.8968655002 0.8149619863 0.4745569413 0.7739419279 0.9901368233 0.9856718339 0.2718514284 0.8629433900 0.9722738410 0.7912347806 0.9707118339 0.6980036021 0.6532926624 0.6394187174 0.7551797538
 0.1369502762 0.1445519301 0.1153319448 0.4854106660 0.2236091598 0.0755461314 0.0491828094 0.1244399233 0.2445073846 0.4750492330 0.2011911409 0.1007301543 0.2581337418 0.0980807133 0.3194102856 0.5000000000 0.8594841915 0.9653414563 0.2889408521 0.6959041684 0.8498780023 0.1208507698 0.9493039904 0.9766384405 0.9514891315 0.8767152329 0.7381733534 0.4909260383 0.5012684720 0.4442249212 0.6602800010 0.9446326847 0.9984352299 0.7287392407 0.6432860586 0.9500906321 0.9881003963 0.7010812862 0.9958733474 0.9887919419 0.9638543688 0.9501011864 0.2183953700 0.8026348270 0.8560465623 0.3801889068 0.9670731835 0.9114887910 0.8341725076 0.7972991077 0.5743844498 0.8404775598 0.9632875535 0.9651362274 0.8010775726 0.7641046992 0.7464903703 0.9884526390 0.5310271845 0.8809848048
 0.4759950639 0.2093275657 0.4591093122 0.1526949478 0.1154599020 0.0373770105 0.2089920884 0.0916613774 0.4718867694 0.0856256778 0.4891522957 0.3941012746 0.0163193175 0.0131507703 0.4162163343 0.1405158085 0.5000000000 0.8732671642 0.8356389739 0.9989982908 0.5707374232 0.7506364942 0.3205201549 0.2387608029 0.7700771154 0.8946511556 0.9713412488 0.2907666864 0.7273602181 0.6940808644 0.7522199512 0.9255729612 0.2614874399 0.6806495413 0.3510643451 0.6347136324 0.6729727702 0.8912714251 0.7051081476 0.7018940694 0.9884209297 0.9332644879 0.9880986136 0.9871497618 0.7166952006 0.8312000116 0.6221529402 0.7011600716 0.8476282180 0.7585105474 0.8575831397 0.5201615242 0.7596995233 0.9951485767 0.6853599002 0.6226741034 0.9912546076 0.9904833559 0.6032712264 0.7993466300
 0.5079534775 0.6350639708 0.1823258132 0.0767846346 0.0089386810 0.1441348760 0.0636361893 0.0003981969 0.2588120754 0.0902203942 0.0557249622 0.1719540432 0.3933637457 0.4946953961 0.6401365504 0.0346585437 0.1267328358 0.5000000000 0.7134544134 0.7688205454 0.8471908901 0.4399812751 0.6735764637 0.8429834236 0.9851602545 0.6387858174 0.9997101809 0.5928265481 0.9560201128 0.9632450501 0.4772885993 0.9102776772 0.9913213458 0.7929391822 0.7230027663 0.7832932897 0.5235539230 0.4693339643 0.6896494078 0.8138828488 0.6669590328 0.9177142965 0.3279872810 0.9475398068 0.9319047945 0.6397946019 0.5630578044 0.8925935975 0.8776331913 0.9285467911 0.9881684640 0.7518984737 0.7403842060 0.8711934617 0.9404702181 0.8420429467 0.9175518495 0.6500605595 0.9607516930 0.9580972853
 0.1222308702 0.2772098216 0.1216837583 0.0078108770 0.1690755455 0.2239112320 0.3045147102 0.3111148457 0.4549815326 0.6911831245 0.4239642448 0.6594942604 0.2908903073 0.2121975877 0.2749045256 0.7110591479 0.1643610261 0.2865455866 0.5000000000 0.9104527670 0.8218352375 0.3510245889 0.2099404860 0.8138819450 0.9184505831 0.3220551233 0.9555094442 0.5274719550 0.7298216636 0.7326757538 0.8335472825 0.8427381484 0.8775124475 0.2862819504 0.9658980647 0.7900610466 0.5925095164 0.6531085810 0.9824701914 0.8614563891 0.3773847380 0.7526716139 0.6014788910 0.4412716919 0.5425535577 0.7400202494 0.9258381065 0.8921929744 0.9787492947 0.7626882298 0.6888363789 0.5905923756 0.8711451233 0.8667727520 0.3379559418 0.6728322494 0.8884990970 0.3087885364 0.9591894683 0.8223639661
 0.0967610596 0.2224714887 0.2032502245 0.4961533548 0.0660737453 0.2392909792 0.4855884438 0.0924487758 0.3433199201 0.0338014682 0.0261761598 0.3960650596 0.3684089405 0.4513973215 0.4129995651 0.3040958316 0.0010017092 0.2311794546 0.0895472330 0.5000000000 0.8105208189 0.7501887493 0.7261705774 0.8903874584 0.8128482903 0.7607348476 0.8541307541 0.9843401492 0.9705309033 0.6498153893 0.8402107316 0.9188995780 0.6708815446 0.6232871130 0.8733238348 0.8419501258 0.9021524018 0.5612061030 0.8542997015 0.6092493145 0.7247963190 0.6307131650 0.9937857937 0.6035469490 0.9460951030 0.8726845388 0.4717535670 0.6389243893 0.5532985585 0.8089955033 0.8047254667 0.9978078922 0.5780336310 0.8200136311 0.4325105440 0.6949850448 0.8026738171 0.9937140477 0.8460299379 0.5315871942
 0.5456503927 0.6657381950 0.0335321892 0.5007259187 0.2350884965 0.2620552359 0.1651319892 0.2678923549 0.1820307221 0.1321888604 0.2330333054 0.4422443689 0.4311044170 0.0727715346 0.1758492689 0.1501219977 0.4292625768 0.1528091099 0.1781647625 0.1894791811 0.5000000000 0.9249107247 0.9546807700 0.6833730245 0.7071023447 0.7556988881 0.5769367610 0.6991906192 0.6606195809 0.9702188307 0.6402734842 0.9797523878 0.6846499628 0.8867652633 0.6741617399 0.6999295904 0.7709124958 0.8407701166 0.9598690725 0.7389797989 0.5442656613 0.8156893841 0.7083743411 0.8342046512 0.7427532139 0.2075851792 0.3729845839 0.8957480112 0.2530572311 0.6716129901 0.5208766689 0.9111749743 0.8986138441 0.3592019186 0.3230494168 0.9033383457 0.8537419790 0.7706129928 0.9780584910 0.5444544638
 0.4348254475 0.3784451722 0.4925358253 0.2073289552 0.3574213262 0.1408475778 0.2694805708 0.1376335845 0.0340563690 0.1923397807 0.5275260124 0.1816022965 0.2719279124 0.1822235581 0.3617536890 0.8791492302 0.2493635058 0.5600187249 0.6489754111 0.2498112507 0.0750892753 0.5000000000 0.7521176883 0.6848143807 0.8213373674 0.7012946793 0.7918204843 0.9549943055 0.3120037410 0.7743871994 0.7767555723 0.9420598263 0.7498866632 0.9426405597 0.5005631941 0.1708540748 0.7149852673 0.8338257278 0.9903759398 0.7928245965 0.7241084968 0.7744608631 0.5689990306 0.8053050957 0.9792782890 0.8409815708 0.6632411385 0.7950532074 0.5215713847 0.8476161065 0.3740884437 0.6423775814 0.6451465591 0.6145345354 0.4271701927 0.7989433845 0.6732115267 0.7255859072 0.9617042113 0.5263528863
 0.2812413714 0.1621744243 0.6681221277 0.3332381398 0.0212351445 0.0797006649 0.5049733499 0.1171751795 0.0578009489 0.0152195403 0.1283099260 0.6526767963 0.3011993847 0.2155366697 0.0365443564 0.0506960096 0.6794798451 0.3264235363 0.7900595140 0.2738294226 0.0453192300 0.2478823117 0.5000000000 0.7897553942 0.5221634858 0.9375951631 0.3508213577 0.9333108147 0.9731697789 0.9695613469 0.8724220475 0.7819368493 0.9656901393 0.6159715053 0.8018422283 0.8780908811 0.5868505015 0.7476214247 0.9789636510 0.6793559460 0.9546361166 0.9341441893 0.4703697856 0.7108460366 0.8149873301 0.9990867849 0.9757137412 0.7831405695 0.7900626933 0.7662344623 0.7637704941 0.9821138962 0.9349534254 0.6915231250 0.4898068271 0.7365917542 0.7104756697 0.8230429216 0.9696588653 0.3435584362
 0.1567199269 0.5755194944 0.2797289662 0.3753808121 0.3222313240 0.7784622071 0.0177504694 0.3092222284 0.5649850784 0.1119521879 0.1841224029 0.2092116796 0.0760839242 0.4680783068 0.3083185928 0.0233615595 0.7612391971 0.1570165764 0.1861180550 0.1096125416 0.3166269755 0.3151856193 0.2102446058 0.5000000000 0.8746324968 0.7899506377 0.9746874377 0.5492440282 0.4681162147 0.4353936848 0.9523384443 0.9782264845 0.3784356516 0.5147879629 0.5011825429 0.9181599466 0.8812462383 0.7744669333 0.9811369654 0.8534396217 0.8072060987 0.9621273786 0.6414236649 0.3662803088 0.8784592139 0.5098876820 0.7897859949 0.4160021029 0.3382517905 0.9503985523 0.4404426759 0.9377704174 0.4475920195 0.5198130184 0.9706151087 0.8307425717 0.9628121977 0.7999945731 0.8084507744 0.8990993481
 0.4246043206 0.1234182609 0.2950263798 0.0918440066 0.0168996527 0.1980953251 0.3231069944 0.1532900571 0.1051208051 0.3220816122 0.5180426092 0.0714799589 0.3622356584 0.2340931006 0.4318279162 0.0485108685 0.2299228846 0.0148397455 0.0815494169 0.1871517097 0.2928976553 0.1786626326 0.4778365142 0.1253675032 0.5000000000 0.8371021480 0.4294460627 0.5277899143 0.5942372174 0.7477337038 0.6945723467 0.8378263004 0.7630547987 0.8055997568 0.7387177194 0.9502973406 0.8816016112 0.8807416849 0.4770757937 0.7688134005 0.4021938279 0.3620606736 0.9744395971 0.8423310854 0.3388089222 0.7118770950 0.7185449481 0.7517155657 0.9969149550 0.7497163168 0.5515312656 0.4578259496 0.7993232359 0.8886121905 0.7567942708 0.8423374605 0.8382882760 0.6482398427 0.9747643633 0.3714728484
 0.0221866081 0.1877452418 0.0730773296 0.0663366691 0.3085659146 0.4221003739 0.3027151068 0.1043654259 0.1897777886 0.1833812110 0.0984295236 0.5449993909 0.0639447238 0.2919772437 0.3184336315 0.1232847671 0.1053488444 0.3612141826 0.6779448767 0.2392651524 0.2443011119 0.2987053207 0.0624048369 0.2100493623 0.1628978520 0.5000000000 0.6291306196 0.6005801768 0.9032935762 0.9436013696 0.9256879887 0.2837787442 0.5718982304 0.8870300507 0.9610209598 0.6883491040 0.3435035634 0.3422950290 0.8658664650 0.8664193081 0.9512300052 0.5852340506 0.7024657906 0.8146847156 0.9921159529 0.7768125588 0.5066801750 0.8649525438 0.5975731142 0.8669106762 0.8489048857 0.8807287104 0.3356754300 0.7895390751 0.6531846832 0.9283536839 0.8341823719 0.5132990347 0.8107171772 0.4113711733
 0.1461631098 0.3853620468 0.3851707037 0.3127253652 0.1158479227 0.4891911979 0.3348486004 0.0799463797 0.6392486833 0.7432078692 0.3513108099 0.6608168956 0.0441147226 0.3803740686 0.4558496569 0.2618266466 0.0286587512 0.0002898191 0.0444905558 0.1458692459 0.4230632390 0.2081795157 0.6491786423 0.0253125623 0.5705539373 0.3708693804 0.5000000000 0.8196319751 0.6288642957 0.8000072948 0.2924616812 0.4624440826 0.9293226652 0.8265837517 0.7626267383 0.5429230188 0.9443349602 0.3460022049 0.8661066148 0.8058318873 0.8610440161 0.7054653479 0.8649137686 0.8325958798 0.9423621940 0.4336016384 0.8947079038 0.9343577565 0.6341466612 0.7876888520 0.9992962207 0.7219593645 0.8832671043 0.8905132794 0.9694649164 0.7526859930 0.7123698796 0.7937188475 0.5003266834 0.6620179316
 0.0926949712 0.1438883152 0.0336100860 0.0196796040 0.3561481430 0.1200491534 0.4036032958 0.0694845508 0.1352567543 0.1917325989 0.0002445998 0.1752298430 0.6527334213 0.4611730516 0.2147935210 0.5090739617 0.7092333136 0.4071734519 0.4725280450 0.0156598508 0.3008093808 0.0450056945 0.0666891853 0.4507559718 0.4722100857 0.3994198232 0.1803680249 0.5000000000 0.5843982168 0.9819779467 0.9738177691 0.8592639510 0.4633858859 0.9470666542 0.4866223113 0.8937627878 0.9315813650 0.9741607474 0.8157594424 0.8264621757 0.4457182492 0.3430576720 0.3634086714 0.8214190472 0.9359071382 0.8996977700 0.9157792375 0.8464830088 0.9359923443 0.2062366848 0.8993606776 0.9283912250 0.7245928656 0.9636088510 0.9892809989 0.6319713741 0.9653205793 0.7116264858 0.9162282900 0.9780313578
 0.2524517803 0.3798461396 0.4015639257 0.5752477122 0.0721413375 0.6857355728 0.1441902199 0.0412118418 0.0273544969 0.1535849122 0.0502695834 0.0694396642 0.1044796425 0.3875185582 0.0468685696 0.4987315280 0.2726397819 0.0439798872 0.2701783364 0.0294690967 0.3393804191 0.6879962590 0.0268302211 0.5318837853 0.4057627826 0.0967064238 0.3711357043 0.4156017832 0.5000000000 0.7454130418 0.9871589012 0.2075094157 0.6627406580 0.8633775839 0.4787562942 0.9019577212 0.5554281546 0.9824732365 0.6292819820 0.4911176910 0.5515792431 0.2553047157 0.9686644313 0.8062455766 0.9347129094 0.6087116914 0.8957010714 0.7642499970 0.9731444123 0.8821116160 0.7520392537 0.9188612305 0.8356635832 0.9928244452 0.9281820026 0.7912557193 0.4906879766 0.6713946162 0.9301261397 0.8301662117
 0.0700638078 0.2463476473 0.0264944483 0.3868009873 0.2679413388 0.2235909175 0.0246669874 0.0651261816 0.4252234787 0.2672580035 0.0303018980 0.6533369485 0.3905158607 0.2715913788 0.1730560797 0.5557750788 0.3059191356 0.0367549499 0.2673242462 0.3501846107 0.0297811693 0.2256128006 0.0304386531 0.5646063152 0.2522662962 0.0563986304 0.1999927052 0.0180220533 0.2545869582 0.5000000000 0.7383896897 0.8536349609 0.7414323344 0.9339958319 0.8314372376 0.7322624893 0.6241660526 0.8677509031 0.5408381127 0.9435795277 0.6042523426 0.7876543105 0.7171799530 0.9823937467 0.5089552638 0.8282306281 0.9094564493 0.8242932845 0.5911487909 0.6626550143 0.7258358480 0.9307595941 0.7125705456 0.7261601576 0.6801407734 0.5942496253 0.8767186784 0.9693249812 0.4896931542 0.3949780658
 0.3660398911 0.0578857224 0.0109594912 0.4190542256 0.4050686021 0.1318821309 0.2662821392 0.1033186788 0.4960967405 0.3316811396 0.1901482574 0.3649588700 0.1681989798 0.6915915363 0.0726317282 0.3397199990 0.2477800488 0.5227114007 0.1664527175 0.1597892684 0.3597265158 0.2232444277 0.1275779525 0.0476615557 0.3054276533 0.0743120113 0.7075383188 0.0261822309 0.0128410988 0.2616103103 0.5000000000 0.7328973975 0.5161568458 0.9671353889 0.8780394111 0.7934939389 0.8891469646 0.8157315815 0.6077004241 0.6627715368 0.6967998400 0.6221900600 0.6720949150 0.9200913750 0.9098572721 0.7470607892 0.9490587625 0.9226857491 0.6704272430 0.4597944832 0.9571221555 0.7567003234 0.8743005887 0.8457288328 0.9387903356 0.8990447214 0.9917061905 0.8806573954 0.3020252479 0.8491562934
 0.5475985618 0.0925250311 0.0723017323 0.2041774947 0.1427186389 0.0288155802 0.6012784160 0.2262705278 0.1076990740 0.2075508088 0.2113243182 0.2889741283 0.0186714780 0.0641365908 0.3917526941 0.0553673153 0.0744270388 0.0897223228 0.1572618516 0.0811004220 0.0202476122 0.0579401737 0.2180631507 0.0217735155 0.1621736996 0.7162212558 0.5375559174 0.1407360490 0.7924905843 0.1463650391 0.2671026025 0.5000000000 0.7020997897 0.6298949406 0.9622363346 0.3290216341 0.7191425291 0.5971383902 0.6381327901 0.5938011631 0.6145872771 0.8049650557 0.8380070378 0.8919287754 0.9785525494 0.9329258162 0.9097482151 0.9456684694 0.7482815755 0.8202187972 0.7457344475 0.9889663260 0.7348512593 0.7783986407 0.8855048871 0.9399332819 0.8570741027 0.9314008487 0.9590802916 0.5943238337
 0.7756087740 0.5345614468 0.0006328054 0.1125571012 0.8264516954 0.5843039454 0.0199728702 0.0468861894 0.3195530312 0.5675888142 0.6080587265 0.3407021650 0.4942415242 0.7239758061 0.1592702194 0.0015647701 0.7385125601 0.0086786542 0.1224875525 0.3291184554 0.3153500372 0.2501133368 0.0343098607 0.6215643484 0.2369452013 0.4281017696 0.0706773348 0.5366141141 0.3372593420 0.2585676656 0.4838431542 0.2979002103 0.5000000000 0.7231785558 0.6630863532 0.7211895814 0.9348722264 0.8903550016 0.8266120104 0.7576353896 0.4818795913 0.5478982268 0.5589893446 0.9510118466 0.7291683317 0.9616425237 0.8759384335 0.9213628010 0.7440427159 0.9069556282 0.8388516291 0.9717343271 0.6754515120 0.7994326063 0.4052338269 0.9649927709 0.3315092180 0.8880786130 0.9612090108 0.6294243157
 0.1775434308 0.2339601411 0.6723675088 0.7905316569 0.4907679907 0.4442899711 0.1051657358 0.0877358047 0.0732128547 0.8234763099 0.3987754500 0.1298725525 0.1889838932 0.0893269530 0.4919412098 0.2712607593 0.3193504587 0.2070608178 0.7137180496 0.3767128870 0.1132347367 0.0573594403 0.3840284947 0.4852120371 0.1944002432 0.1129699493 0.1734162483 0.0529333458 0.1366224161 0.0660041681 0.0328646111 0.3701050594 0.2768214442 0.5000000000 0.7004205718 0.4859944049 0.6884945799 0.7328350322 0.7634600209 0.6647326781 0.7495402768 0.7589386639 0.5064018355 0.9539845633 0.9434260837 0.8303328637 0.9927180092 0.9403912192 0.7781237031 0.7231520539 0.5888436861 0.1939690031 0.8872233366 0.9997841267 0.5851853792 0.8577430735 0.5304676158 0.7884981024 0.9626838258 0.4881763840
 0.1513238798 0.0787055186 0.0392981001 0.1022607803 0.3700120319 0.1090662940 0.7538633698 0.4977381235 0.1052991925 0.0459368422 0.3023923540 0.3177134696 0.0209966509 0.2684622129 0.3673034860 0.3567139414 0.6489356549 0.2769972337 0.0341019353 0.1266761652 0.3258382601 0.4994368059 0.1981577717 0.4988174571 0.2612822806 0.0389790402 0.2373732617 0.5133776887 0.5212437058 0.1685627624 0.1219605889 0.0377636654 0.3369136468 0.2995794282 0.5000000000 0.8936921427 0.6045078005 0.9797068085 0.9435855946 0.7510005068 0.7301634140 0.8850847682 0.8579323703 0.7124308270 0.5056842693 0.8807266760 0.8984818519 0.9358753225 0.7890140626 0.9913168340 0.8939266196 0.6491308526 0.9702761582 0.6248160481 0.6687069692 0.8778114566 0.8679551305 0.7000598184 0.6592037692 0.6858474634
 0.3379030412 0.2215123836 0.1089257881 0.1671215218 0.0636908671 0.5124732215 0.1716759824 0.5233969397 0.6377088143 0.3940097414 0.0572404546 0.0997266625 0.2939903584 0.1756998372 0.7703755580 0.0499093679 0.3652863676 0.2167067103 0.2099389534 0.1580498742 0.3000704096 0.8291459252 0.1219091189 0.0818400534 0.0497026594 0.3116508960 0.4570769812 0.1062372122 0.0980422788 0.2677375107 0.2065060611 0.6709783659 0.2788104186 0.5140055951 0.1063078573 0.5000000000 0.4221421765 0.1865295366 0.3586876660 0.3608775669 0.7406714953 0.4585681177 0.9090852582 0.6819490357 0.6366036178 0.8473087641 0.8767799837 0.9242393408 0.7553445267 0.9267603144 0.8003397762 0.7608419415 0.8520695077 0.5498393593 0.9632590109 0.5860937597 0.7774357200 0.7826312620 0.8444073503 0.7087150869
 0.3268655175 0.1497087557 0.3366787880 0.3369283436 0.2430596546 0.4959116647 0.0150193976 0.2331435303 0.2546013959 0.1128941364 0.1457297864 0.4980606438 0.0873806858 0.2658103373 0.1002017660 0.0118996037 0.3270272298 0.4764460770 0.4074904836 0.0978475982 0.2290875042 0.2850147327 0.4131494985 0.1187537617 0.1183983888 0.6564964366 0.0556650398 0.0684186350 0.4445718454 0.3758339474 0.1108530354 0.2808574709 0.0651277736 0.3115054201 0.3954921995 0.5778578235 0.5000000000 0.8833408412 0.8774800284 0.9191807500 0.9771125574 0.9609494182 0.7065552511 0.7133363217 0.7105095257 0.9380530622 0.8417643568 0.4498241029 0.9307733913 0.8536664799 0.6029808204 0.4541400429 0.3844979080 0.9608142347 0.6037034888 0.5111061211 0.7437836918 0.7392654241 0.7839436271 0.8558993777
 0.7071672250 0.6124527816 0.6322394348 0.1485177062 0.3607061587 0.3718540018 0.0445811057 0.6783498628 0.3961408779 0.0300175760 0.5634116444 0.4512126766 0.0079068176 0.0400053821 0.2770111451 0.2989187138 0.1087285749 0.5306660357 0.3468914190 0.4387938970 0.1592298834 0.1661742722 0.2523785753 0.2255330667 0.1192583151 0.6577049710 0.6539977951 0.0258392526 0.0175267635 0.1322490969 0.1842684185 0.4028616098 0.1096449984 0.2671649678 0.0202931915 0.8134704634 0.1166591588 0.5000000000 0.8456042391 0.7671379584 0.9347817924 0.5590918275 0.7123374984 0.9305710317 0.6619922159 0.9584844917 0.6897396013 0.9169268644 0.7203465747 0.9362143183 0.8993401464 0.8848831196 0.5416713168 0.3855558531 0.6348556600 0.4733943275 0.2573708368 0.9987323713 0.7142086044 0.9414653564
 0.5149110577 0.4740555748 0.7302207299 0.1915790201 0.2885072619 0.3701395555 0.6668528698 0.1708595566 0.1986270751 0.1456991671 0.2590294594 0.1407485584 0.0857967368 0.0638918069 0.7219378206 0.0041266526 0.2948918524 0.3103505922 0.0175298086 0.1457002985 0.0401309275 0.0096240602 0.0210363490 0.0188630346 0.5229242063 0.1341335350 0.1338933852 0.1842405576 0.3707180180 0.4591618873 0.3922995759 0.3618672099 0.1733879896 0.2365399791 0.0564144054 0.6413123340 0.1225199716 0.1543957609 0.5000000000 0.9092266549 0.3942182268 0.6326742176 0.8961129269 0.8657542422 0.9742796535 0.9048819684 0.4121476833 0.6634615003 0.7279838032 0.8237746686 0.9584427026 0.9456527292 0.2730217689 0.7033460683 0.8268166662 0.9685026852 0.7802845238 0.7990550953 0.9203250895 0.9110417427
 0.3856170540 0.4073726538 0.7075973481 0.5059958971 0.0938254958 0.2179981011 0.0246518940 0.0068142793 0.0215041234 0.0212020155 0.7564063112 0.6404776649 0.0005226640 0.0608211032 0.1131109360 0.0112080581 0.2981059306 0.1861171512 0.1385436109 0.3907506855 0.2610202011 0.2071754035 0.3206440540 0.1465603783 0.2311865995 0.1335806919 0.1941681127 0.1735378243 0.5088823090 0.0564204723 0.3372284632 0.4061988369 0.2423646104 0.3352673219 0.2489994932 0.6391224331 0.0808192500 0.2328620416 0.0907733451 0.5000000000 0.9616955479 0.9211002437 0.9786694832 0.8700839194 0.8798123157 0.7696001526 0.9880088590 0.4342395794 0.6809094894 0.3301118529 0.9267831339 0.9504712178 0.9965058043 0.7426686605 0.7378852947 0.8616127027 0.7550321133 0.9870767333 0.3263263970 0.8432788392
 0.0594646911 0.0690836825 0.0989217731 0.4628242326 0.1184542967 0.5656753108 0.2468388344 0.2945447934 0.1154643915 0.0371758334 0.0674106255 0.2620984405 0.0345065700 0.7820107716 0.3553841934 0.0361456312 0.0115790703 0.3330409672 0.6226152620 0.2752036810 0.4557343387 0.2758915032 0.0453638834 0.1927939013 0.5978061721 0.0487699948 0.1389559839 0.5542817508 0.4484207569 0.3957476574 0.3032001600 0.3854127229 0.5181204087 0.2504597232 0.2698365860 0.2593285047 0.0228874426 0.0652182076 0.6057817732 0.0383044521 0.5000000000 0.7902731150 0.2506559362 0.8329140289 0.5507739141 0.8108607563 0.7871307533 0.7472323573 0.8378111399 0.4788042833 0.5851622405 0.8906035541 0.8196286830 0.7825101683 0.9872006198 0.4669905772 0.8921438672 0.8001276696 0.9055222479 0.8968879214
 0.5933256246 0.4021505388 0.4699962046 0.4629882602 0.4664329648 0.0980158788 0.4402402887 0.4784936582 0.2936404259 0.2414549537 0.2868232782 0.0145167976 0.2005391921 0.0112970918 0.3742446549 0.0498988136 0.0667355121 0.0822857035 0.2473283861 0.3692868350 0.1843106159 0.2255391369 0.0658558107 0.0378726214 0.6379393264 0.4147659494 0.2945346521 0.6569423280 0.7446952843 0.2123456895 0.3778099400 0.1950349443 0.4521017732 0.2410613361 0.1149152318 0.5414318823 0.0390505818 0.4409081725 0.3673257824 0.0788997563 0.2097268850 0.5000000000 0.8040297629 0.4479124381 0.7860763632 0.7376133544 0.9993880840 0.6863960866 0.9790642578 0.8773493983 0.9256127032 0.8991568296 0.9878143447 0.9646020030 0.7618662274 0.7295358934 0.7584812347 0.6107672471 0.6776299541 0.7863767383
 0.2187370148 0.0236430160 0.0322974586 0.2248744531 0.0937631918 0.3675061158 0.4652871486 0.1921204697 0.2272975939 0.3654041471 0.4211233365 0.0837703169 0.0135655305 0.4203844720 0.1934757036 0.7816046300 0.0119013864 0.6720127190 0.3985211090 0.0062142063 0.2916256589 0.4310009694 0.5296302144 0.3585763351 0.0255604029 0.2975342094 0.1350862314 0.6365913286 0.0313355687 0.2828200470 0.3279050850 0.1619929622 0.4410106554 0.4935981645 0.1420676297 0.0909147418 0.2934447489 0.2876625016 0.1038870731 0.0213305168 0.7493440638 0.1959702371 0.5000000000 0.7113021414 0.6620440428 0.5576832786 0.9879658849 0.4964270199 0.3150258470 0.9049257951 0.5418613994 0.8472474995 0.9915452236 0.9075765619 0.5920070762 0.5398880316 0.8175018726 0.9572097803 0.3384041616 0.8381904497
 0.4991975888 0.2389278025 0.2874624228 0.3969134623 0.1141731187 0.1535511095 0.6897414021 0.0723299458 0.2015343388 0.4055981782 0.1156219685 0.0926424026 0.1426943334 0.0665403857 0.3460094683 0.1973651730 0.0128502382 0.0524601932 0.5587283081 0.3964530510 0.1657953488 0.1946949043 0.2891539634 0.6337196912 0.1576689146 0.1853152844 0.1674041202 0.1785809528 0.1937544234 0.0176062533 0.0799086250 0.1080712246 0.0489881534 0.0460154367 0.2875691730 0.3180509643 0.2866636783 0.0694289683 0.1342457578 0.1299160806 0.1670859711 0.5520875619 0.2886978586 0.5000000000 0.8359913942 0.8708186068 0.9173620591 0.8055977094 0.6615310410 0.3555812878 0.9540597696 0.6580117003 0.4388842867 0.8691205525 0.9720460880 0.6875475864 0.9161555217 0.5515986979 0.3524553073 0.9480982357
 0.0177112313 0.0985498391 0.4955649212 0.1377528907 0.4544913979 0.3019552206 0.3992110397 0.1560737889 0.1676542795 0.3751148849 0.6395576375 0.1537222280 0.3051213468 0.7266389081 0.2285542245 0.1439534377 0.2833047994 0.0680952055 0.4574464423 0.0539048970 0.2572467861 0.0207217110 0.1850126699 0.1215407861 0.6611910778 0.0078840471 0.0576378060 0.0640928618 0.0652870906 0.4910447362 0.0901427279 0.0214474506 0.2708316683 0.0565739163 0.4943157307 0.3633963822 0.2894904743 0.3380077841 0.0257203465 0.1201876843 0.4492260859 0.2139236368 0.3379559572 0.1640086058 0.5000000000 0.8809502980 0.6764911749 0.8581001731 0.8215058005 0.8583076499 0.6371485582 0.7361862367 0.5530552249 0.7680527285 0.7397861447 0.9246754587 0.8614186700 0.8979679999 0.8247855833 0.6786192109
 0.6133714402 0.2636848940 0.4330437903 0.0346098936 0.1043017122 0.4361540526 0.0969126649 0.1831688616 0.0198621911 0.2116409093 0.2522816888 0.3742947079 0.1686971283 0.1577130448 0.1031344998 0.6198110932 0.1687999884 0.3602053981 0.2599797506 0.1273154612 0.7924148208 0.1590184292 0.0009132151 0.4901123180 0.2881229050 0.2231874412 0.5663983616 0.1003022300 0.3912883086 0.1717693719 0.2529392108 0.0670741838 0.0383574763 0.1696671363 0.1192733240 0.1526912359 0.0619469378 0.0415155083 0.0951180316 0.2303998474 0.1891392437 0.2623866456 0.4423167214 0.1291813932 0.1190497020 0.5000000000 0.8856482357 0.5727884539 0.8005957040 0.8513312176 0.3972390443 0.8248461647 0.9780693363 0.9391396996 0.6561718843 0.8581624172 0.8559707247 0.3945799449 0.5137657768 0.6893173223
 0.1541567222 0.0626988911 0.2537976965 0.1818470227 0.4403393207 0.0824354571 0.0296454354 0.2540189056 0.1927545347 0.3284611055 0.0588889587 0.3996787934 0.2809392571 0.0111451879 0.1850380137 0.0329268165 0.3778470598 0.4369421956 0.0741618935 0.5282464330 0.6270154161 0.3367588615 0.0242862588 0.2102140051 0.2814550519 0.4933198250 0.1052920962 0.0842207625 0.1042989286 0.0905435507 0.0509412375 0.0902517849 0.1240615665 0.0072819908 0.1015181481 0.1232200163 0.1582356432 0.3102603987 0.5878523167 0.0119911410 0.2128692467 0.0006119160 0.0120341151 0.0826379409 0.3235088251 0.1143517643 0.5000000000 0.3952062769 0.9799783105 0.3786038294 0.8226711431 0.9716494872 0.5365678214 0.4730320165 0.9687004758 0.9488172591 0.7902790298 0.6141623992 0.8393955556 0.4838143048
 0.8209155648 0.2291293837 0.2038994456 0.1290969286 0.1295756136 0.2701092558 0.3924291512 0.0520474999 0.3493024930 0.6426930265 0.1230610959 0.1375756410 0.0395511412 0.0575546949 0.5254430587 0.0885112090 0.2988399284 0.1074064025 0.1078070256 0.3610756107 0.1042519888 0.2049467926 0.2168594305 0.5839978971 0.2482844343 0.1350474562 0.0656422435 0.1535169912 0.2357500030 0.1757067155 0.0773142509 0.0543315306 0.0786371990 0.0596087808 0.0641246775 0.0757606592 0.5501758971 0.0830731356 0.3365384997 0.5657604206 0.2527676427 0.3136039134 0.5035729801 0.1944022906 0.1418998269 0.4272115461 0.6047937231 0.5000000000 0.9236265796 0.6647440208 0.7204508892 0.7320147166 0.9146848923 0.8689111596 0.7860451128 0.9453931087 0.6931420000 0.8775049903 0.5105020286 0.9702538199
 0.0481489981 0.4543433058 0.0879109734 0.4600770116 0.1803085529 0.0132144422 0.1237683795 0.0746256454 0.0373812050 0.2053870106 0.1346584601 0.1210929243 0.0118222052 0.2120483771 0.2260580721 0.1658274924 0.1523717820 0.1223668087 0.0212507053 0.4467014415 0.7469427689 0.4784286153 0.2099373067 0.6617482095 0.0030850450 0.4024268858 0.3658533388 0.0640076557 0.0268555877 0.4088512091 0.3295727570 0.2517184245 0.2559572841 0.2218762969 0.2109859374 0.2446554733 0.0692266087 0.2796534253 0.2720161968 0.3190905106 0.1621888601 0.0209357422 0.6849741530 0.3384689590 0.1784941995 0.1994042960 0.0200216895 0.0763734204 0.5000000000 0.6184808396 0.9385770105 0.9367276207 0.9899842336 0.5902521868 0.7473574006 0.5546617895 0.9632981748 0.9775828333 0.9554310381 0.5833806459
 0.4428512850 0.1079921723 0.0332479193 0.3593862384 0.3542102987 0.5760024054 0.1957000824 0.1851813614 0.1187477777 0.3731518410 0.1513396537 0.4872176650 0.2546101869 0.5137187022 0.0098631767 0.2027008923 0.2414894526 0.0714532089 0.2373117702 0.1910044967 0.3283870099 0.1523838935 0.2337655377 0.0496014477 0.2502836832 0.1330893238 0.2123111480 0.7937633152 0.1178883840 0.3373449857 0.5402055168 0.1797812028 0.0930443718 0.2768479461 0.0086831660 0.0732396856 0.1463335201 0.0637856817 0.1762253314 0.6698881471 0.5211957167 0.1226506017 0.0950742049 0.6444187122 0.1416923501 0.1486687824 0.6213961706 0.3352559792 0.3815191604 0.5000000000 0.9577859580 0.7936271690 0.9822024011 0.7596930247 0.7639310960 0.6668862780 0.6348007692 0.7495839304 0.8267856208 0.9835599734
 0.5151390142 0.5632033417 0.1587444898 0.7674919646 0.4167200746 0.3885864723 0.1965833215 0.0075745495 0.5556579474 0.1538648488 0.0100953925 0.0938770099 0.2159987985 0.0462119808 0.0143281661 0.4256155502 0.1424168603 0.0118315360 0.3111636211 0.1952745333 0.4791233311 0.6259115563 0.2362295059 0.5595573241 0.4484687344 0.1510951143 0.0007037793 0.1006393224 0.2479607463 0.2741641520 0.0428778445 0.2542655525 0.1611483709 0.4111563139 0.1060733804 0.1996602238 0.3970191796 0.1006598536 0.0415572974 0.0732168661 0.4148377595 0.0743872968 0.4581386006 0.0459402304 0.3628514418 0.6027609557 0.1773288569 0.2795491108 0.0614229895 0.0422140420 0.5000000000 0.9534467136 0.7975618007 0.9300223858 0.9911704847 0.8467202283 0.7570123442 0.8671870078 0.6250523868 0.5727779540
 0.0052101602 0.5398385807 0.5265763356 0.6198312702 0.2357720798 0.0120589424 0.2589578003 0.5290528489 0.0782158195 0.2246150540 0.2532110379 0.0098808420 0.3211185907 0.0298049859 0.7281485716 0.1595224402 0.4798384758 0.2481015263 0.4094076244 0.0021921078 0.0888250257 0.3576224186 0.0178861038 0.0622295826 0.5421740504 0.1192712896 0.2780406355 0.0716087750 0.0811387695 0.0692404059 0.2432996766 0.0110336740 0.0282656729 0.8060309969 0.3508691474 0.2391580585 0.5458599571 0.1151168804 0.0543472708 0.0495287822 0.1093964459 0.1008431704 0.1527525005 0.3419882997 0.2638137633 0.1751538353 0.0283505128 0.2679852834 0.0632723793 0.2063728310 0.0465532864 0.5000000000 0.6454227281 0.5399798239 0.8516029054 0.9931576415 0.2593361795 0.9816829934 0.6566912163 0.5127929029
 0.5675758121 0.5152405060 0.7437510914 0.2970897156 0.4029176891 0.5871876157 0.1156704251 0.0271176544 0.4146601241 0.0227576238 0.5863264502 0.0728627115 0.1858847689 0.0810994420 0.1370566100 0.0367124465 0.2403004767 0.2596157940 0.1288548767 0.4219663690 0.1013861559 0.3548534409 0.0650465746 0.5524079805 0.2006767641 0.6643245700 0.1167328957 0.2754071344 0.1643364168 0.2874294544 0.1256994113 0.2651487407 0.3245484880 0.1127766634 0.0297238418 0.1479304923 0.6155020920 0.4583286832 0.7269782311 0.0034941957 0.1803713170 0.0121856553 0.0084547764 0.5611157133 0.4469447751 0.0219306637 0.4634321786 0.0853151077 0.0100157664 0.0177975989 0.2024381993 0.3545772719 0.5000000000 0.7038975408 0.8889251298 0.7771928824 0.6326514771 0.8847694496 0.8850819177 0.4860820118
 0.3563262663 0.5402886138 0.3063966189 0.2222291400 0.2386297882 0.0390653473 0.5166938390 0.0287732653 0.0048408669 0.4724102530 0.0148353887 0.3261411983 0.6195375860 0.2565138790 0.0277261590 0.0348637726 0.0048514233 0.1288065383 0.1332272480 0.1799863689 0.6407980814 0.3854654646 0.3084768750 0.4801869816 0.1113878095 0.2104609249 0.1094867206 0.0363911490 0.0071755548 0.2738398424 0.1542711672 0.2216013593 0.2005673937 0.0002158733 0.3751839519 0.4501606407 0.0391857653 0.6144441469 0.2966539317 0.2573313395 0.2174898317 0.0353979970 0.0924234381 0.1308794475 0.2319472715 0.0608603004 0.5269679835 0.1310888404 0.4097478132 0.2403069753 0.0699776142 0.4600201761 0.2961024592 0.5000000000 0.6788880968 0.8807312269 0.8464585079 0.7288181762 0.9591608035 0.8078032354
 0.0965607832 0.4391012702 0.0098581337 0.2711584070 0.4875984651 0.0392530755 0.2429533153 0.1987315393 0.1543417318 0.0056218694 0.2668064312 0.1255952814 0.0242099060 0.3013781006 0.2087652194 0.1989224274 0.3146400998 0.0595297819 0.6620440582 0.5674894560 0.6769505832 0.5728298073 0.5101931729 0.0293848913 0.2432057292 0.3468153168 0.0305350836 0.0107190011 0.0718179974 0.3198592266 0.0612096644 0.1144951129 0.5947661731 0.4148146208 0.3312930308 0.0367409891 0.3962965112 0.3651443400 0.1731833338 0.2621147053 0.0127993802 0.2381337726 0.4079929238 0.0279539120 0.2602138553 0.3438281157 0.0312995242 0.2139548872 0.2526425994 0.2360689040 0.0088295153 0.1483970946 0.1110748702 0.3211119032 0.5000000000 0.9975432575 0.8820244905 0.6292350222 0.3265982495 0.6856186764
 0.1070593161 0.0425427747 0.3710830648 0.1569161755 0.4626001860 0.1586466685 0.1138874006 0.0622158229 0.6028389541 0.0228904648 0.0686869843 0.1513426211 0.4980046630 0.3038979450 0.0292881661 0.2358953008 0.3773258966 0.1579570533 0.3271677506 0.3050149552 0.0966616543 0.2010566155 0.2634082458 0.1692574283 0.1576625395 0.0716463161 0.2473140070 0.3680286259 0.2087442807 0.4057503747 0.1009552786 0.0600667181 0.0350072291 0.1422569265 0.1221885434 0.4139062403 0.4888938789 0.5266056725 0.0314973148 0.1383872973 0.5330094228 0.2704641066 0.4601119684 0.3124524136 0.0753245413 0.1418375828 0.0511827409 0.0546068913 0.4453382105 0.3331137220 0.1532797717 0.0068423585 0.2228071176 0.1192687731 0.0024567425 0.5000000000 0.5855847358 0.7828643761 0.8594553014 0.9724580005
 0.1813010566 0.0014753553 0.1924046208 0.0610377756 0.0150820823 0.5283907020 0.3594225850 0.1457752724 0.1262143388 0.2368133629 0.1773911223 0.0717288280 0.1722370001 0.2819634777 0.3019963979 0.2535096297 0.0087453924 0.0824481505 0.1115009030 0.1973261829 0.1462580210 0.3267884733 0.2895243303 0.0371878023 0.1617117240 0.1658176281 0.2876301204 0.0346794207 0.5093120234 0.1232813216 0.0082938095 0.1429258973 0.6684907820 0.4695323842 0.1320448695 0.2225642800 0.2562163082 0.7426291632 0.2197154762 0.2449678867 0.1078561328 0.2415187653 0.1824981274 0.0838444783 0.1385813300 0.1440292753 0.2097209702 0.3068580000 0.0367018252 0.3651992308 0.2429876558 0.7406638205 0.3673485229 0.1535414921 0.1179755095 0.4144152642 0.5000000000 0.8251937690 0.7291695786 0.9185328362
 0.0531728544 0.0242750951 0.1346423952 0.1988644116 0.2342688827 0.1240677263 0.1657094065 0.0341275969 0.4831824441 0.0500004197 0.5154325631 0.5273957116 0.4286680200 0.1072724127 0.3467073376 0.0115473610 0.0095166441 0.3499394405 0.6912114636 0.0062859523 0.2293870072 0.2744140928 0.1769570784 0.2000054269 0.3517601573 0.4867009653 0.2062811525 0.2883735142 0.3286053838 0.0306750188 0.1193426046 0.0685991513 0.1119213870 0.2115018976 0.2999401816 0.2173687380 0.2607345759 0.0012676287 0.2009449047 0.0129232667 0.1998723304 0.3892327529 0.0427902197 0.4484013021 0.1020320001 0.6054200551 0.3858376008 0.1224950097 0.0224171667 0.2504160696 0.1328129922 0.0183170066 0.1152305504 0.2711818238 0.3707649778 0.2171356239 0.1748062310 0.5000000000 0.9069888392 0.7277169001
 0.3482764274 0.3444679534 0.1168314530 0.1489040540 0.8701876244 0.1328153907 0.2167566855 0.4890506823 0.0571733550 0.2722313855 0.1448997906 0.0343043170 0.2001713771 0.0205659597 0.3605812826 0.4689728155 0.3967287736 0.0392483070 0.0408105317 0.1539700621 0.0219415090 0.0382957887 0.0303411347 0.1915492256 0.0252356367 0.1892828228 0.4996733166 0.0837717100 0.0698738603 0.5103068458 0.6979747521 0.0409197084 0.0387909892 0.0373161742 0.3407962308 0.1555926497 0.2160563729 0.2857913956 0.0796749105 0.6736736030 0.0944777521 0.3223700459 0.6615958384 0.6475446927 0.1752144167 0.4862342232 0.1606044444 0.4894979714 0.0445689619 0.1732143792 0.3749476132 0.3433087837 0.1149180823 0.0408391965 0.6734017505 0.1405446986 0.2708304214 0.0930111608 0.5000000000 0.7058514083
 0.3558762864 0.0596566188 0.1491500017 0.1014583781 0.3535203829 0.1591226713 0.4816928580 0.0580427261 0.0208667567 0.3061898184 0.2757081396 0.4430420317 0.2368002848 0.2742472022 0.2448202462 0.1190151952 0.2006533700 0.0419027147 0.1776360339 0.4684128058 0.4555455362 0.4736471137 0.6564415638 0.1009006519 0.6285271516 0.5886288267 0.3379820684 0.0219686422 0.1698337883 0.6050219342 0.1508437066 0.4056761663 0.3705756843 0.5118236160 0.3141525366 0.2912849131 0.1441006223 0.0585346436 0.0889582573 0.1567211608 0.1031120786 0.2136232617 0.1618095503 0.0519017643 0.3213807891 0.3106826777 0.5161856952 0.0297461801 0.4166193541 0.0164400266 0.4272220460 0.4872070971 0.5139179882 0.1921967646 0.3143813236 0.0275419995 0.0814671638 0.2722830999 0.2941485917 0.5000000000
]
