n: 80

c:
[
 0.5000000000 0.9395538645 0.8594558605 0.5095971985 0.9690832155 0.9083953833 0.6562936656 0.9587909626 0.4903675664 0.2957348178 0.8286578502 0.7224015860 0.8651078896 0.9480079427 0.9108009120 0.9567495583 0.9080602104 0.8553750738 0.7904674985 0.7775584181 0.8529441871 0.5426730984 0.8157428070 0.9238742244 0.8847987821 0.8165209407 0.9434545587 0.8587814586 0.3373848951 0.9199824871 0.7497160817 0.7557529026 0.7587878824 0.7245005862 0.9964204091 0.8779829252 0.5451835161 0.8942598747 0.8103012617 0.9972919996 0.7165421184 0.9950000003 0.5606991253 0.7436013623 0.8809031955 0.9589029829 0.9439586980 0.5437176851 0.9451095643 0.5842618238 0.9898066781 0.5131382407 0.9529434728 0.6815770435 0.2149438778 0.9994688902 0.2833474806 0.7097442256 0.7568104616 0.8532675863 0.3970914306 0.4601382257 0.6615862780 0.8127408663 0.5476369573 0.6731104069 0.9847345173 0.8743925086 0.9344959146 0.4494023938 0.6056758842 0.9666532863 0.5688789494 0.8373854260 0.8283449250 0.8923240800 0.6676347527 0.3462164727 0.9032328263 0.9221486087
 0.0604461355 0.5000000000 0.7705567744 0.4666213853 0.6514598963 0.4651389164 0.9021476523 0.6657076504 0.5513106537 0.7975747151 0.5607689620 0.8188896762 0.7704399021 0.7936157452 0.6836278272 0.8401262981 0.9277480908 0.5359961480 0.9733463156 0.6334259778 0.2949674266 0.9980539782 0.9860384689 0.5709886723 0.9418421133 0.9290698682 0.6083381270 0.9914171897 0.6956717660 0.9916818242 0.8901640567 0.4664810958 0.9325961808 0.7285420316 0.9229571545 0.7661822714 0.6786601555 0.9345314191 0.7114069868 0.9782049698 0.9706384747 0.7612300046 0.5739484386 0.3414247930 0.8179096235 0.8823839347 0.4613499770 0.5629041081 0.8506176155 0.6367326275 0.6601790604 0.8754351555 0.7215515064 0.5935748163 0.7720904496 0.8111591592 0.7892643258 0.9682074536 0.2946960198 0.5854874653 0.6397156277 0.5673596488 0.3473029923 0.9596673008 0.7184930871 0.5099214330 0.2637651669 0.7460436528 0.5969999411 0.7143118620 0.9550205004 0.7535470381 0.9796008023 0.9033206516 0.6861777028 0.5886524824 0.9768562813 0.9138280564 0.9762223077 0.6036957871
 0.1405441395 0.2294432256 0.5000000000 0.9863968936 0.7462063836 0.9278637236 0.8561097858 0.7006398312 0.9496640710 0.5939332172 0.8314984468 0.7601095124 0.8122084899 0.6950856407 0.4815368040 0.4192099390 0.8927523650 0.7090652308 0.5569832477 0.5390462710 0.4298462666 0.5085706948 0.9911438317 0.9588889892 0.4076388579 0.9306255078 0.7056488601 0.6755336269 0.4707050711 0.8301538898 0.7825657729 0.8725788617 0.8742027443 0.9579343106 0.8149066012 0.7070203958 0.9147339987 0.9522306150 0.8140865062 0.5466754041 0.8546852608 0.3005751939 0.5395586608 0.7541601668 0.8279241661 0.6538952742 0.7667871703 0.9423646862 0.8543311193 0.9294533414 0.9854723739 0.6350812965 0.9232302763 0.6277984535 0.9314272943 0.8124159690 0.8970347533 0.9116830391 0.9965778297 0.8444651773 0.6603861743 0.5813585540 0.5886869951 0.4207127407 0.9696216825 0.5293272817 0.9083104007 0.3347250044 0.8967494079 0.7851742365 0.6286480098 0.2981930848 0.7954032983 0.9003886147 0.5893744107 0.9420917049 0.9336680095 0.8946328197 0.8418040655 0.9069234307
 0.4904028015 0.5333786147 0.0136031064 0.5000000000 0.7867675599 0.7326244159 0.3840185370 0.7826988900 0.4016471759 0.9689313444 0.9236688466 0.9566317604 0.9892030912 0.7892298657 0.7612634388 0.8457716876 0.9176657408 0.7936369014 0.6869678676 0.7243118021 0.4120145006 0.8284995207 0.8562312105 0.7738430128 0.8783375680 0.9631579158 0.9184794288 0.3259699534 0.8278752299 0.8494209260 0.9821342543 0.1461452026 0.6254942352 0.7885318505 0.8441407118 0.5932503879 0.5458843280 0.5910482400 0.8088713943 0.7474576624 0.3898107607 0.6508734213 0.8705843233 0.9768017831 0.5006063216 0.4038095926 0.8984320042 0.1399271631 0.9527328698 0.6406904187 0.8179681931 0.9947799709 0.3834971802 0.2836242568 0.9599082635 0.9649272782 0.5931599824 0.8699368691 0.8927666422 0.3369473176 0.5310903935 0.7681639003 0.8830814201 0.8414675710 0.5291053979 0.9549555436 0.9042230624 0.9818024064 0.5087296764 0.6728120767 0.5917248665 0.7950711641 0.9257542371 0.5484507488 0.9859602884 0.5702539666 0.6927168401 0.8531487413 0.4990587596 0.3894949000
 0.0309167845 0.3485401037 0.2537936164 0.2132324401 0.5000000000 0.7601732836 0.9425180333 0.3128643026 0.6831801019 0.9683291025 0.6200240808 0.6714890272 0.9175711519 0.9931449654 0.9437761791 0.7669642002 0.9586843645 0.6878619839 0.8110535226 0.8142243956 0.8830731520 0.6740197771 0.9328487629 0.8133534888 0.2110876469 0.8768738161 0.4347927212 0.0341106968 0.4282096458 0.9345099584 0.4495024313 0.6983037013 0.8848213240 0.9734632870 0.8660046449 0.8366966152 0.7685288338 0.8707571908 0.8118821811 0.4811905389 0.6015375203 0.9036793455 0.8564817478 0.7132119842 0.9325694032 0.2496291789 0.9409237385 0.9052722545 0.9994539127 0.8102386854 0.9475599001 0.6493091296 0.6131868041 0.9986804596 0.8649969408 0.4987054108 0.9082857879 0.9328354634 0.8475095431 0.5436921697 0.8034121264 0.5580662326 0.7959306036 0.7655232224 0.8911780516 0.6044198090 0.9769135841 0.9922086637 0.7608361301 0.8296936488 0.8686079463 0.9792697485 0.6071809220 0.4987567455 0.6608213586 0.9254634193 0.6708597477 0.6283187433 0.8458786626 0.8723440441
 0.0916046167 0.5348610836 0.0721362764 0.2673755841 0.2398267164 0.5000000000 0.7721952646 0.8826926455 0.7560464653 0.8832265671 0.7960070036 0.7429442161 0.8370360521 0.9629458242 0.9645584464 0.8649768212 0.9871542461 0.7360392920 0.8927692758 0.9537102235 0.8645189950 0.8365534822 0.5938560882 0.4046442679 0.7249437023 0.7857455621 0.2981625084 0.9846295669 0.7320117228 0.6891395358 0.6185542878 0.7474964039 0.7746760085 0.9596425934 0.3960141938 0.6301648891 0.4190502705 0.7289091689 0.7291405755 0.5820576935 0.7405295033 0.8299332442 0.2849037544 0.8968504481 0.5460662107 0.6105477356 0.9587839463 0.9193738812 0.5295402063 0.9070386449 0.4094859177 0.5877251330 0.9147953614 0.6820828725 0.9879744215 0.2804388508 0.9753889680 0.9641095860 0.3209686345 0.7427426664 0.8494534939 0.2685394320 0.9604787287 0.4901840089 0.7997461046 0.9188966022 0.9625610647 0.5368458836 0.9672738009 0.9525093087 0.7633130069 0.9116698798 0.3736687843 0.8441534742 0.9866399354 0.9889823026 0.7494549410 0.7022643797 0.5047514749 0.9396718327
 0.3437063344 0.0978523477 0.1438902142 0.6159814630 0.0574819667 0.2278047354 0.5000000000 0.8349140668 0.7599597591 0.8699979279 0.6538134252 0.8569059337 0.8676700656 0.6226263469 0.9044223722 0.4771845652 0.9479695452 0.8050502588 0.4649601843 0.6705035821 0.6643379417 0.4665776773 0.7687589804 0.7447750848 0.5264485286 0.2248563381 0.5565431888 0.6395048369 0.6880904725 0.8072372012 0.4736872347 0.9861509854 0.8329260315 0.2137879143 0.6181411482 0.9257161109 0.9911842451 0.8123791081 0.6650538001 0.7282496251 0.4515661929 0.8977887218 0.9330463421 0.6582623090 0.6921535066 0.9543287473 0.9246900599 0.5773761475 0.5774351027 0.6223832434 0.5846328622 0.8477792301 0.9262772873 0.8033909709 0.8163611051 0.7718294197 0.7371323863 0.5312155908 0.9301615647 0.6722955333 0.8210199552 0.4737562232 0.4865561929 0.6920592989 0.5349335125 0.7967980280 0.5135221905 0.9370573204 0.8428075393 0.8150811253 0.8008447488 0.8115686674 0.8494687062 0.8992619985 0.8408722875 0.9207581777 0.6074374206 0.8973404813 0.9379416063 0.9094195891
 0.0412090374 0.3342923496 0.2993601688 0.2173011100 0.6871356974 0.1173073545 0.1650859332 0.5000000000 0.4149033552 0.3310728962 0.8918556453 0.7682974578 0.9906260587 0.9548304447 0.7616154543 0.5234499842 0.4954896808 0.3219463209 0.9163219598 0.8928136789 0.7299044417 0.5353367373 0.9046516986 0.8651045320 0.9440998425 0.7279550849 0.5413479842 0.5362131459 0.8931553164 0.4539123221 0.7626324318 0.6340470631 0.5749486930 0.9172472261 0.7678403945 0.9625626969 0.7967435794 0.4478789103 0.9414085554 0.4790253868 0.9239387096 0.7716936695 0.7169511378 0.4876584832 0.5753686442 0.9775692630 0.7351642831 0.8037284889 0.7216124076 0.9593202061 0.9316227691 0.3241918322 0.9921749702 0.6378838361 0.7775019288 0.7383631200 0.8897236841 0.5436230215 0.8057235458 0.9929073831 0.5968985200 0.8363583688 0.4868940846 0.8020399051 0.5928283129 0.9808337039 0.8820852742 0.8535053569 0.9336568578 0.8517747110 0.8667033755 0.8593075438 0.9055206955 0.8331952533 0.8738718326 0.6054980285 0.8950802794 0.7853630956 0.8655951052 0.9203237168
 0.5096324336 0.4486893463 0.0503359290 0.5983528241 0.3168198981 0.2439535347 0.2400402409 0.5850966448 0.5000000000 0.9214470617 0.9028646207 0.5061473141 0.8972386236 0.9911621801 0.8067869247 0.7452110435 0.6861678654 0.9919850464 0.9513878545 0.9098304013 0.9686174270 0.5488391515 0.6800260283 0.9468960521 0.9756102917 0.7465620402 0.8506741515 0.8875423290 0.6189768852 0.8176684495 0.9733948400 0.8803685645 0.9430912945 0.8056916293 0.7690587795 0.9661557807 0.6201924302 0.8409884992 0.9270647051 0.3345310425 0.7661537405 0.4044344450 0.6939424767 0.3223898978 0.9702817206 0.6097197479 0.8304322365 0.5293494163 0.9564618463 0.9361983250 0.7656669659 0.8019887488 0.4935202009 0.9240954573 0.7653182739 0.8176239242 0.9488009088 0.2773997302 0.6267354897 0.9495396654 0.9411547975 0.8908570935 0.9852368163 0.9701072776 0.9312442341 0.9097563458 0.7212400973 0.7774087751 0.9211106238 0.4335500019 0.7752187362 0.9251163434 0.6462777698 0.9776837048 0.4181613843 0.8449190275 0.9656502939 0.9704570052 0.6507452227 0.9288132804
 0.7042651822 0.2024252849 0.4060667828 0.0310686556 0.0316708975 0.1167734329 0.1300020721 0.6689271038 0.0785529383 0.5000000000 0.7366968859 0.9577929417 0.8094634011 0.5285470228 0.9570510662 0.6343242781 0.5977071243 0.9058961289 0.7728338368 0.9209722103 0.9507574057 0.9062620421 0.9116385391 0.4871373324 0.5329289418 0.8501153647 0.7582659832 0.9975734356 0.5698531237 0.7471191131 0.4858569971 0.9242291624 0.9591329380 0.7018838379 0.8697510611 0.9267427821 0.4751940576 0.9884816205 0.7970958916 0.8184772698 0.5401359204 0.9559151855 0.6775863623 0.6909937184 0.9727189762 0.8971973410 0.5604777514 0.9126670394 0.8852732314 0.5522074761 0.9798291320 0.5135447712 0.3776391473 0.6060335056 0.7692067512 0.6099886518 0.8364445324 0.8022747586 0.4957565296 0.2984519063 0.6071229875 0.8586998596 0.7740317610 0.5083340976 0.9893638075 0.7492695989 0.1382587601 0.7486102169 0.7848977694 0.6294567816 0.5840605196 0.5898581302 0.3461440969 0.8490216564 0.7007908397 0.9001243240 0.8022470245 0.9984487011 0.9589756284 0.6114203459
 0.1713421498 0.4392310380 0.1685015532 0.0763311534 0.3799759192 0.2039929964 0.3461865748 0.1081443547 0.0971353793 0.2633031141 0.5000000000 0.6532829141 0.9997976159 0.6633552309 0.9440575228 0.8952748279 0.6109095195 0.8631322535 0.8102364746 0.9666710575 0.6292771375 0.8632962965 0.4678590607 0.9461083595 0.8865835732 0.8363462784 0.6686296236 0.7804686606 0.8159379520 0.6050882653 0.6385679260 0.8724612095 0.9552777330 0.9622491035 0.8565588449 0.9040473428 0.8854661109 0.8070207146 0.8808104925 0.9450754431 0.9721608356 0.4558893781 0.9593110710 0.7841821093 0.5659032137 0.9156805185 0.6034969897 0.8049572014 0.9775360075 0.9832380550 0.9898812337 0.8867638804 0.9332258360 0.4909608316 0.8308219335 0.6508871384 0.6064017485 0.7512133920 0.8768653228 0.9800630370 0.7476875905 0.6757499527 0.5885682433 0.8856622081 0.8657928148 0.7888581312 0.9915347051 0.9371640511 0.9328593745 0.5058494231 0.9587005482 0.7822037358 0.5310655484 0.5287262660 0.9607074412 0.7873190228 0.6857739750 0.6157541680 0.7884498102 0.5706301864
 0.2775984140 0.1811103238 0.2398904876 0.0433682396 0.3285109728 0.2570557839 0.1430940663 0.2317025422 0.4938526859 0.0422070583 0.3467170859 0.5000000000 0.9035489749 0.9216848058 0.8827253432 0.6655834231 0.9405837266 0.7177106786 0.8005714500 0.8000299714 0.5682955268 0.8732780997 0.6851855616 0.6843270532 0.8872199189 0.8197001177 0.7080294674 0.4346875199 0.8344139655 0.7104523548 0.7114796577 0.4854732909 0.5900422264 0.9353100105 0.9762358598 0.8665535119 0.7910101503 0.8327434305 0.9367221786 0.7685250269 0.7003912868 0.6305160050 0.6978685332 0.8192429547 0.7625951791 0.7607235893 0.9603944002 0.8945567569 0.9275173111 0.9329511583 0.9841469166 0.9849465484 0.7635167252 0.7728240249 0.9057867959 0.6349459869 0.9929776393 0.6300250756 0.8949517431 0.6521223481 0.8606299495 0.9866033178 0.7257971496 0.9466425596 0.7022232586 0.7259234499 0.7874123144 0.8397606750 0.5051691736 0.5055640999 0.9489179804 0.9202089914 0.6928083950 0.6891713852 0.8407076551 0.5405327930 0.8371804933 0.8020467718 0.7451725932 0.8776149988
 0.1348921104 0.2295600979 0.1877915101 0.0107969088 0.0824288481 0.1629639479 0.1323299344 0.0093739413 0.1027613764 0.1905365989 0.0002023841 0.0964510251 0.5000000000 0.8524229624 0.9998181979 0.9021068298 0.8196540390 0.9596334056 0.9401035795 0.8005917544 0.7034984280 0.9429615487 0.9719735126 0.9769309672 0.8816345790 0.8784688678 0.7580827638 0.7409460958 0.9063386728 0.6698359594 0.9123523787 0.8808928340 0.9868867138 0.1618754410 0.8509988308 0.4545757317 0.3862970994 0.8632331566 0.8735770317 0.9816989024 0.9907336722 0.5149976125 0.9579499379 0.9765724493 0.7635151322 0.9059942165 0.9172749901 0.9403234273 0.9854534252 0.8486199984 0.6316324850 0.1757635839 0.9515579566 0.9711035511 0.9305821149 0.6639012237 0.6260927104 0.4892658846 0.8510866141 0.9444104880 0.9929327569 0.7107486277 0.7648209266 0.9866520815 0.6111730950 0.5782155092 0.5793187470 0.9851761588 0.6423616006 0.7863973580 0.6481870576 0.6503249835 0.8642283865 0.8770104719 0.6518853927 0.4205204206 0.7853850637 0.8375306355 0.8930403365 0.9436630030
 0.0519920573 0.2063842548 0.3049143593 0.2107701343 0.0068550346 0.0370541758 0.3773736531 0.0451695553 0.0088378199 0.4714529772 0.3366447691 0.0783151942 0.1475770376 0.5000000000 0.5117271045 0.9144863641 0.5191062818 0.7428476316 0.8074333117 0.6056494016 0.9238189184 0.6188903904 0.9020798892 0.8418325520 0.8106172877 0.7524173198 0.9772327296 0.7538085402 0.6403619508 0.7147393616 0.7486809657 0.5083080244 0.8299584971 0.9817651350 0.3259927152 0.6436678116 0.8307396893 0.7439032052 0.8898323306 0.9568965995 0.7054525370 0.8463961724 0.8521451469 0.8721982458 0.9545374215 0.8353454242 0.4338601573 0.5508144096 0.6786350998 0.8940197035 0.9485960389 0.8036221479 0.9496656727 0.3202226919 0.8316992875 0.9471546852 0.2927957941 0.6894822821 0.8767886021 0.5045459040 0.5342548871 0.7099249545 0.9370583406 0.3696862427 0.7389511301 0.7851737773 0.8665780916 0.4136947422 0.9102832222 0.9192165969 0.8114249038 0.8395907091 0.6867483076 0.8388159363 0.5622551483 0.9038736096 0.7333625694 0.7037441796 0.7456200379 0.9805233018
 0.0891990880 0.3163721728 0.5184631960 0.2387365612 0.0562238209 0.0354415536 0.0955776278 0.2383845457 0.1932130753 0.0429489338 0.0559424772 0.1172746568 0.0001818021 0.4882728955 0.5000000000 0.8231282688 0.7838285578 0.7976017134 0.5148796563 0.8982026370 0.8034316001 0.6059443698 0.8408154330 0.8236101649 0.9909523561 0.7942547434 0.8629027552 0.5168186171 0.9616540492 0.8945642234 0.9810726973 0.1890813838 0.8867916104 0.9544513776 0.8285335689 0.3592148669 0.5002151502 0.9317976999 0.5531429416 0.6908687887 0.8538810906 0.8396245326 0.9610739549 0.5899664946 0.9325679602 0.9943246721 0.9596070464 0.9960041143 0.8073693305 0.8237450383 0.9568233737 0.7717834414 0.9707642919 0.8173812323 0.9603853943 0.8137840294 0.4754597804 0.9576304129 0.6659890188 0.7633109246 0.7154639809 0.9919768964 0.6256325631 0.6414371150 0.7206046221 0.3181007053 0.8513203783 0.6316691709 0.8501796998 0.8649974399 0.8507893889 0.8903966425 0.9464913425 0.8636708589 0.2671066378 0.9853984130 0.6309869330 0.8253756606 0.8873385765 0.8605280286
 0.0432504417 0.1598737019 0.5807900610 0.1542283124 0.2330357998 0.1350231788 0.5228154348 0.4765500158 0.2547889565 0.3656757219 0.1047251721 0.3344165769 0.0978931702 0.0855136359 0.1768717312 0.5000000000 0.3444278005 0.9028743999 0.7720679776 0.6613026745 0.7598408921 0.7491169586 0.8598315982 0.8086926089 0.5507528245 0.4064160896 0.1340435395 0.4122361481 0.4414983920 0.3627870569 0.8118064791 0.5786411501 0.7749720400 0.7044245991 0.8838400922 0.9942704855 0.9540365559 0.6066812239 0.7914048452 0.6746976164 0.8945572575 0.5425317947 0.9414904497 0.5534721684 0.4081944223 0.9901882136 0.7669192541 0.8117514244 0.8506873267 0.8855677554 0.9377810873 0.9428590804 0.9617212028 0.9056767213 0.9664357615 0.6855004121 0.6710023992 0.7050910909 0.8230527807 0.9557827411 0.7169888041 0.6468548640 0.3261397828 0.4560595775 0.8576232491 0.5621694419 0.2224067985 0.9939033097 0.6038135043 0.5632286410 0.7725875377 0.5748462417 0.6048632010 0.8857468358 0.9959812328 0.9661704230 0.7379161996 0.7623213142 0.8209629215 0.6503567296
 0.0919397896 0.0722519092 0.1072476350 0.0823342592 0.0413156355 0.0128457539 0.0520304548 0.5045103192 0.3138321346 0.4022928757 0.3890904805 0.0594162734 0.1803459610 0.4808937182 0.2161714422 0.6555721995 0.5000000000 0.8147041248 0.7414278522 0.7909915935 0.8510936156 0.9151558526 0.8873679799 0.8090056052 0.9064333900 0.6772654020 0.7304343901 0.4335758070 0.9478752089 0.9003202668 0.5668391905 0.7690545471 0.4954975142 0.9165760535 0.8859063663 0.9675263833 0.5256698327 0.9975388939 0.3734736088 0.9773942119 0.2884835851 0.9438125976 0.9906988489 0.2988485504 0.3731685222 0.9715510195 0.9531302374 0.9682942731 0.5348974685 0.9209276913 0.8967539068 0.5658225784 0.6207351271 0.8964055560 0.5938735055 0.9462894718 0.8979861114 0.9834733033 0.4582902671 0.7812914239 0.8364333523 0.4402778171 0.9206048115 0.6753051062 0.9793715648 0.7140553544 0.5886182060 0.7281160580 0.9903186765 0.9190443879 0.6790557355 0.8046407841 0.8023003571 0.6490813571 0.9705403863 0.8613127703 0.8432669110 0.8488595578 0.6388195707 0.7255758552
 0.1446249262 0.4640038520 0.2909347692 0.2063630986 0.3121380161 0.2639607080 0.1949497412 0.6780536791 0.0080149536 0.0941038711 0.1368677465 0.2822893214 0.0403665944 0.2571523684 0.2023982866 0.0971256001 0.1852958752 0.5000000000 0.9146788979 0.6411376136 0.2099089391 0.6580798579 0.8311317161 0.6488156567 0.8547853903 0.8077167675 0.8056318423 0.7764649190 0.9806152387 0.7698959225 0.7042442293 0.8010061990 0.7155805599 0.8300982620 0.9200820082 0.9759830914 0.8858578524 0.7817541071 0.7927762730 0.9911450632 0.5780512217 0.7204569193 0.6899483195 0.6482287681 0.7963689947 0.9903979604 0.8538164288 0.7970895446 0.5760915698 0.6874591049 0.5155411439 0.9836940362 0.5521204272 0.9910527478 0.9156348650 0.7553334703 0.9315127218 0.3245629929 0.4440656364 0.8276735061 0.6853250886 0.8199340809 0.9908583821 0.9208579435 0.4471895170 0.6369502738 0.7914699701 0.8568904594 0.8490754258 0.6285345671 0.5086851460 0.8106662311 0.9017708569 0.9923229276 0.5890842088 0.9607581050 0.8921029691 0.7324847578 0.9108657932 0.4362188739
 0.2095325015 0.0266536844 0.4430167523 0.3130321324 0.1889464774 0.1072307242 0.5350398157 0.0836780402 0.0486121455 0.2271661632 0.1897635254 0.1994285500 0.0598964205 0.1925666883 0.4851203437 0.2279320224 0.2585721478 0.0853211021 0.5000000000 0.3679035736 0.9864056394 0.6942753915 0.5969354397 0.8218886739 0.9537015608 0.7847833983 0.9367384211 0.7058532457 0.3822637385 0.4868340299 0.7669241814 0.9833188408 0.6099410855 0.7339054079 0.8695967593 0.9981311180 0.8538621201 0.9579507845 0.8150610198 0.7352806467 0.7015077993 0.4284983587 0.5336146745 0.7472782253 0.7948681988 0.6851362109 0.6952346720 0.7772859601 0.9154971455 0.5429388836 0.8879140153 0.8388047565 0.7658810153 0.9622822297 0.9680937878 0.6999972860 0.6810846283 0.9346402205 0.2049805000 0.8985132739 0.8282767214 0.9629095309 0.6711399054 0.7682965883 0.8891938323 0.8027284802 0.7120445669 0.7266007205 0.8576668413 0.9106851031 0.4699986916 0.6766372678 0.8572232093 0.2500891209 0.7408113010 0.9168837866 0.9572163763 0.6243241549 0.9483198019 0.9376074284
 0.2224415819 0.3665740222 0.4609537290 0.2756881979 0.1857756044 0.0462897765 0.3294964179 0.1071863211 0.0901695987 0.0790277897 0.0333289425 0.1999700286 0.1994082456 0.3943505984 0.1017973630 0.3386973255 0.2090084065 0.3588623864 0.6320964264 0.5000000000 0.2962891439 0.8259031936 0.8122475111 0.6101246818 0.7517027300 0.8415518021 0.7204195956 0.9546157303 0.9722499140 0.8638517680 0.6433247926 0.8002616509 0.9551741117 0.8009649728 0.7651468054 0.7818788425 0.9918003874 0.9412274878 0.3376579040 0.8707972087 0.7860707074 0.9520559299 0.9709194359 0.9386075692 0.4223326185 0.5061779123 0.9453788740 0.4105123046 0.9714955927 0.6738460469 0.7506896513 0.6858046349 0.6200696615 0.7981567154 0.9102592518 0.4719575407 0.7932130184 0.9893386558 0.6305190274 0.4156823631 0.7768547495 0.5821081982 0.8585653108 0.5763584496 0.2419842641 0.5013182631 0.9859887496 0.8819633155 0.8173809133 0.9264638481 0.9654374038 0.8374392620 0.7086756306 0.9505329799 0.7413899084 0.5815270102 0.9865249647 0.3483086331 0.8510203009 0.8188580164
 0.1470558129 0.7050325734 0.5701537334 0.5879854994 0.1169268480 0.1354810050 0.3356620583 0.2700955583 0.0313825730 0.0492425943 0.3707228625 0.4317044732 0.2965015720 0.0761810816 0.1965683999 0.2401591079 0.1489063844 0.7900910609 0.0135943606 0.7037108561 0.5000000000 0.5235820469 0.6933067155 0.8223118621 0.6054591911 0.8838796829 0.6967456519 0.8947845677 0.8333575583 0.3925537608 0.3688496890 0.7275379110 0.4089396144 0.2451669022 0.8121513474 0.9490189027 0.6580174139 0.8467310967 0.9557667594 0.7362163558 0.9632393751 0.8586623817 0.7780614958 0.8867083229 0.9728158053 0.8039748616 0.6859225745 0.6402564205 0.8660059987 0.7369417391 0.8534440626 0.9799829275 0.9196700896 0.9582245019 0.5878188042 0.6629059019 0.4873215807 0.7368947430 0.8618402915 0.7689492341 0.9963302346 0.9252927605 0.7530841289 0.3523512157 0.8862822278 0.8069629101 0.8561189646 0.6820506187 0.3443026497 0.9186320573 0.7326956711 0.5269157968 0.5510837430 0.5619799306 0.8996292321 0.7910290550 0.8096700574 0.8475914754 0.9050946236 0.9595057155
 0.4573269016 0.0019460218 0.4914293052 0.1715004793 0.3259802229 0.1634465178 0.5334223227 0.4646632627 0.4511608485 0.0937379579 0.1367037035 0.1267219003 0.0570384513 0.3811096096 0.3940556302 0.2508830414 0.0848441474 0.3419201421 0.3057246085 0.1740968064 0.4764179531 0.5000000000 0.7865495446 0.8923291621 0.7582706456 0.8415035194 0.4763928683 0.5191426610 0.6266282808 0.6597435891 0.5523276189 0.7410632476 0.8389416415 0.4133892274 0.0624718652 0.9194507007 0.9542718715 0.9935765707 0.9229098372 0.6516949981 0.9451738562 0.9349627663 0.8501200959 0.9330033097 0.9612870371 0.5297022814 0.6824350338 0.4928241150 0.6265114435 0.7175392650 0.9697740576 0.5781862633 0.1006184796 0.3107192572 0.9521807491 0.7171114600 0.5875566023 0.9612210614 0.5970369781 0.8200216198 0.8032474509 0.6633089297 0.6974569788 0.4516303411 0.6216311256 0.6787882321 0.5921898826 0.4690929215 0.6935691394 0.3205951953 0.7425797621 0.3357809840 0.7154382014 0.9554523583 0.8805111369 0.8271745694 0.4997995533 0.9819106016 0.6372405807 0.4256981896
 0.1842571930 0.0139615311 0.0088561683 0.1437687895 0.0671512371 0.4061439118 0.2312410196 0.0953483014 0.3199739717 0.0883614609 0.5321409393 0.3148144384 0.0280264874 0.0979201108 0.1591845670 0.1401684018 0.1126320201 0.1688682839 0.4030645603 0.1877524889 0.3066932845 0.2134504554 0.5000000000 0.5073300581 0.4530441630 0.8596459358 0.8174915851 0.8878496396 0.9916506786 0.9326042091 0.8736309533 0.7173783110 0.9990086090 0.8586607465 0.5446206345 0.7640689747 0.8817007043 0.9581235815 0.9272402937 0.9262898860 0.3948199590 0.7876019630 0.6292885153 0.9635407713 0.8296254802 0.9607071541 0.8233504689 0.8493339879 0.6343945529 0.6753498440 0.5466866650 0.9616183866 0.8046545523 0.9317957738 0.6646539209 0.9501772546 0.7525036140 0.9776808488 0.8473148262 0.4553717428 0.9044237816 0.9359894083 0.4614873052 0.7356092436 0.3401706922 0.5933300696 0.8779128979 0.7918750227 0.9735668631 0.5705617469 0.5453440279 0.6472297953 0.8114092611 0.8821083547 0.9971755779 0.6215557722 0.9674336903 0.9669926810 0.6697560842 0.9300792824
 0.0761257756 0.4290113277 0.0411110108 0.2261569872 0.1866465112 0.5953557321 0.2552249152 0.1348954680 0.0531039479 0.5128626676 0.0538916405 0.3156729468 0.0230690328 0.1581674480 0.1763898351 0.1913073911 0.1909943948 0.3511843433 0.1781113261 0.3898753182 0.1776881379 0.1076708379 0.4926699419 0.5000000000 0.3518206615 0.7664521086 0.7747843063 0.4047325058 0.8219354010 0.9428301271 0.8344876905 0.2393053235 0.7116792338 0.5692347369 0.5234716329 0.8458375936 0.7456445587 0.3117195465 0.6787094700 0.5366754176 0.5065957660 0.4781471976 0.7117957997 0.9081445373 0.8202595561 0.9503147011 0.9458454379 0.2880673405 0.8253569101 0.7265702931 0.8638871089 0.6965588791 0.5422785564 0.7815984016 0.9527437922 0.8112823860 0.9116533338 0.8499147633 0.6073312820 0.6707983997 0.6209071835 0.6643786352 0.7555540270 0.7455999844 0.7230865773 0.6293187489 0.7333646925 0.9486295841 0.9580628049 0.9390104121 0.9501845715 0.9987521891 0.7902236409 0.5914965201 0.7029949505 0.6529853588 0.8326777528 0.7512707972 0.6669139202 0.6633618326
 0.1152012179 0.0581578867 0.5923611421 0.1216624320 0.7889123531 0.2750562977 0.4735514714 0.0559001575 0.0243897083 0.4670710582 0.1134164268 0.1127800811 0.1183654210 0.1893827123 0.0090476439 0.4492471755 0.0935666100 0.1452146097 0.0462984392 0.2482972700 0.3945408089 0.2417293544 0.5469558370 0.6481793385 0.5000000000 0.8308448738 0.3437560338 0.6486475219 0.8366108026 0.8647849179 0.9954445445 0.8116310353 0.9643024455 0.1812535434 0.6092685478 0.4161881148 0.7980013109 0.4298204396 0.8070305836 0.9094027262 0.8853755979 0.3360106957 0.6600545314 0.7968238174 0.8354989164 0.9229672818 0.9335369382 0.8317088702 0.8392168994 0.9809085591 0.9570181937 0.7360284906 0.2591599295 0.9767383868 0.6181828258 0.8836026601 0.3632513359 0.6802108680 0.9948418182 0.8285380056 0.9257187938 0.8985736169 0.6309629017 0.4736992633 0.4257009761 0.6840719990 0.6611410711 0.9643854066 0.8155552175 0.8883083000 0.1711164157 0.8328289662 0.8437218134 0.2580957006 0.4240456503 0.6808566077 0.5510323854 0.7197645333 0.2700329535 0.6671655027
 0.1834790593 0.0709301318 0.0693744922 0.0368420842 0.1231261839 0.2142544379 0.7751436619 0.2720449151 0.2534379598 0.1498846353 0.1636537216 0.1802998823 0.1215311322 0.2475826802 0.2057452566 0.5935839104 0.3227345980 0.1922832325 0.2152166017 0.1584481979 0.1161203171 0.1584964806 0.1403540642 0.2335478914 0.1691551262 0.5000000000 0.3543272307 0.9901284933 0.8243267042 0.9772838599 0.9588444317 0.5717636669 0.7170623075 0.7376739513 0.8266577120 0.9200960261 0.5456574851 0.9187633679 0.5542335138 0.7989650142 0.9806969374 0.8004647412 0.4742892382 0.9108889101 0.9736265131 0.8467444111 0.4082828634 0.8719846493 0.8078658157 0.9749646570 0.9868608126 0.8970306111 0.9206996577 0.7364383513 0.5244268966 0.4823018158 0.5068963423 0.7487008478 0.5663553615 0.8028290808 0.7470892825 0.8447664065 0.5913780480 0.5166636453 0.9995002746 0.4393992482 0.4944393646 0.9021925583 0.9926020752 0.2734524412 0.6998262377 0.3922160962 0.7449889891 0.9876413038 0.8863160300 0.8307100400 0.9436159245 0.5043519835 0.7845046226 0.9171683184
 0.0565454413 0.3916618730 0.2943511399 0.0815205712 0.5652072788 0.7018374916 0.4434568112 0.4586520158 0.1493258485 0.2417340168 0.3313703764 0.2919705326 0.2419172362 0.0227672704 0.1370972448 0.8659564605 0.2695656099 0.1943681577 0.0632615789 0.2795804044 0.3032543481 0.5236071317 0.1825084149 0.2252156937 0.6562439662 0.6456727693 0.5000000000 0.4581725792 0.8705888060 0.8760222565 0.4527922841 0.8866963988 0.7338435019 0.7314064617 0.5645935887 0.9468503871 0.5806775212 0.7538801382 0.9979223152 0.4233989936 0.6568872796 0.9958748152 0.9636429085 0.6465618017 0.5737645202 0.9405666062 0.8781910898 0.8948519599 0.8102110332 0.8445699226 0.6017740555 0.2313901344 0.6196223958 0.7547597647 0.7301839043 0.9273347428 0.9171072552 0.7426110243 0.9791125576 0.5703169886 0.7412507213 0.9667996519 0.9668022400 0.5566813988 0.7093315622 0.8159087044 0.5353030596 0.6451484203 0.4607870654 0.4345080371 0.5286142304 0.5981909581 0.7780545636 0.5013654854 0.8977579626 0.7988033752 0.9029323868 0.7861474781 0.8665606683 0.8893191596
 0.1412185414 0.0085828103 0.3244663731 0.6740300466 0.9658893032 0.0153704331 0.3604951631 0.4637868541 0.1124576710 0.0024265644 0.2195313394 0.5653124801 0.2590539042 0.2461914598 0.4831813829 0.5877638519 0.5664241930 0.2235350810 0.2941467543 0.0453842697 0.1052154323 0.4808573390 0.1121503604 0.5952674942 0.3513524781 0.0098715067 0.5418274208 0.5000000000 0.7211803795 0.8649018911 0.5641114763 0.7193823196 0.6643288364 0.7044471737 0.7820191707 0.5062304837 0.2689486605 0.7016396881 0.9569289068 0.9850728330 0.4652321822 0.9089622761 0.6514057974 0.6083852842 0.9357795288 0.8090746770 0.8211034315 0.4107040251 0.6667365872 0.7899934127 0.9421617247 0.7241337991 0.9669036396 0.2433046580 0.9761263958 0.5062646131 0.9771716140 0.7815406678 0.9383783162 0.8879883947 0.7704481012 0.8703782236 0.7339897520 0.9086014920 0.8232755244 0.2335461347 0.9744758626 0.6971071493 0.3959343212 0.3315957994 0.5064195107 0.9935263502 0.7892387173 0.7962879697 0.4305814220 0.8086313775 0.6235141613 0.8327363931 0.6731465631 0.4084152867
 0.6626151049 0.3043282340 0.5292949289 0.1721247701 0.5717903542 0.2679882772 0.3119095275 0.1068446836 0.3810231148 0.4301468763 0.1840620480 0.1655860345 0.0936613272 0.3596380492 0.0383459508 0.5585016080 0.0521247911 0.0193847613 0.6177362615 0.0277500860 0.1666424417 0.3733717192 0.0083493214 0.1780645990 0.1633891974 0.1756732958 0.1294111940 0.2788196205 0.5000000000 0.9287493760 0.7843640055 0.4805492964 0.7507921218 0.9228979518 0.9700202502 0.7462128456 0.4596416972 0.6747050226 0.9178535304 0.6897610133 0.9520462203 0.5747269848 0.9017947915 0.9169171171 0.6986320048 0.8488226666 0.8383923061 0.9419992627 0.9331795573 0.6530408459 0.3582228952 0.9259073120 0.9092319632 0.3895122034 0.6206440032 0.7903510721 0.5783780108 0.9316173584 0.8571313192 0.6380835973 0.2603698778 0.5126488582 0.8506979461 0.9744465637 0.9895902882 0.1397725748 0.9402019590 0.8056531891 0.5513867264 0.6859234996 0.9690522831 0.7088674766 0.7726567831 0.3862952109 0.5808598757 0.4062005382 0.9461616368 0.7261677760 0.7328716801 0.8928657550
 0.0800175129 0.0083181758 0.1698461102 0.1505790740 0.0654900416 0.3108604642 0.1927627988 0.5460876779 0.1823315505 0.2528808869 0.3949117347 0.2895476452 0.3301640406 0.2852606384 0.1054357766 0.6372129431 0.0996797332 0.2301040775 0.5131659701 0.1361482320 0.6074462392 0.3402564109 0.0673957909 0.0571698729 0.1352150821 0.0227161401 0.1239777435 0.1350981089 0.0712506240 0.5000000000 0.9476858196 0.7169015563 0.8884219667 0.6346851697 0.7937295673 0.9396103892 0.8577580898 0.6513044636 0.9471203892 0.9735216809 0.5089522783 0.8233317542 0.7150894917 0.6501708289 0.5871263813 0.6705816993 0.5841685809 0.6640466647 0.5822840052 0.5137939587 0.6009844865 0.9345496323 0.5017267823 0.8546726322 0.6812962627 0.4095208550 0.7937670753 0.9675407238 0.6455663165 0.2747044580 0.7990757200 0.1993228475 0.8490818811 0.8989984826 0.9108537182 0.4874846703 0.8621167311 0.4143684359 0.3065136051 0.8486760866 0.8920654138 0.8670383340 0.4486737707 0.9589022435 0.8894442278 0.8762329879 0.7960989209 0.8282063318 0.9804369665 0.9134167417
 0.2502839183 0.1098359433 0.2174342271 0.0178657457 0.5504975687 0.3814457122 0.5263127653 0.2373675682 0.0266051600 0.5141430029 0.3614320740 0.2885203423 0.0876476213 0.2513190343 0.0189273027 0.1881935209 0.4331608095 0.2957557707 0.2330758186 0.3566752074 0.6311503110 0.4476723811 0.1263690467 0.1655123095 0.0045554555 0.0411555683 0.5472077159 0.4358885237 0.2156359945 0.0523141804 0.5000000000 0.8702886628 0.6226001286 0.5215657322 0.8260002793 0.7383600820 0.9384319073 0.9280782222 0.8874920393 0.5451096033 0.8489301574 0.9926911955 0.5463115736 0.5670876042 0.9624336071 0.6468451046 0.9425525173 0.9408726132 0.6778205573 0.4329839635 0.4807216419 0.7165894608 0.6776556369 0.9293278974 0.9993006523 0.6799812312 0.5010090646 0.8930776861 0.7886666117 0.8460909409 0.9594649986 0.9401218968 0.9968672542 0.6345429271 0.8916630555 0.4297165345 0.7110957749 0.5946951033 0.6415802219 0.6376018366 0.9923010652 0.8851040818 0.9376350735 0.7844404185 0.9460335876 0.7317546324 0.8786015267 0.5478177283 0.9478051502 0.4941992207
 0.2442470974 0.5335189042 0.1274211383 0.8538547974 0.3016962987 0.2525035961 0.0138490146 0.3659529369 0.1196314355 0.0757708376 0.1275387905 0.5145267091 0.1191071660 0.4916919756 0.8109186162 0.4213588499 0.2309454529 0.1989938010 0.0166811592 0.1997383491 0.2724620890 0.2589367524 0.2826216890 0.7606946765 0.1883689647 0.4282363331 0.1133036012 0.2806176804 0.5194507036 0.2830984437 0.1297113372 0.5000000000 0.6651114125 0.4899640182 0.9806730290 0.9874070341 0.9975568696 0.9927070019 0.9892842704 0.9262831899 0.5038822862 0.5013932661 0.8584508414 0.9278678829 0.7974317494 0.8726043492 0.8848679917 0.9704562547 0.9222940928 0.7295913732 0.4123945402 0.5291065064 0.9047576869 0.9059077297 0.8014350634 0.8550148821 0.9277690455 0.8061341759 0.6625292171 0.9002680073 0.5367441259 0.5728319128 0.8583134678 0.7047228071 0.6987113312 0.7156485666 0.8515900745 0.7552323869 0.3960856777 0.8966477931 0.9177431175 0.9023819994 0.8768092503 0.9626960680 0.9807057743 0.7663879548 0.8637097116 0.6960925399 0.5272243258 0.5642199923
 0.2412121176 0.0674038192 0.1257972557 0.3745057648 0.1151786760 0.2253239915 0.1670739685 0.4250513070 0.0569087055 0.0408670620 0.0447222670 0.4099577736 0.0131132862 0.1700415029 0.1132083896 0.2250279600 0.5045024858 0.2844194401 0.3900589145 0.0448258883 0.5910603856 0.1610583585 0.0009913910 0.2883207662 0.0356975545 0.2829376925 0.2661564981 0.3356711636 0.2492078782 0.1115780333 0.3773998714 0.3348885875 0.5000000000 0.7249316546 0.7364559359 0.8734235889 0.8933093937 0.7201074125 0.7932761203 0.9282290205 0.7081376220 0.7828641999 0.7454176705 0.4657630251 0.7693235175 0.5047899625 0.7517757205 0.5743241788 0.3092657568 0.8908752565 0.6130917888 0.9706435009 0.3186414203 0.9729252590 0.3985054569 0.8161065370 0.5463923212 0.8265715251 0.8616754106 0.3204005232 0.2176626597 0.8546570335 0.5955369482 0.8241676532 0.9781110629 0.8154869757 0.3598716253 0.8541460066 0.5667267552 0.7816854677 0.9035144676 0.9107290954 0.9181530817 0.2700187826 0.8404825121 0.2874687359 0.5860067355 0.9364464432 0.8399834923 0.6836174290
 0.2754994138 0.2714579684 0.0420656894 0.2114681495 0.0265367130 0.0403574066 0.7862120857 0.0827527739 0.1943083707 0.2981161621 0.0377508965 0.0646899895 0.8381245590 0.0182348650 0.0455486224 0.2955754009 0.0834239465 0.1699017380 0.2660945921 0.1990350272 0.7548330978 0.5866107726 0.1413392535 0.4307652631 0.8187464566 0.2623260487 0.2685935383 0.2955528263 0.0771020482 0.3653148303 0.4784342678 0.5100359818 0.2750683454 0.5000000000 0.9683522435 0.8804566286 0.9968422425 0.9108975319 0.5442636568 0.2738656981 0.7269539102 0.3949630564 0.7844534516 0.4329097642 0.9629972557 0.7272947908 0.8821082053 0.7931709387 0.8146417764 0.5868834061 0.8550529448 0.3991221735 0.9217911359 0.7265652267 0.3977316379 0.6760570257 0.8578501766 0.7899359771 0.6952835276 0.7066069821 0.6286654426 0.5379790763 0.6183127809 0.7869539939 0.8874390123 0.7295878344 0.5868963743 0.8201259688 0.8952386620 0.9729476300 0.8236615421 0.7042481762 0.0648542829 0.6131814191 0.5832144891 0.8152625461 0.6170834767 0.6729872030 0.8665879967 0.3700838953
 0.0035795909 0.0770428455 0.1850933988 0.1558592882 0.1339953551 0.6039858062 0.3818588518 0.2321596055 0.2309412205 0.1302489389 0.1434411551 0.0237641402 0.1490011692 0.6740072848 0.1714664311 0.1161599078 0.1140936337 0.0799179918 0.1304032407 0.2348531946 0.1878486526 0.9375281348 0.4553793655 0.4765283671 0.3907314522 0.1733422880 0.4354064113 0.2179808293 0.0299797498 0.2062704327 0.1739997207 0.0193269710 0.2635440641 0.0316477565 0.5000000000 0.9132679118 0.7900416707 0.7425058210 0.8538737543 0.6985345327 0.8183312240 0.8488236593 0.6274017261 0.8540607473 0.7083979007 0.6192488719 0.7322105150 0.4339930153 0.8031314046 0.6847772497 0.4835105683 0.5456404590 0.7184191405 0.8173092373 0.6291796607 0.6296101768 0.7656781119 0.7227113180 0.7799034506 0.5215382331 0.8699244709 0.3874955885 0.7441707770 0.6724559503 0.9497547550 0.9414123244 0.8596109810 0.6287704630 0.7887482609 0.6742532725 0.5701155684 0.7056384359 0.4431766542 0.5671782437 0.9068670430 0.7329825066 0.8835139411 0.8542677130 0.9817330890 0.6425892801
 0.1220170748 0.2338177286 0.2929796042 0.4067496121 0.1633033848 0.3698351109 0.0742838891 0.0374373031 0.0338442193 0.0732572179 0.0959526572 0.1334464881 0.5454242683 0.3563321884 0.6407851331 0.0057295145 0.0324736167 0.0240169086 0.0018688820 0.2181211575 0.0509810973 0.0805492993 0.2359310253 0.1541624064 0.5838118852 0.0799039739 0.0531496129 0.4937695163 0.2537871544 0.0603896108 0.2616399180 0.0125929659 0.1265764111 0.1195433714 0.0867320882 0.5000000000 0.9326224194 0.8528557075 0.6082991483 0.7100699936 0.9507619587 0.8759628500 0.8622741259 0.7478774602 0.4618778410 0.4805195852 0.5449578169 0.3975581368 0.9059320432 0.2859933315 0.8545788593 0.6635813539 0.7897929974 0.8924172142 0.6471487849 0.9643782376 0.7677891931 0.9311948395 0.5798715557 0.8063942326 0.9608394579 0.6987949604 0.7823267170 0.9196958803 0.9869612349 0.8212197246 0.8429071401 0.3402423177 0.7585305229 0.8112291073 0.8683954510 0.6071413786 0.5122436571 0.8070826408 0.8439862776 0.8454993668 0.5717057092 0.9335804504 0.6911547574 0.3800419365
 0.4548164839 0.3213398445 0.0852660013 0.4541156720 0.2314711662 0.5809497295 0.0088157549 0.2032564206 0.3798075698 0.5248059424 0.1145338891 0.2089898497 0.6137029006 0.1692603107 0.4997848498 0.0459634441 0.4743301673 0.1141421476 0.1461378799 0.0081996126 0.3419825861 0.0457281285 0.1182992957 0.2543554413 0.2019986891 0.4543425149 0.4193224788 0.7310513395 0.5403583028 0.1422419102 0.0615680927 0.0024431304 0.1066906063 0.0031577575 0.2099583293 0.0673775806 0.5000000000 0.5504714283 0.9418015305 0.7178279148 0.4048806564 0.7258177614 0.6203301888 0.8297228904 0.9984638211 0.4588108597 0.6308634884 0.9845505133 0.4820729384 0.6724545484 0.5554338835 0.4402441828 0.8568991098 0.7110708325 0.9050075334 0.8844591293 0.4746938309 0.9402187749 0.7382105758 0.4377663671 0.8599558171 0.9240955678 0.9624744267 0.9730547710 0.7000156903 0.5745765036 0.8118503253 0.9464383623 0.6250235177 0.4384215581 0.9976790117 0.4708722926 0.7811901385 0.8128952170 0.9702842677 0.6193748686 0.8785492467 0.9371783826 0.6851416578 0.8232595321
 0.1057401253 0.0654685809 0.0477693850 0.4089517600 0.1292428092 0.2710908311 0.1876208919 0.5521210897 0.1590115008 0.0115183795 0.1929792854 0.1672565695 0.1367668434 0.2560967948 0.0682023001 0.3933187761 0.0024611061 0.2182458929 0.0420492155 0.0587725122 0.1532689033 0.0064234293 0.0418764185 0.6882804535 0.5701795604 0.0812366321 0.2461198618 0.2983603119 0.3252949774 0.3486955364 0.0719217778 0.0072929981 0.2798925875 0.0891024681 0.2574941790 0.1471442925 0.4495285717 0.5000000000 0.7737140763 0.9727398224 0.5972073373 0.9119225230 0.5499102454 0.5863340093 0.7880969173 0.6101156455 0.4461215323 0.8877165928 0.3682282778 0.7170916648 0.7335873759 0.4600631651 0.7781882108 0.7650150295 0.5223118921 0.9849266649 0.6089690643 0.9193474099 0.8642457427 0.5841817703 0.6641588506 0.9932270602 0.9897024220 0.8606032795 0.2776821641 0.5384581609 0.7913053608 0.7998751015 0.8467245131 0.6600638107 0.8760752495 0.9656994558 0.9606289057 0.9902558907 0.6953558336 0.4494638043 0.7075688434 0.9123164766 0.7390780414 0.9750374125
 0.1896987383 0.2885930132 0.1859134938 0.1911286057 0.1881178189 0.2708594245 0.3349461999 0.0585914446 0.0729352949 0.2029041084 0.1191895075 0.0632778214 0.1264229683 0.1101676694 0.4468570584 0.2085951548 0.6265263912 0.2072237270 0.1849389802 0.6623420960 0.0442332406 0.0770901628 0.0727597063 0.3212905300 0.1929694164 0.4457664862 0.0020776848 0.0430710932 0.0821464696 0.0528796108 0.1125079607 0.0107157296 0.2067238797 0.4557363432 0.1461262457 0.3917008517 0.0581984695 0.2262859237 0.5000000000 0.8354717447 0.5750331035 0.6227441673 0.9600483292 0.8462989622 0.8260196082 0.9462180883 0.9078434567 0.9215537771 0.8796838845 0.8778151003 0.6807030739 0.8385587058 0.7758117479 0.8970179482 0.8916665992 0.5474871095 0.8297783490 0.9985273527 0.8016451131 0.5459994822 0.9616419495 0.6453089368 0.9223024172 0.9575738584 0.9831909602 0.5105663725 0.7860079645 0.9741649953 0.3284853509 0.8997006007 0.5813066630 0.8522095708 0.4742816511 0.9328855611 0.8894818807 0.4660627860 0.3842450530 0.9641184432 0.7353295201 0.9741358277
 0.0027080004 0.0217950302 0.4533245959 0.2525423376 0.5188094611 0.4179423065 0.2717503749 0.5209746132 0.6654689575 0.1815227302 0.0549245569 0.2314749731 0.0183010976 0.0431034005 0.3091312113 0.3253023836 0.0226057881 0.0088549368 0.2647193533 0.1292027913 0.2637836442 0.3483050019 0.0737101140 0.4633245824 0.0905972738 0.2010349858 0.5766010064 0.0149271670 0.3102389867 0.0264783191 0.4548903967 0.0737168101 0.0717709795 0.7261343019 0.3014654673 0.2899300064 0.2821720852 0.0272601776 0.1645282553 0.5000000000 0.4975902885 0.3242787013 0.3691260427 0.9547295615 0.6790398125 0.9596388384 0.7249348856 0.7392375046 0.8851886477 0.6897621927 0.7428888652 0.7384037426 0.9579086180 0.5553583623 0.8992622684 0.7287635330 0.9929031526 0.6771474041 0.4822187995 0.8934198225 0.6439698798 0.6118163422 0.2521229563 0.7503714921 0.7773453044 0.9772910836 0.7853070815 0.9471467366 0.2503074277 0.8683714950 0.6336266629 0.9755256517 0.8274359807 0.9177499777 0.9203214230 0.8602787803 0.9601154183 0.9640137926 0.8815731236 0.9267743726
 0.2834578816 0.0293615253 0.1453147392 0.6101892393 0.3984624797 0.2594704967 0.5484338071 0.0760612904 0.2338462595 0.4598640796 0.0278391644 0.2996087132 0.0092663278 0.2945474630 0.1461189094 0.1054427425 0.7115164149 0.4219487783 0.2984922007 0.2139292926 0.0367606249 0.0548261438 0.6051800410 0.4934042340 0.1146244021 0.0193030626 0.3431127204 0.5347678178 0.0479537797 0.4910477217 0.1510698426 0.4961177138 0.2918623780 0.2730460898 0.1816687760 0.0492380413 0.5951193436 0.4027926627 0.4249668965 0.5024097115 0.5000000000 0.7631318395 0.8603100358 0.3682661724 0.8363009663 0.7490003233 0.3326398966 0.5986087936 0.8700044254 0.8577377797 0.9143091485 0.8637912177 0.7000570547 0.9787752473 0.8895348398 0.9614962738 0.7844954335 0.9345312205 0.9642066763 0.9497770451 0.5285989679 0.7449886227 0.5202127740 0.9999726974 0.7738319902 0.8192636710 0.5189059147 0.4203557167 0.7027429616 0.5201957461 0.9197661189 0.9766110993 0.9532949494 0.4836857929 0.9904787870 0.6569626038 0.7759960001 0.8613976695 0.7569927418 0.8630101332
 0.0049999997 0.2387699954 0.6994248061 0.3491265787 0.0963206545 0.1700667558 0.1022112782 0.2283063305 0.5955655550 0.0440848145 0.5441106219 0.3694839950 0.4850023875 0.1536038276 0.1603754674 0.4574682053 0.0561874024 0.2795430807 0.5715016413 0.0479440701 0.1413376183 0.0650372337 0.2123980370 0.5218528024 0.6639893043 0.1995352588 0.0041251848 0.0910377239 0.4252730152 0.1766682458 0.0073088045 0.4986067339 0.2171358001 0.6050369436 0.1511763407 0.1240371500 0.2741822386 0.0880774770 0.3772558327 0.6757212987 0.2368681605 0.5000000000 0.6476951346 0.5331258724 0.7003567564 0.7624136477 0.6318844002 0.5094292438 0.5855814720 0.5786084858 0.7975999381 0.8098290811 0.5229043870 0.8810053416 0.8363169763 0.8576854526 0.5618266981 0.6139516533 0.8962806585 0.8858630719 0.8003761913 0.6469508328 0.8313054400 0.6453355156 0.7314027352 0.9315340636 0.5647282980 0.8337495026 0.9161243810 0.9710802536 0.5696804334 0.7028186845 0.6814824921 0.3948390899 0.8990654527 0.7942123685 0.9835494601 0.8702088479 0.8476797723 0.8731355390
 0.4393008747 0.4260515614 0.4604413392 0.1294156767 0.1435182522 0.7150962456 0.0669536579 0.2830488622 0.3060575233 0.3224136377 0.0406889290 0.3021314668 0.0420500621 0.1478548531 0.0389260451 0.0585095503 0.0093011511 0.3100516805 0.4663853255 0.0290805641 0.2219385042 0.1498799041 0.3707114847 0.2882042003 0.3399454686 0.5257107618 0.0363570915 0.3485942026 0.0982052085 0.2849105083 0.4536884264 0.1415491586 0.2545823295 0.2155465484 0.3725982739 0.1377258741 0.3796698112 0.4500897546 0.0399516708 0.6308739573 0.1396899642 0.3523048654 0.5000000000 0.3588724750 0.8986577539 0.2502815351 0.2171855897 0.5314599368 0.7279415762 0.8699234785 0.8215068445 0.5310204597 0.9386834563 0.7818677668 0.3094258530 0.9991833945 0.8441827697 0.8478418820 0.9723406053 0.7161123843 0.5403837758 0.5985941780 0.5862800311 0.4526666756 0.8330306301 0.7081083169 0.9292834818 0.5992932534 0.5502935274 0.8934512907 0.7834595361 0.3563169528 0.7713168035 0.4729934205 0.5281582396 0.5288639602 0.6654753917 0.6036437621 0.7454017388 0.8440359249
 0.2563986377 0.6585752070 0.2458398332 0.0231982169 0.2867880158 0.1031495519 0.3417376910 0.5123415168 0.6776101022 0.3090062816 0.2158178907 0.1807570453 0.0234275507 0.1278017542 0.4100335054 0.4465278316 0.7011514496 0.3517712319 0.2527217747 0.0613924308 0.1132916771 0.0669966903 0.0364592287 0.0918554627 0.2031761826 0.0891110899 0.3534381983 0.3916147158 0.0830828829 0.3498291711 0.4329123958 0.0721321171 0.5342369749 0.5670902358 0.1459392527 0.2521225398 0.1702771096 0.4136659907 0.1537010378 0.0452704385 0.6317338276 0.4668741276 0.6411275250 0.5000000000 0.4197927442 0.9060195000 0.6078631090 0.5606341729 0.9603773244 0.6112867489 0.9813938986 0.7659884998 0.7445286759 0.8683778272 0.7772401230 0.6067970015 0.9064243874 0.6907584239 0.8778381637 0.7942357521 0.8578147634 0.8348286073 0.9107935177 0.6718132300 0.9615704084 0.9529962416 0.8234187937 0.8526306267 0.7997028527 0.8036670182 0.8668344773 0.9660787297 0.6458037681 0.5244873712 0.9215600158 0.4543510168 0.4022277760 0.9097181895 0.6458496907 0.9941646305
 0.1190968045 0.1820903765 0.1720758339 0.4993936784 0.0674305968 0.4539337893 0.3078464934 0.4246313558 0.0297182794 0.0272810238 0.4340967863 0.2374048209 0.2364848678 0.0454625785 0.0674320398 0.5918055777 0.6268314778 0.2036310053 0.2051318012 0.5776673815 0.0271841947 0.0387129629 0.1703745198 0.1797404439 0.1645010836 0.0263734869 0.4262354798 0.0642204712 0.3013679952 0.4128736187 0.0375663929 0.2025682506 0.2306764825 0.0370027443 0.2916020993 0.5381221590 0.0015361789 0.2119030827 0.1739803918 0.3209601875 0.1636990337 0.2996432436 0.1013422461 0.5802072558 0.5000000000 0.5365715649 0.7565595544 0.8241176007 0.5039131466 0.9132539590 0.7712161746 0.8044179894 0.3893425587 0.4935632007 0.4783771303 0.9828501394 0.8951935285 0.2730931706 0.9032489944 0.6684113497 0.9183364639 0.9903281585 0.7972068638 0.8953084207 0.8164261902 0.9417230131 0.9798173394 0.6653575019 0.4623845221 0.5511961521 0.8760687590 0.9912129698 0.3408771538 0.6503794094 0.5155784140 0.9595355911 0.3941424966 0.8050160053 0.7182234878 0.7919585066
 0.0410970171 0.1176160653 0.3461047258 0.5961904074 0.7503708211 0.3894522644 0.0456712527 0.0224307370 0.3902802521 0.1028026590 0.0843194815 0.2392764107 0.0940057835 0.1646545758 0.0056753279 0.0098117864 0.0284489805 0.0096020396 0.3148637891 0.4938220877 0.1960251384 0.4702977186 0.0392928459 0.0496852989 0.0770327182 0.1532555889 0.0594333938 0.1909253230 0.1511773334 0.3294183007 0.3531548954 0.1273956508 0.4952100375 0.2727052092 0.3807511281 0.5194804148 0.5411891403 0.3898843545 0.0537819117 0.0403611616 0.2509996767 0.2375863523 0.7497184649 0.0939805000 0.4634284351 0.5000000000 0.9656592641 0.8452884683 0.9897581551 0.5251565117 0.9325602553 0.9246119832 0.6950375869 0.8431775479 0.7617945244 0.6615380702 0.5296194682 0.6750857707 0.8545751557 0.6589925780 0.7257384807 0.5778304281 0.9616002179 0.8379699191 0.6804466497 0.9396308841 0.3520611583 0.7596489429 0.9439300437 0.8097382730 0.7491005435 0.5608327335 0.6576702214 0.7785742208 0.6979642111 0.9139451153 0.3445720397 0.4710684716 0.7716205552 0.6902666181
 0.0560413020 0.5386500230 0.2332128297 0.1015679958 0.0590762615 0.0412160537 0.0753099401 0.2648357169 0.1695677635 0.4395222486 0.3965030103 0.0396055998 0.0827250099 0.5661398427 0.0403929536 0.2330807459 0.0468697626 0.1461835712 0.3047653280 0.0546211260 0.3140774255 0.3175649662 0.1766495311 0.0541545621 0.0664630618 0.5917171366 0.1218089102 0.1788965685 0.1616076939 0.4158314191 0.0574474827 0.1151320083 0.2482242795 0.1178917947 0.2677894850 0.4550421831 0.3691365116 0.5538784677 0.0921565433 0.2750651144 0.6673601034 0.3681155998 0.7828144103 0.3921368910 0.2434404456 0.0343407359 0.5000000000 0.9759291217 0.9856760573 0.9872543133 0.5298108413 0.9381282498 0.1718415691 0.4122412481 0.6787966420 0.4071301869 0.7670857064 0.8161714428 0.2904596707 0.9753683239 0.4039976421 0.4847851356 0.7465376896 0.8824166752 0.5755322120 0.4524198301 0.7276857305 0.8651909737 0.6909396536 0.9059737483 0.9294668248 0.8591868121 0.9352910725 0.9141440327 0.9257200953 0.2400469212 0.8563860587 0.8150314884 0.8465435445 0.9763465775
 0.4562823149 0.4370958919 0.0576353138 0.8600728369 0.0947277455 0.0806261188 0.4226238525 0.1962715111 0.4706505837 0.0873329606 0.1950427986 0.1054432431 0.0596765727 0.4491855904 0.0039958857 0.1882485756 0.0317057269 0.2029104554 0.2227140399 0.5894876954 0.3597435795 0.5071758850 0.1506660121 0.7119326595 0.1682911298 0.1280153507 0.1051480401 0.5892959749 0.0580007373 0.3359533353 0.0591273868 0.0295437453 0.4256758212 0.2068290613 0.5660069847 0.6024418632 0.0154494867 0.1122834072 0.0784462229 0.2607624954 0.4013912064 0.4905707562 0.4685400632 0.4393658271 0.1758823993 0.1547115317 0.0240708783 0.5000000000 0.7035703707 0.8269206136 0.8405093694 0.8403783604 0.9469202593 0.7911664425 0.8734033873 0.0556061444 0.7411364854 0.7603807482 0.8488367067 0.9032838088 0.8085782945 0.6664845989 0.9530562062 0.7821748730 0.7268229121 0.5841104504 0.4777793811 0.7923609914 0.9637121814 0.9932650277 0.8807990213 0.2392561280 0.3498698239 0.3325467750 0.9528830885 0.6467233973 0.5059821996 0.7313815479 0.3456704391 0.8930154909
 0.0548904357 0.1493823845 0.1456688807 0.0472671302 0.0005460873 0.4704597937 0.4225648973 0.2783875924 0.0435381537 0.1147267686 0.0224639925 0.0724826889 0.0145465748 0.3213649002 0.1926306695 0.1493126733 0.4651025315 0.4239084302 0.0845028545 0.0285044073 0.1339940013 0.3734885565 0.3656054471 0.1746430899 0.1607831006 0.1921341843 0.1897889668 0.3332634128 0.0668204427 0.4177159948 0.3221794427 0.0777059072 0.6907342432 0.1853582236 0.1968685954 0.0940679568 0.5179270616 0.6317717222 0.1203161155 0.1148113523 0.1299955746 0.4144185280 0.2720584238 0.0396226756 0.4960868534 0.0102418449 0.0143239427 0.2964296293 0.5000000000 0.8625995242 0.8533116705 0.6176063886 0.8245812343 0.5444301294 0.4929594700 0.6788003492 0.5450866581 0.7783787554 0.9556617297 0.6479006830 0.4799536544 0.4908213439 0.4652894698 0.5299901749 0.6219927757 0.8890840453 0.7119304783 0.7533041626 0.5201629809 0.3338113331 0.9284426727 0.9671255499 0.3259898372 0.9486345620 0.8860778231 0.8003293422 0.3337027198 0.7186944941 0.7120613146 0.8934707251
 0.4157381762 0.3632673725 0.0705466586 0.3593095813 0.1897613146 0.0929613551 0.3776167566 0.0406797939 0.0638016750 0.4477925239 0.0167619450 0.0670488417 0.1513800016 0.1059802965 0.1762549617 0.1144322446 0.0790723087 0.3125408951 0.4570611164 0.3261539531 0.2630582609 0.2824607350 0.3246501560 0.2734297069 0.0190914409 0.0250353430 0.1554300774 0.2100065873 0.3469591541 0.4862060413 0.5670160365 0.2704086268 0.1091247435 0.4131165939 0.3152227503 0.7140066685 0.3275454516 0.2829083352 0.1221848997 0.3102378073 0.1422622203 0.4213915142 0.1300765215 0.3887132511 0.0867460410 0.4748434883 0.0127456867 0.1730793864 0.1374004758 0.5000000000 0.9320680977 0.5220217208 0.8815071707 0.7178164823 0.9575885309 0.7113763362 0.9856045521 0.9349488455 0.9155830016 0.6593026118 0.9796377670 0.5806461165 0.4820213365 0.8150905304 0.9967380949 0.8974022867 0.6199340837 0.7557627227 0.4517854984 0.6153606477 0.8175399476 0.4444525078 0.6033216107 0.8950490992 0.9090307901 0.3342154789 0.6285308469 0.7288885344 0.3772588309 0.6227079115
 0.0101933219 0.3398209396 0.0145276261 0.1820318069 0.0524400999 0.5905140823 0.4153671378 0.0683772309 0.2343330341 0.0201708680 0.0101187663 0.0158530834 0.3683675150 0.0514039611 0.0431766263 0.0622189127 0.1032460932 0.4844588561 0.1120859847 0.2493103487 0.1465559374 0.0302259424 0.4533133350 0.1361128911 0.0429818063 0.0131391874 0.3982259445 0.0578382753 0.6417771048 0.3990155135 0.5192783581 0.5876054598 0.3869082112 0.1449470552 0.5164894317 0.1454211407 0.4445661165 0.2664126241 0.3192969261 0.2571111348 0.0856908515 0.2024000619 0.1784931555 0.0186061014 0.2287838254 0.0674397447 0.4701891587 0.1594906306 0.1466883295 0.0679319023 0.5000000000 0.7599349402 0.8499153530 0.6814206258 0.9210849133 0.5520642157 0.7311372052 0.8644739683 0.3901597562 0.5581863652 0.6398343308 0.7693404684 0.9517112226 0.8629951047 0.5123412695 0.6530024906 0.6472321503 0.6455733047 0.5668601605 0.8025483253 0.8076638252 0.7757993641 0.8880465098 0.6081219889 0.8054789277 0.5340402388 0.8733762784 0.4201143711 0.8451859268 0.3264472551
 0.4868617593 0.1245648445 0.3649187035 0.0052200291 0.3506908704 0.4122748670 0.1522207699 0.6758081678 0.1980112512 0.4864552288 0.1132361196 0.0150534516 0.8242364161 0.1963778521 0.2282165586 0.0571409196 0.4341774216 0.0163059638 0.1611952435 0.3141953651 0.0200170725 0.4218137367 0.0383816134 0.3034411209 0.2639715094 0.1029693889 0.7686098656 0.2758662009 0.0740926880 0.0654503677 0.2834105392 0.4708934936 0.0293564991 0.6008778265 0.4543595410 0.3364186461 0.5597558172 0.5399368349 0.1614412942 0.2615962574 0.1362087823 0.1901709189 0.4689795403 0.2340115002 0.1955820106 0.0753880168 0.0618717502 0.1596216396 0.3823936114 0.4779782792 0.2400650598 0.5000000000 0.8851107573 0.9686089645 0.9227279296 0.7169255428 0.6343884519 0.7069122173 0.8220318982 0.7394989858 0.9037610680 0.7756795811 0.9772731878 0.6517625689 0.9223512322 0.9231859150 0.8717337883 0.8267857022 0.7587746970 0.9607770246 0.8758992755 0.9723247385 0.6917155239 0.9507598253 0.4536749635 0.7307273818 0.9740051481 0.9400618065 0.7397302849 0.6686476028
 0.0470565272 0.2784484936 0.0767697237 0.6165028198 0.3868131959 0.0852046386 0.0737227127 0.0078250298 0.5064797991 0.6223608527 0.0667741640 0.2364832748 0.0484420434 0.0503343273 0.0292357081 0.0382787972 0.3792648729 0.4478795728 0.2341189847 0.3799303385 0.0803299104 0.8993815204 0.1953454477 0.4577214436 0.7408400705 0.0793003423 0.3803776042 0.0330963604 0.0907680368 0.4982732177 0.3223443631 0.0952423131 0.6813585797 0.0782088641 0.2815808595 0.2102070026 0.1431008902 0.2218117892 0.2241882521 0.0420913820 0.2999429453 0.4770956130 0.0613165437 0.2554713241 0.6106574413 0.3049624131 0.8281584309 0.0530797407 0.1754187657 0.1184928293 0.1500846470 0.1148892427 0.5000000000 0.7834829784 0.8414389723 0.6130266679 0.6057190266 0.9308099473 0.9591997960 0.9235759957 0.8012060835 0.8674703521 0.7827720047 0.0662812682 0.7146606101 0.9816668368 0.8926197019 0.4717972836 0.8734121611 0.9732966699 0.8977154768 0.5975912122 0.8572538957 0.9990347179 0.9794936826 0.7084742461 0.4142085976 0.5781680716 0.9162744866 0.9368385141
 0.3184229565 0.4064251837 0.3722015465 0.7163757432 0.0013195404 0.3179171275 0.1966090291 0.3621161639 0.0759045427 0.3939664944 0.5090391684 0.2271759751 0.0288964489 0.6797773081 0.1826187677 0.0943232787 0.1035944440 0.0089472522 0.0377177703 0.2018432846 0.0417754981 0.6892807428 0.0682042262 0.2184015984 0.0232616132 0.2635616487 0.2452402353 0.7566953420 0.6104877966 0.1453273678 0.0706721026 0.0940922703 0.0270747410 0.2734347733 0.1826907627 0.1075827858 0.2889291675 0.2349849705 0.1029820518 0.4446416377 0.0212247527 0.1189946584 0.2181322332 0.1316221728 0.5064367993 0.1568224521 0.5877587519 0.2088335575 0.4555698706 0.2821835177 0.3185793742 0.0313910355 0.2165170216 0.5000000000 0.8005209827 0.8186782455 0.9934223757 0.9633861571 0.4806434071 0.8872543609 0.5073509336 0.8995531272 0.5975666104 0.9346390137 0.1123285476 0.9761891404 0.4099656161 0.8783437177 0.9858552709 0.7681879729 0.8297752340 0.4156727274 0.5767991192 0.5586386792 0.6938999971 0.9461010912 0.8835421535 0.9255458812 0.3113102526 0.5898780522
 0.7850561222 0.2279095504 0.0685727057 0.0400917365 0.1350030592 0.0120255785 0.1836388949 0.2224980712 0.2346817261 0.2307932488 0.1691780665 0.0942132041 0.0694178851 0.1683007125 0.0396146057 0.0335642385 0.4061264945 0.0843651350 0.0319062122 0.0897407482 0.4121811958 0.0478192509 0.3353460791 0.0472562078 0.3818171742 0.4755731034 0.2698160957 0.0238736042 0.3793559968 0.3187037373 0.0006993477 0.1985649366 0.6014945431 0.6022683621 0.3708203393 0.3528512151 0.0949924666 0.4776881079 0.1083334008 0.1007377316 0.1104651602 0.1636830237 0.6905741470 0.2227598770 0.5216228697 0.2382054756 0.3212033580 0.1265966127 0.5070405300 0.0424114691 0.0789150867 0.0772720704 0.1585610277 0.1994790173 0.5000000000 0.9683806307 0.6629895791 0.6383516889 0.7325883819 0.7877041243 0.8296567190 0.9615686129 0.3196149629 0.8495984810 0.2478633239 0.7808640781 0.9476695072 0.5957959261 0.9691375776 0.9752501795 0.9697006193 0.6183712822 0.6376477593 0.4000916687 0.3879752985 0.8526471502 0.7855764781 0.5779272178 0.9737512417 0.6594484000
 0.0005311098 0.1888408408 0.1875840310 0.0350727218 0.5012945892 0.7195611492 0.2281705803 0.2616368800 0.1823760758 0.3900113482 0.3491128616 0.3650540131 0.3360987763 0.0528453148 0.1862159706 0.3144995879 0.0537105282 0.2446665297 0.3000027140 0.5280424593 0.3370940981 0.2828885400 0.0498227454 0.1887176140 0.1163973399 0.5176981842 0.0726652572 0.4937353869 0.2096489279 0.5904791450 0.3200187688 0.1449851179 0.1838934630 0.3239429743 0.3703898232 0.0356217624 0.1155408707 0.0150733351 0.4525128905 0.2712364670 0.0385037262 0.1423145474 0.0008166055 0.3932029985 0.0171498606 0.3384619298 0.5928698131 0.9443938556 0.3211996508 0.2886236638 0.4479357843 0.2830744572 0.3869733321 0.1813217545 0.0316193693 0.5000000000 0.5746538042 0.9909480136 0.7189354834 0.5892715805 0.9794461598 0.9723360130 0.9886622284 0.4774612928 0.1682384666 0.5078003753 0.7546202225 0.9490977469 0.3339873052 0.8440336446 0.7383759536 0.6666156182 0.9766289908 0.9952064966 0.6784380779 0.6486654020 0.3290634532 0.8817678599 0.6988694129 0.4723437081
 0.7166525194 0.2107356742 0.1029652467 0.4068400176 0.0917142121 0.0246110320 0.2628676137 0.1102763159 0.0511990912 0.1635554676 0.3935982515 0.0070223607 0.3739072896 0.7072042059 0.5245402196 0.3289976008 0.1020138886 0.0684872782 0.3189153717 0.2067869816 0.5126784193 0.4124433977 0.2474963860 0.0883466662 0.6367486641 0.4931036577 0.0828927448 0.0228283860 0.4216219892 0.2062329247 0.4989909354 0.0722309545 0.4536076788 0.1421498234 0.2343218881 0.2322108069 0.5253061691 0.3910309357 0.1702216510 0.0070968474 0.2155045665 0.4381733019 0.1558172303 0.0935756126 0.1048064715 0.4703805318 0.2329142936 0.2588635146 0.4549133419 0.0143954479 0.2688627948 0.3656115481 0.3942809734 0.0065776243 0.3370104209 0.4253461958 0.5000000000 0.5607616578 0.9869353543 0.9411442513 0.9373312773 0.6597637237 0.8095173808 0.8947310464 0.5967377615 0.9982944837 0.6497800979 0.5491560452 0.9119353519 0.5026469675 0.9043396646 0.9973158007 0.7360535602 0.7645445504 0.8068244878 0.9150704169 0.6786571011 0.9979648306 0.8506308396 0.6537566327
 0.2902557744 0.0317925464 0.0883169609 0.1300631309 0.0671645366 0.0358904140 0.4687844092 0.4563769785 0.7226002698 0.1977252414 0.2487866080 0.3699749244 0.5107341154 0.3105177179 0.0423695871 0.2949089091 0.0165266967 0.6754370071 0.0653597795 0.0106613442 0.2631052570 0.0387789386 0.0223191512 0.1500852367 0.3197891320 0.2512991522 0.2573889757 0.2184593322 0.0683826416 0.0324592762 0.1069223139 0.1938658241 0.1734284749 0.2100640229 0.2772886820 0.0688051605 0.0597812251 0.0806525901 0.0014726473 0.3228525959 0.0654687795 0.3860483467 0.1521581180 0.3092415761 0.7269068294 0.3249142293 0.1838285572 0.2396192518 0.2216212446 0.0650511545 0.1355260317 0.2930877827 0.0691900527 0.0366138429 0.3616483111 0.0090519864 0.4392383422 0.5000000000 0.8590501524 0.4907627739 0.8677991618 0.8876901300 0.7869631496 0.6682869044 0.5122667906 0.9978925099 0.7984718119 0.9874999329 0.8028076614 0.7412027031 0.9643926566 0.8415560737 0.6555813628 0.3297051063 0.4885531281 0.6854328926 0.3905171654 0.9391187184 0.7076754876 0.7583084611
 0.2431895384 0.7053039802 0.0034221703 0.1072333578 0.1524904569 0.6790313655 0.0698384353 0.1942764542 0.3732645103 0.5042434704 0.1231346772 0.1050482569 0.1489133859 0.1232113979 0.3340109812 0.1769472193 0.5417097329 0.5559343636 0.7950195000 0.3694809726 0.1381597085 0.4029630219 0.1526851738 0.3926687180 0.0051581818 0.4336446385 0.0208874424 0.0616216838 0.1428686808 0.3544336835 0.2113333883 0.3374707829 0.1383245894 0.3047164724 0.2200965494 0.4201284443 0.2617894242 0.1357542573 0.1983548869 0.5177812005 0.0357933237 0.1037193415 0.0276593947 0.1221618363 0.0967510056 0.1454248443 0.7095403293 0.1511632933 0.0443382703 0.0844169984 0.6098402438 0.1779681018 0.0408002040 0.5193565929 0.2674116181 0.2810645166 0.0130646457 0.1409498476 0.5000000000 0.9321027238 0.6671626693 0.2628260228 0.8932835156 0.9426312283 0.8627977933 0.5987047311 0.9683634659 0.3945730702 0.8509768239 0.6433231135 0.7404912256 0.9564573933 0.7695979923 0.3714756132 0.9552825783 0.7532829937 0.9922528446 0.5283039042 0.6920810233 0.7877514041
 0.1467324137 0.4145125347 0.1555348227 0.6630526824 0.4563078303 0.2572573336 0.3277044667 0.0070926169 0.0504603346 0.7015480937 0.0199369630 0.3478776519 0.0555895120 0.4954540960 0.2366890754 0.0442172589 0.2187085761 0.1723264939 0.1014867261 0.5843176369 0.2310507659 0.1799783802 0.5446282572 0.3292016003 0.1714619944 0.1971709192 0.4296830114 0.1120116053 0.3619164027 0.7252955420 0.1539090591 0.0997319927 0.6795994768 0.2933930179 0.4784617669 0.1936057674 0.5622336329 0.4158182297 0.4540005178 0.1065801775 0.0502229549 0.1141369281 0.2838876157 0.2057642479 0.3315886503 0.3410074220 0.0246316761 0.0967161912 0.3520993170 0.3406973882 0.4418136348 0.2605010142 0.0764240043 0.1127456391 0.2122958757 0.4107284195 0.0588557487 0.5092372261 0.0678972762 0.5000000000 0.7633028964 0.5506840624 0.5812548708 0.7741734877 0.7809620344 0.9908940533 0.9536295117 0.9340482353 0.4891036505 0.6395777790 0.8336104910 0.6176631488 0.9701609513 0.6996853208 0.4276632985 0.8634307331 0.9121530280 0.7960679799 0.8242456702 0.3597117302
 0.6029085694 0.3602843723 0.3396138257 0.4689096065 0.1965878736 0.1505465061 0.1789800448 0.4031014800 0.0588452025 0.3928770125 0.2523124095 0.1393700505 0.0070672431 0.4657451129 0.2845360191 0.2830111959 0.1635666477 0.3146749114 0.1717232786 0.2231452505 0.0036697654 0.1967525491 0.0955762184 0.3790928165 0.0742812062 0.2529107175 0.2587492787 0.2295518988 0.7396301222 0.2009242800 0.0405350014 0.4632558741 0.7823373403 0.3713345574 0.1300755291 0.0391605421 0.1400441829 0.3358411494 0.0383580505 0.3560301202 0.4714010321 0.1996238087 0.4596162242 0.1421852366 0.0816635361 0.2742615193 0.5960023579 0.1914217055 0.5200463456 0.0203622330 0.3601656692 0.0962389320 0.1987939165 0.4926490664 0.1703432810 0.0205538402 0.0626687227 0.1322008382 0.3328373307 0.2366971036 0.5000000000 0.9613972494 0.7654173350 0.8965087500 0.9805379164 0.4323797417 0.9088671877 0.5403395612 0.9728831711 0.9036034112 0.9602620345 0.9781194504 0.9614359597 0.8133629056 0.5474027739 0.8636943307 0.8807861765 0.9646224327 0.9665736301 0.8186000152
 0.5398617743 0.4326403512 0.4186414460 0.2318360997 0.4419337674 0.7314605680 0.5262437768 0.1636416312 0.1091429065 0.1413001404 0.3242500473 0.0133966822 0.2892513723 0.2900750455 0.0080231036 0.3531451360 0.5597221829 0.1800659191 0.0370904691 0.4178918018 0.0747072395 0.3366910703 0.0640105917 0.3356213648 0.1014263831 0.1552335935 0.0332003481 0.1296217764 0.4873511418 0.8006771525 0.0598781032 0.4271680872 0.1453429665 0.4620209237 0.6125044115 0.3012050396 0.0759044322 0.0067729398 0.3546910632 0.3881836578 0.2550113773 0.3530491672 0.4014058220 0.1651713927 0.0096718415 0.4221695719 0.5152148644 0.3335154011 0.5091786561 0.4193538835 0.2306595316 0.2243204189 0.1325296479 0.1004468728 0.0384313871 0.0276639870 0.3402362763 0.1123098700 0.7371739772 0.4493159376 0.0386027506 0.5000000000 0.9790875013 0.6480358327 0.8249128178 0.8340871042 0.5689804447 0.9409782734 0.8391228650 0.3582302968 0.9729260445 0.8451260066 0.9036111821 0.7693574673 0.6931969618 0.7575914363 0.6874402584 0.8829572712 0.8747427924 0.5333375775
 0.3384137220 0.6526970077 0.4113130049 0.1169185799 0.2040693964 0.0395212713 0.5134438071 0.5131059154 0.0147631837 0.2259682390 0.4114317567 0.2742028504 0.2351790734 0.0629416594 0.3743674369 0.6738602172 0.0793951885 0.0091416179 0.3288600946 0.1414346892 0.2469158711 0.3025430212 0.5385126948 0.2444459730 0.3690370983 0.4086219520 0.0331977600 0.2660102480 0.1493020539 0.1509181189 0.0031327458 0.1416865322 0.4044630518 0.3816872191 0.2558292230 0.2176732830 0.0375255733 0.0102975780 0.0776975828 0.7478770437 0.4797872260 0.1686945600 0.4137199689 0.0892064823 0.2027931362 0.0383997821 0.2534623104 0.0469437938 0.5347105302 0.5179786635 0.0482887774 0.0227268122 0.2172279953 0.4024333896 0.6803850371 0.0113377716 0.1904826192 0.2130368504 0.1067164844 0.4187451292 0.2345826650 0.0209124987 0.5000000000 0.9361960056 0.8214745033 0.6142053181 0.5195015373 0.9847939996 0.9083164324 0.4803229950 0.8431045504 0.9632468384 0.9655882110 0.7376110750 0.8569402282 0.7613290464 0.7689361532 0.5902470790 0.6582684266 0.7185082799
 0.1872591337 0.0403326992 0.5792872593 0.1585324290 0.2344767776 0.5098159911 0.3079407011 0.1979600949 0.0298927224 0.4916659024 0.1143377919 0.0533574404 0.0133479185 0.6303137573 0.3585628850 0.5439404225 0.3246948938 0.0791420565 0.2317034117 0.4236415504 0.6476487843 0.5483696589 0.2643907564 0.2544000156 0.5263007367 0.4833363547 0.4433186012 0.0913985080 0.0255534363 0.1010015174 0.3654570729 0.2952771929 0.1758323468 0.2130460061 0.3275440497 0.0803041197 0.0269452290 0.1393967205 0.0424261416 0.2496285079 0.0000273026 0.3546644844 0.5473333244 0.3281867700 0.1046915793 0.1620300809 0.1175833248 0.2178251270 0.4700098251 0.1849094696 0.1370048953 0.3482374311 0.9337187318 0.0653609863 0.1504015190 0.5225387072 0.1052689536 0.3317130956 0.0573687717 0.2258265123 0.1034912500 0.3519641673 0.0638039944 0.5000000000 0.2607703492 0.8427422843 0.9062170993 0.3619225202 0.8997307564 0.3987846613 0.5995964443 0.7964179960 0.9649042984 0.9406110844 0.8943789298 0.4987817455 0.6218614355 0.9811865884 0.9757327633 0.8672584594
 0.4523630427 0.2815069129 0.0303783175 0.4708946021 0.1088219484 0.2002538954 0.4650664875 0.4071716871 0.0687557659 0.0106361925 0.1342071852 0.2977767414 0.3888269050 0.2610488699 0.2793953779 0.1423767509 0.0206284352 0.5528104830 0.1108061677 0.7580157359 0.1137177722 0.3783688744 0.6598293078 0.2769134227 0.5742990239 0.0004997254 0.2906684378 0.1767244756 0.0104097118 0.0891462818 0.1083369445 0.3012886688 0.0218889371 0.1125609877 0.0502452450 0.0130387651 0.2999843097 0.7223178359 0.0168090398 0.2226546956 0.2261680098 0.2685972648 0.1669693699 0.0384295916 0.1835738098 0.3195533503 0.4244677880 0.2731770879 0.3780072243 0.0032619051 0.4876587305 0.0776487678 0.2853393899 0.8876714524 0.7521366761 0.8317615334 0.4032622385 0.4877332094 0.1372022067 0.2190379656 0.0194620836 0.1750871822 0.1785254967 0.7392296508 0.5000000000 0.8013304212 0.7733673392 0.6738431603 0.3666538457 0.7802319606 0.7703871140 0.9498346819 0.3083748713 0.6338454399 0.9949638999 0.6970543852 0.7596519416 0.8783746446 0.9576774263 0.5929762957
 0.3268895931 0.4900785670 0.4706727183 0.0450444564 0.3955801910 0.0811033978 0.2032019720 0.0191662961 0.0902436542 0.2507304011 0.2111418688 0.2740765501 0.4217844908 0.2148262227 0.6818992947 0.4378305581 0.2859446456 0.3630497262 0.1972715198 0.4986817369 0.1930370899 0.3212117679 0.4066699304 0.3706812511 0.3159280010 0.5606007518 0.1840912956 0.7664538653 0.8602274252 0.5125153297 0.5702834655 0.2843514334 0.1845130243 0.2704121656 0.0585876756 0.1787802754 0.4254234964 0.4615418391 0.4894336275 0.0227089164 0.1807363290 0.0684659364 0.2918916831 0.0470037584 0.0582769869 0.0603691159 0.5475801699 0.4158895496 0.1109159547 0.1025977133 0.3469975094 0.0768140850 0.0183331632 0.0238108596 0.2191359219 0.4921996247 0.0017055163 0.0021074901 0.4012952689 0.0091059467 0.5676202583 0.1659128958 0.3857946819 0.1572577157 0.1986695788 0.5000000000 0.9556222172 0.8044191640 0.9485917364 0.5897982108 0.9733146978 0.5509188002 0.4644017404 0.9733337059 0.6958203620 0.5154547671 0.9053700839 0.6370810613 0.7204763309 0.8250686158
 0.0152654827 0.7362348331 0.0916895993 0.0957769376 0.0230864159 0.0374389353 0.4864778095 0.1179147258 0.2787599027 0.8617412399 0.0084652949 0.2125876856 0.4206812530 0.1334219084 0.1486796217 0.7775932015 0.4113817940 0.2085300299 0.2879554331 0.0140112504 0.1438810354 0.4078101174 0.1220871021 0.2666353075 0.3388589289 0.5055606354 0.4646969404 0.0255241374 0.0597980410 0.1378832689 0.2889042251 0.1484099255 0.6401283747 0.4131036257 0.1403890190 0.1570928599 0.1881496747 0.2086946392 0.2139920355 0.2146929185 0.4810940853 0.4352717020 0.0707165182 0.1765812063 0.0201826606 0.6479388417 0.2723142695 0.5222206189 0.2880695217 0.3800659163 0.3527678497 0.1282662117 0.1073802981 0.5900343839 0.0523304928 0.2453797775 0.3502199021 0.2015281881 0.0316365341 0.0463704883 0.0911328123 0.4310195553 0.4804984627 0.0937829007 0.2266326608 0.0443777828 0.5000000000 0.9916292986 0.7190424872 0.7298152684 0.9171866575 0.7610135160 0.5108411505 0.7046575904 0.9947857076 0.9784831512 0.2989675771 0.5055070180 0.7869700774 0.8703629938
 0.1256074914 0.2539563472 0.6652749956 0.0181975936 0.0077913363 0.4631541164 0.0629426796 0.1464946431 0.2225912249 0.2513897831 0.0628359489 0.1602393250 0.0148238412 0.5863052578 0.3683308291 0.0060966903 0.2718839420 0.1431095406 0.2733992795 0.1180366845 0.3179493813 0.5309070785 0.2081249773 0.0513704159 0.0356145934 0.0978074417 0.3548515797 0.3028928507 0.1943468109 0.5856315641 0.4053048967 0.2447676131 0.1458539934 0.1798740312 0.3712295370 0.6597576823 0.0535616377 0.2001248985 0.0258350047 0.0528532634 0.5796442833 0.1662504974 0.4007067466 0.1473693733 0.3346424981 0.2403510571 0.1348090263 0.2076390086 0.2466958374 0.2442372773 0.3544266953 0.1732142978 0.5282027164 0.1216562823 0.4042040739 0.0509022531 0.4508439548 0.0125000671 0.6054269298 0.0659517647 0.4596604388 0.0590217266 0.0152060004 0.6380774798 0.3261568397 0.1955808360 0.0083707014 0.5000000000 0.6997769591 0.3199520495 0.7025279715 0.4070591996 0.7139497417 0.6213670006 0.9766687073 0.5793883855 0.9238872604 0.5162897008 0.3263190687 0.9198471511
 0.0655040854 0.4030000589 0.1032505921 0.4912703236 0.2391638699 0.0327261991 0.1571924607 0.0663431422 0.0788893762 0.2151022306 0.0671406255 0.4948308264 0.3576383994 0.0897167778 0.1498203002 0.3961864957 0.0096813235 0.1509245742 0.1423331587 0.1826190867 0.6556973503 0.3064308606 0.0264331369 0.0419371951 0.1844447825 0.0073979248 0.5392129346 0.6040656788 0.4486132736 0.6934863949 0.3584197781 0.6039143223 0.4332732448 0.1047613380 0.2112517391 0.2414694771 0.3749764823 0.1532754869 0.6715146491 0.7496925723 0.2972570384 0.0838756190 0.4497064726 0.2002971473 0.5376154779 0.0560699563 0.3090603464 0.0362878186 0.4798370191 0.5482145016 0.4331398395 0.2412253030 0.1265878389 0.0141447291 0.0308624224 0.6660126948 0.0880646481 0.1971923386 0.1490231761 0.5108963495 0.0271168289 0.1608771350 0.0916835676 0.1002692436 0.6333461543 0.0514082636 0.2809575128 0.3002230409 0.5000000000 0.6348538934 0.5488036166 0.7825228496 0.7804622829 0.8864145487 0.7024342609 0.9930501906 0.7033987758 0.3748525798 0.6070123198 0.9149038763
 0.5505976062 0.2856881380 0.2148257635 0.3271879233 0.1703063512 0.0474906913 0.1849188747 0.1482252890 0.5664499981 0.3705432184 0.4941505769 0.4944359001 0.2136026420 0.0807834031 0.1350025601 0.4367713590 0.0809556121 0.3714654329 0.0893148969 0.0735361519 0.0813679427 0.6794048047 0.4294382531 0.0609895879 0.1116917000 0.7265475588 0.5654919629 0.6684042006 0.3140765004 0.1513239134 0.3623981634 0.1033522069 0.2183145323 0.0270523700 0.3257467275 0.1887708927 0.5615784419 0.3399361893 0.1002993993 0.1316285050 0.4798042539 0.0289197464 0.1065487093 0.1963329818 0.4488038479 0.1902617270 0.0940262517 0.0067349723 0.6661886669 0.3846393523 0.1974516747 0.0392229754 0.0267033301 0.2318120271 0.0247498205 0.1559663554 0.4973530325 0.2587972969 0.3566768865 0.3604222210 0.0963965888 0.6417697032 0.5196770050 0.6012153387 0.2197680394 0.4102017892 0.2701847316 0.6800479505 0.3651461066 0.5000000000 0.8453709868 0.9654444385 0.9328584185 0.8491867050 0.7014197360 0.7551536405 0.4611741395 0.8056307816 0.7390762122 0.9160975925
 0.3943241158 0.0449794996 0.3713519902 0.4082751335 0.1313920537 0.2366869931 0.1991552512 0.1332966245 0.2247812638 0.4159394804 0.0412994518 0.0510820196 0.3518129424 0.1885750962 0.1492106111 0.2274124623 0.3209442645 0.4913148540 0.5300013084 0.0345625962 0.2673043289 0.2574202379 0.4546559721 0.0498154285 0.8288835843 0.3001737623 0.4713857696 0.4935804893 0.0309477169 0.1079345862 0.0076989348 0.0822568825 0.0964855324 0.1763384579 0.4298844316 0.1316045490 0.0023209883 0.1239247505 0.4186933370 0.3663733371 0.0802338811 0.4303195666 0.2165404639 0.1331655227 0.1239312410 0.2508994565 0.0705331752 0.1192009787 0.0715573273 0.1824600524 0.1923361748 0.1241007245 0.1022845232 0.1702247660 0.0302993807 0.2616240464 0.0956603354 0.0356073434 0.2595087744 0.1663895090 0.0397379655 0.0270739555 0.1568954496 0.4004035557 0.2296128860 0.0266853022 0.0828133425 0.2974720285 0.4511963834 0.1546290132 0.5000000000 0.7803716788 0.3214149862 0.9693375512 0.5719785616 0.1000183825 0.6426449915 0.6175680688 0.6257244728 0.9340872993
 0.0333467137 0.2464529619 0.7018069152 0.2049288359 0.0207302515 0.0883301202 0.1884313326 0.1406924562 0.0748836566 0.4101418698 0.2177962642 0.0797910086 0.3496750165 0.1604092909 0.1096033575 0.4251537583 0.1953592159 0.1893337689 0.3233627322 0.1625607380 0.4730842032 0.6642190160 0.3527702047 0.0012478109 0.1671710338 0.6077839038 0.4018090419 0.0064736498 0.2911325234 0.1329616660 0.1148959182 0.0976180006 0.0892709046 0.2957518238 0.2943615641 0.3928586214 0.5291277074 0.0343005442 0.1477904292 0.0244743483 0.0233889007 0.2971813155 0.6436830472 0.0339212703 0.0087870302 0.4391672665 0.1408131879 0.7607438720 0.0328744501 0.5555474922 0.2242006359 0.0276752615 0.4024087878 0.5843272726 0.3816287178 0.3333843818 0.0026841993 0.1584439263 0.0435426067 0.3823368512 0.0218805496 0.1548739934 0.0367531616 0.2035820040 0.0501653181 0.4490811998 0.2389864840 0.5929408004 0.2174771504 0.0345555615 0.2196283212 0.5000000000 0.8932401791 0.9445918213 0.7743451464 0.6033642966 0.9750440949 0.8743124583 0.4217890001 0.6924701716
 0.4311210506 0.0203991977 0.2045967017 0.0742457629 0.3928190780 0.6263312157 0.1505312938 0.0944793045 0.3537222302 0.6538559031 0.4689344516 0.3071916050 0.1357716135 0.3132516924 0.0535086575 0.3951367990 0.1976996429 0.0982291431 0.1427767907 0.2913243694 0.4489162570 0.2845617986 0.1885907389 0.2097763591 0.1562781866 0.2550110109 0.2219454364 0.2107612827 0.2273432169 0.5513262293 0.0623649265 0.1231907497 0.0818469183 0.9351457171 0.5568233458 0.4877563429 0.2188098615 0.0393710943 0.5257183489 0.1725640193 0.0467050506 0.3185175079 0.2286831965 0.3541962319 0.6591228462 0.3423297786 0.0647089275 0.6501301761 0.6740101628 0.3966783893 0.1119534902 0.3082844761 0.1427461043 0.4232008808 0.3623522407 0.0233710092 0.2639464398 0.3444186372 0.2304020077 0.0298390487 0.0385640403 0.0963888179 0.0344117890 0.0350957016 0.6916251287 0.5355982596 0.4891588495 0.2860502583 0.2195377171 0.0671415815 0.6785850138 0.1067598209 0.5000000000 0.9684005943 0.5501565786 0.8159962785 0.9536305078 0.5949339586 0.6347634644 0.9964809432
 0.1626145740 0.0966793484 0.0996113853 0.4515492512 0.5012432545 0.1558465258 0.1007380015 0.1668047467 0.0223162952 0.1509783436 0.4712737340 0.3108286148 0.1229895281 0.1611840637 0.1363291411 0.1142531642 0.3509186429 0.0076770724 0.7499108791 0.0494670201 0.4380200694 0.0445476417 0.1178916453 0.4085034799 0.7419042994 0.0123586962 0.4986345146 0.2037120303 0.6137047891 0.0410977565 0.2155595815 0.0373039320 0.7299812174 0.3868185809 0.4328217563 0.1929173592 0.1871047830 0.0097441093 0.0671144389 0.0822500223 0.5163142071 0.6051609101 0.5270065795 0.4755126288 0.3496205906 0.2214257792 0.0858559673 0.6674532250 0.0513654380 0.1049509008 0.3918780111 0.0492401747 0.0009652821 0.4413613208 0.5999083313 0.0047935034 0.2354554496 0.6702948937 0.6285243868 0.3003146792 0.1866370944 0.2306425327 0.2623889250 0.0593889156 0.3661545601 0.0266662941 0.2953424096 0.3786329994 0.1135854513 0.1508132950 0.0306624488 0.0554081787 0.0315994057 0.5000000000 0.4832130544 0.9034234857 0.9665143005 0.9317212031 0.9040232198 0.8645606465
 0.1716550750 0.3138222972 0.4106255893 0.0140397116 0.3391786414 0.0133600646 0.1591277125 0.1261281674 0.5818386157 0.2992091603 0.0392925588 0.1592923449 0.3481146073 0.4377448517 0.7328933622 0.0040187672 0.0294596137 0.4109157912 0.2591886990 0.2586100916 0.1003707679 0.1194888631 0.0028244221 0.2970050495 0.5759543497 0.1136839700 0.1022420374 0.5694185780 0.4191401243 0.1105557722 0.0539664124 0.0192942257 0.1595174879 0.4167855109 0.0931329570 0.1560137224 0.0297157323 0.3046441664 0.1105181193 0.0796785770 0.0095212130 0.1009345473 0.4718417604 0.0784399842 0.4844215860 0.3020357889 0.0742799047 0.0471169115 0.1139221769 0.0909692099 0.1945210723 0.5463250365 0.0205063174 0.3061000029 0.6120247015 0.3215619221 0.1931755122 0.5114468719 0.0447174217 0.5723367015 0.4525972261 0.3068030382 0.1430597718 0.1056210702 0.0050361001 0.3041796380 0.0052142924 0.0233312927 0.2975657391 0.2985802640 0.4280214384 0.2256548536 0.4498434214 0.5167869456 0.5000000000 0.8054416825 0.8716778394 0.7931568186 0.7854935842 0.5561336803
 0.1076759200 0.4113475176 0.0579082951 0.4297460334 0.0745365807 0.0110176974 0.0792418223 0.3945019715 0.1550809725 0.0998756760 0.2126809772 0.4594672070 0.5794795794 0.0961263904 0.0146015870 0.0338295770 0.1386872297 0.0392418950 0.0831162134 0.4184729898 0.2089709450 0.1728254306 0.3784442278 0.3470146412 0.3191433923 0.1692899600 0.2011966248 0.1913686225 0.5937994618 0.1237670121 0.2682453676 0.2336120452 0.7125312641 0.1847374539 0.2670174934 0.1545006332 0.3806251314 0.5505361957 0.5339372140 0.1397212197 0.3430373962 0.2057876315 0.4711360398 0.5456489832 0.0404644089 0.0860548847 0.7599530788 0.3532766027 0.1996706578 0.6657845211 0.4659597612 0.2692726182 0.2915257539 0.0538989088 0.1473528498 0.3513345980 0.0849295831 0.3145671074 0.2467170063 0.1365692669 0.1363056693 0.2424085637 0.2386709536 0.5012182545 0.3029456148 0.4845452329 0.0215168488 0.4206116145 0.0069498094 0.2448463595 0.8999816175 0.3966357034 0.1840037215 0.0965765143 0.1945583175 0.5000000000 0.9577386865 0.8459377783 0.7110312390 0.3091892137
 0.3323652473 0.0231437187 0.0663319905 0.3072831599 0.3291402523 0.2505450590 0.3925625794 0.1049197206 0.0343497061 0.1977529755 0.3142260250 0.1628195067 0.2146149363 0.2666374306 0.3690130670 0.2620838004 0.1567330890 0.1078970309 0.0427836237 0.0134750353 0.1903299426 0.5002004467 0.0325663097 0.1673222472 0.4489676146 0.0563840755 0.0970676132 0.3764858387 0.0538383632 0.2039010791 0.1213984733 0.1362902884 0.4139932645 0.3829165233 0.1164860589 0.4282942908 0.1214507533 0.2924311566 0.6157549470 0.0398845817 0.2240039999 0.0164505399 0.3345246083 0.5977722240 0.6058575034 0.6554279603 0.1436139413 0.4940178004 0.6662972802 0.3714691531 0.1266237216 0.0259948519 0.5857914024 0.1164578465 0.2144235219 0.6709365468 0.3213428989 0.6094828346 0.0077471554 0.0878469720 0.1192138235 0.3125597416 0.2310638468 0.3781385645 0.2403480584 0.0946299161 0.7010324229 0.0761127396 0.2966012242 0.5388258605 0.3573550085 0.0249559051 0.0463694922 0.0334856995 0.1283221606 0.0422613135 0.5000000000 0.4581686555 0.4427349067 0.6555218265
 0.6537835273 0.0861719436 0.1053671803 0.1468512587 0.3716812567 0.2977356203 0.1026595187 0.2146369044 0.0295429948 0.0015512989 0.3842458320 0.1979532282 0.1624693645 0.2962558204 0.1746243394 0.2376786858 0.1511404422 0.2675152422 0.3756758451 0.6516913669 0.1524085246 0.0180893984 0.0330073190 0.2487292028 0.2802354667 0.4956480165 0.2138525219 0.1672636069 0.2738322240 0.1717936682 0.4521822717 0.3039074601 0.0635535568 0.3270127970 0.1457322870 0.0664195496 0.0628216174 0.0876835234 0.0358815568 0.0359862074 0.1386023305 0.1297911521 0.3963562379 0.0902818105 0.1949839947 0.5289315284 0.1849685116 0.2686184521 0.2813055059 0.2711114656 0.5798856289 0.0599381935 0.4218319284 0.0744541188 0.4220727822 0.1182321401 0.0020351694 0.0608812816 0.4716960958 0.2039320201 0.0353775673 0.1170427288 0.4097529210 0.0188134116 0.1216253554 0.3629189387 0.4944929820 0.4837102992 0.6251474202 0.1943692184 0.3824319312 0.1256875417 0.4050660414 0.0682787969 0.2068431814 0.1540622217 0.5418313445 0.5000000000 0.8981631116 0.5352714831
 0.0967671737 0.0237776923 0.1581959345 0.5009412404 0.1541213374 0.4952485251 0.0620583937 0.1344048948 0.3492547773 0.0410243716 0.2115501898 0.2548274068 0.1069596635 0.2543799621 0.1126614235 0.1790370785 0.3611804293 0.0891342068 0.0516801981 0.1489796991 0.0949053764 0.3627594193 0.3302439158 0.3330860798 0.7299670465 0.2154953774 0.1334393317 0.3268534369 0.2671283199 0.0195630335 0.0521948498 0.4727756742 0.1600165077 0.1334120033 0.0182669110 0.3088452426 0.3148583422 0.2609219586 0.2646704799 0.1184268764 0.2430072582 0.1523202277 0.2545982612 0.3541503093 0.2817765122 0.2283794448 0.1534564555 0.6543295609 0.2879386854 0.6227411691 0.1548140732 0.2602697151 0.0837255134 0.6886897474 0.0262487583 0.3011305871 0.1493691604 0.2923245124 0.3079189767 0.1757543298 0.0334263699 0.1252572076 0.3417315734 0.0242672367 0.0423225737 0.2795236691 0.2130299226 0.6736809313 0.3929876802 0.2609237878 0.3742755272 0.5782109999 0.3652365356 0.0959767802 0.2145064158 0.2889687610 0.5572650933 0.1018368884 0.5000000000 0.4226388797
 0.0778513913 0.3963042129 0.0930765693 0.6105051000 0.1276559559 0.0603281673 0.0905804109 0.0796762832 0.0711867196 0.3885796541 0.4293698136 0.1223850012 0.0563369970 0.0194766982 0.1394719714 0.3496432704 0.2744241448 0.5637811261 0.0623925716 0.1811419836 0.0404942845 0.5743018104 0.0699207176 0.3366381674 0.3328344973 0.0828316816 0.1106808404 0.5915847133 0.1071342450 0.0865832583 0.5058007793 0.4357800077 0.3163825710 0.6299161047 0.3574107199 0.6199580635 0.1767404679 0.0249625875 0.0258641723 0.0732256274 0.1369898668 0.1268644610 0.1559640751 0.0058353695 0.2080414934 0.3097333819 0.0236534225 0.1069845091 0.1065292749 0.3772920885 0.6735527449 0.3313523972 0.0631614859 0.4101219478 0.3405516000 0.5276562919 0.3462433673 0.2416915389 0.2122485959 0.6402882698 0.1813999848 0.4666624225 0.2814917201 0.1327415406 0.4070237043 0.1749313842 0.1296370062 0.0801528489 0.0850961237 0.0839024075 0.0659127007 0.3075298284 0.0035190568 0.1354393535 0.4438663197 0.6908107863 0.3444781735 0.4647285169 0.5773611203 0.5000000000
]
