n: 80

c:
[
 0.5000000000 0.8097517036 0.9589683341 0.7874087607 0.7240174031 0.5299301632 0.8901335878 0.9700810764 0.4694176498 0.8472941892 0.7650868555 0.8643172613 0.8833200014 0.7926696093 0.5987507234 0.8521433063 0.6503458838 0.8083982561 0.9522655911 0.6085271987 0.7538719085 0.5091648917 0.4080479239 0.8140799652 0.7019521561 0.6919745420 0.8430372100 0.8936767435 0.9088514735 0.9610867804 0.6962186152 0.9072721127 0.3249732283 0.8602149094 0.1660584759 0.9247025656 0.9678399277 0.5082429026 0.9385261074 0.8228933778 0.9816526051 0.6411081269 0.8855132390 0.5973387910 0.8899597261 0.9382120053 0.7368481338 0.8858948030 0.5555649749 0.9156938482 0.5910393340 0.6712694599 0.4205204901 0.6646961516 0.9099183187 0.8923704442 0.9554462889 0.6790244160 0.9340477167 0.9721876148 0.6067795821 0.5366796518 0.1796161012 0.4153629946 0.6329717679 0.5086897469 0.9741210106 0.9198762218 0.8389528942 0.4396968188 0.9872215820 0.6134362535 0.6810263356 0.9704830256 0.7022236800 0.9706898082 0.9087852331 0.6358968884 0.9295211715 0.1364829268
 0.1902482964 0.5000000000 0.5903238710 0.7445518683 0.3828507788 0.7707481160 0.9026299457 0.6535088192 0.6575610679 0.9627245606 0.7830428946 0.8667954296 0.7845002292 0.9430603048 0.9457107364 0.9600625335 0.4477140341 0.9907500287 0.8826354738 0.8284441681 0.3381010825 0.9361968598 0.4122510617 0.8436222256 0.7326437961 0.8680167271 0.7613551084 0.8251205463 0.5252795621 0.6544321376 0.8074214852 0.9731482241 0.8899952971 0.8238644289 0.2809567615 0.8626930806 0.7724661359 0.7886996504 0.5204023756 0.8737099035 0.7018794363 0.9612910845 0.7525890756 0.9808407256 0.2071316191 0.9614358464 0.7867162341 0.8385711689 0.8402488976 0.8390612743 0.7249599134 0.8559839802 0.4625515175 0.8545148761 0.4874228245 0.8183594063 0.9398648328 0.8511540553 0.9161046667 0.7998575069 0.5265684804 0.6278787141 0.9285393278 0.6927869989 0.8864655522 0.8714349186 0.5292881904 0.7366330635 0.8834299595 0.9868442811 0.6576204566 0.6089999628 0.6306186534 0.3694663053 0.9419796483 0.9955279938 0.9289292933 0.8771166983 0.9095423021 0.9179422164
 0.0410316659 0.4096761290 0.5000000000 0.8893674892 0.9862678070 0.8971361924 0.8187849933 0.8699956369 0.8174205490 0.9510044443 0.2039572941 0.8724612890 0.7223735401 0.1814711037 0.3818343728 0.9277963788 0.9606036447 0.9398089394 0.6230646456 0.8910959109 0.8106056860 0.7195194037 0.4124947224 0.6978546857 0.5561236147 0.9462827773 0.5870337114 0.9858125129 0.4686294165 0.8502503137 0.7394387362 0.8470634486 0.4169766173 0.8414097350 0.7787438762 0.3537022644 0.8348743057 0.9369146037 0.8535620381 0.7944518774 0.5492046077 0.8627183517 0.6889338307 0.5195596931 0.7580909387 0.4402743923 0.8037207567 0.7427302906 0.9461167515 0.8206366878 0.7367229369 0.6506805838 0.8849355640 0.7139492990 0.6849316755 0.9963432872 0.5710821974 0.9910149321 0.8778023939 0.9455768766 0.9537766307 0.9485136286 0.7324892954 0.8809811694 0.7666313554 0.9175732920 0.6341571054 0.5994212181 0.7449228306 0.9021912986 0.9089300007 0.6812621871 0.6901571699 0.6496888378 0.7184680512 0.8312615244 0.5231399370 0.4705002566 0.6790790126 0.6924969685
 0.2125912393 0.2554481317 0.1106325108 0.5000000000 0.9697609093 0.9254972800 0.9640449581 0.6196750175 0.3202599875 0.7703831735 0.8472553019 0.6305352179 0.7841238616 0.6220188516 0.3666417743 0.9085799917 0.7016155241 0.9192284713 0.8375407719 0.8727552786 0.9732940566 0.8265898708 0.9202395182 0.8651131031 0.6418179883 0.7872652769 0.4551604513 0.4631112176 0.7928557906 0.6774202653 0.8910594544 0.7290047542 0.6606213910 0.8093224686 0.8487825655 0.9255505928 0.7183750172 0.9195730971 0.8985768388 0.9808630029 0.6111289954 0.6420361923 0.6289422388 0.9216760059 0.8972302834 0.3112805828 0.5804517880 0.5786700828 0.5239982267 0.9529258601 0.9831877706 0.8768209437 0.8288688245 0.8865303640 0.8936834017 0.7283198757 0.4800388171 0.2659776187 0.8872112239 0.7500709575 0.8277119944 0.9791478133 0.9999706132 0.5996947281 0.9812405237 0.9514793844 0.7489742881 0.5931203124 0.4257361158 0.6134845561 0.9548795392 0.3834020735 0.3820303529 0.6405951754 0.5631788998 0.9424890390 0.9077427673 0.7152769863 0.7343113669 0.6716908653
 0.2759825969 0.6171492212 0.0137321930 0.0302390907 0.5000000000 0.8871022753 0.9421759243 0.9949393391 0.9861298163 0.7113957467 0.8902984924 0.9844248821 0.6558496719 0.9627742149 0.7112438627 0.8430749380 0.7699347876 0.4218206857 0.9406053916 0.5625869098 0.9305868442 0.9668097987 0.9851148023 0.9473316984 0.8332855819 0.7732834229 0.7121887201 0.9910025142 0.6501108930 0.7282606415 0.6662973575 0.8716850677 0.8406376282 0.7713330572 0.9230371768 0.6009955855 0.7492598754 0.8773101900 0.7287981114 0.9607032175 0.7351466453 0.7545682995 0.9770266258 0.6518104918 0.8383556741 0.8114529060 0.6956314135 0.9605184461 0.7693385479 0.4685949666 0.9731056011 0.4113629459 0.5698646905 0.6991741699 0.8922406969 0.5772931087 0.9926580918 0.7435833685 0.8473874950 0.9409779983 0.5011422583 0.8241457297 0.5454376318 0.9685598004 0.7732434310 0.4966900791 0.6230161595 0.5930345368 0.9965932225 0.5573769276 0.5951780316 0.9663271215 0.9839996588 0.6508446510 0.8403141188 0.6773749181 0.9904344073 0.6770758088 0.7146121461 0.6850056322
 0.4700698368 0.2292518840 0.1028638076 0.0745027200 0.1128977247 0.5000000000 0.7434512529 0.6099598868 0.7831932867 0.8026810556 0.5909426442 0.7865652166 0.6414476939 0.1424939622 0.4728935584 0.9671802869 0.7668137918 0.9517675665 0.9605068665 0.9038425619 0.7868112177 0.7023065677 0.9713347733 0.6917517424 0.4072232891 0.6873609290 0.8887460614 0.9547169424 0.5698270779 0.4214679996 0.7952936445 0.6094749690 0.7656221070 0.9914985824 0.9907140527 0.9304485555 0.7746441285 0.9163962044 0.5971124620 0.6408528766 0.9520452128 0.7757555550 0.1503896376 0.9429577687 0.5533237470 0.8828170200 0.6400742183 0.9828964965 0.7416253319 0.9447501196 0.6529494278 0.3743471625 0.9577184977 0.3227243648 0.9111325113 0.7466194544 0.7078698793 0.5615668356 0.8217592634 0.6722191273 0.8773097208 0.8392148477 0.7488146711 0.9444259134 0.9640784778 0.9468310400 0.7792990770 0.9681220574 0.7643390287 0.9858376835 0.8118289513 0.3512676500 0.9624424450 0.6790754337 0.5782566943 0.8259571091 0.8925170834 0.8919149956 0.5979416774 0.9064377396
 0.1098664122 0.0973700543 0.1812150067 0.0359550419 0.0578240757 0.2565487471 0.5000000000 0.9692265073 0.5074723112 0.6939645327 0.7710711159 0.7649423397 0.8579155703 0.4453051039 0.6334265827 0.9037051434 0.5970454297 0.2766608838 0.6193679925 0.6431335231 0.9412768173 0.2202577363 0.9412015360 0.5427168048 0.9599836621 0.9680576236 0.6830761334 0.8110471911 0.9510105928 0.9516564837 0.5000902443 0.8171303276 0.2398027237 0.8398953311 0.2163649876 0.6372321277 0.9457766279 0.7843639437 0.7042282075 0.9339878849 0.9226178862 0.9728928257 0.4474752097 0.9366896748 0.9039509466 0.5705038444 0.8564195094 0.8328302370 0.8105536607 0.8756376713 0.5030262085 0.6003759743 0.6447974640 0.6220593244 0.6669847789 0.5917041657 0.5135149685 0.8201419055 0.9067367596 0.6204318012 0.9650192301 0.9101149417 0.8405265187 0.4669825836 0.5181124411 0.8854365891 0.7631977382 0.8472830652 0.8582240020 0.7609765432 0.6799018485 0.9213514736 0.7415509556 0.7037715141 0.7763404792 0.9847015314 0.9883499510 0.4621273196 0.7145159038 0.3573983846
 0.0299189236 0.3464911808 0.1300043631 0.3803249825 0.0050606609 0.3900401132 0.0307734927 0.5000000000 0.8236995545 0.8667999691 0.7392114236 0.6156218205 0.7649422814 0.6835691918 0.9509425897 0.8130488924 0.6339706980 0.5510952625 0.8762038376 0.5384009893 0.5526322209 0.6556485676 0.9109775834 0.3626370513 0.8864921951 0.4511210445 0.6276747578 0.7148452060 0.4369540228 0.5188838296 0.8169100748 0.2466733318 0.5557559276 0.7815730322 0.8478797247 0.6275427657 0.3394123207 0.8527617722 0.7439543753 0.3929631702 0.7713965472 0.3259642999 0.4762221687 0.7851615614 0.8679788631 0.9694293583 0.9160989345 0.8850446066 0.8001511294 0.6893493904 0.3880801477 0.7034765768 0.7574428545 0.8462480124 0.9276437243 0.9453280570 0.2960883019 0.8975401988 0.8541892749 0.7762444910 0.8987764554 0.4933335194 0.7797904323 0.4906891745 0.9917169212 0.7876397925 0.7501607185 0.7145503571 0.4264973094 0.8812682931 0.8036024020 0.5818675913 0.9799245609 0.8853215352 0.6205234317 0.7935114717 0.9954225662 0.8489530880 0.8637539705 0.7636357097
 0.5305823502 0.3424389321 0.1825794510 0.6797400125 0.0138701837 0.2168067133 0.4925276888 0.1763004455 0.5000000000 0.7152877179 0.8033516568 0.5048839543 0.5356219428 0.7284834049 0.5198673633 0.7270383779 0.9108514825 0.8734785963 0.4431509371 0.9535877893 0.9853443133 0.6680737478 0.6442848478 0.7925248004 0.8686489613 0.8070045926 0.5741983475 0.6938955201 0.3953258081 0.9884974473 0.9228127963 0.8796359087 0.9779054918 0.9616517852 0.9811180484 0.7339748707 0.6972896572 0.7957304252 0.7265148335 0.5123474494 0.4832744339 0.9185750029 0.9702692565 0.8711737258 0.6489589739 0.8007810966 0.4654409181 0.5143195376 0.9166396203 0.7511253176 0.9925604934 0.5739951043 0.9726482755 0.9588266294 0.6756311732 0.4338621842 0.9402775023 0.2893002773 0.9743854468 0.7127226215 0.9577508021 0.6225296904 0.7134957400 0.8421985533 0.5001669396 0.9340947605 0.7736280289 0.6628401035 0.9756907965 0.9575987488 0.7616188842 0.4126078599 0.7434278973 0.7118944516 0.2959620799 0.3830729706 0.3710613936 0.7528948805 0.6210599276 0.7776985059
 0.1527058108 0.0372754394 0.0489955557 0.2296168265 0.2886042533 0.1973189444 0.3060354673 0.1332000309 0.2847122821 0.5000000000 0.9865417006 0.7849160361 0.8912478610 0.9387106428 0.6694223182 0.8184252843 0.8304354160 0.7151377177 0.1924460702 0.6249111873 0.6800029573 0.6625074667 0.6266247168 0.9937781100 0.5579459496 0.9478106683 0.7276076791 0.9209702839 0.7679213487 0.6999763238 0.9584401256 0.9505271914 0.7630524504 0.9637135537 0.6346527675 0.8700882740 0.9935354423 0.8644805742 0.9605439299 0.6846007547 0.7714575094 0.6483351782 0.8355077802 0.9215589684 0.8099648806 0.6583970486 0.8032829766 0.8521420355 0.7697768221 0.5619910275 0.9051782287 0.9682763304 0.5893809940 0.9757381734 0.7527855823 0.7823057259 0.9353865931 0.6405209442 0.9891548992 0.9835310721 0.5991797408 0.9955744179 0.7169561385 0.9654542843 0.5794060629 0.9540768904 0.9246934236 0.6008186516 0.9631764818 0.9768940255 0.8021037875 0.9631823355 0.8009889975 0.6273896635 0.6330854352 0.4071616361 0.9433972983 0.6475888422 0.9130986295 0.8296239883
 0.2349131445 0.2169571054 0.7960427059 0.1527446981 0.1097015076 0.4090573558 0.2289288841 0.2607885764 0.1966483432 0.0134582994 0.5000000000 0.8326264083 0.9235713808 0.8948774100 0.7440296849 0.7590173170 0.9117685873 0.7752438107 0.8530559810 0.7138138638 0.9543389637 0.8050003129 0.9842403293 0.8047201575 0.4719960975 0.7916324220 0.8811387851 0.8410889582 0.5754486065 0.8003727352 0.9666292141 0.6562166901 0.7929699988 0.9827652504 0.6683770242 0.7838659538 0.9947498346 0.7203086408 0.8198996587 0.8284730505 0.6214585000 0.3486230062 0.5316666391 0.9565867831 0.9583710132 0.6236291359 0.5763220603 0.9644502223 0.8925765937 0.9815619797 0.7675479277 0.6612004293 0.7812371044 0.8614829106 0.7689856336 0.8890795730 0.8678436086 0.9250252676 0.8104857768 0.9851822541 0.8477666677 0.7405090852 0.5604676006 0.6876274187 0.9739911043 0.9334262040 0.5340630711 0.4092590845 0.7887348533 0.3206755614 0.6836074535 0.8554822914 0.8915597784 0.8687074507 0.8371756610 0.6998177413 0.6314314856 0.8955349731 0.4853913847 0.9241338145
 0.1356827387 0.1332045704 0.1275387110 0.3694647821 0.0155751179 0.2134347834 0.2350576603 0.3843781795 0.4951160457 0.2150839639 0.1673735917 0.5000000000 0.9061330313 0.7640237265 0.6054278995 0.8098846628 0.9579340063 0.9343037516 0.9117982484 0.8289154470 0.9188006721 0.8881754442 0.8518321626 0.9870103835 0.3948364019 0.2527397063 0.9215154514 0.5285104820 0.8035404004 0.9348669473 0.9671116229 0.8903405255 0.5166111224 0.9005246230 0.7234188335 0.7938562499 0.9933375859 0.9775615074 0.3604865022 0.8095732979 0.4632757474 0.6189043330 0.7103937741 0.3614150053 0.9325853775 0.8584047158 0.7253788279 0.9554146682 0.4420235350 0.9101556347 0.9206027817 0.6617229216 0.6421840724 0.7279794259 0.4024336062 0.9541585237 0.4368783410 0.9842366390 0.7632354405 0.7615590487 0.5646702186 0.9470460966 0.8321263985 0.9145366945 0.8162607451 0.9537415091 0.8034202739 0.5443526196 0.9445066126 0.8227758668 0.8273643585 0.8959666610 0.9480527368 0.9978414638 0.6893934850 0.3515568497 0.5026180518 0.6831731498 0.7801730591 0.9889313705
 0.1166799986 0.2154997708 0.2776264599 0.2158761384 0.3441503281 0.3585523061 0.1420844297 0.2350577186 0.4643780572 0.1087521390 0.0764286192 0.0938669687 0.5000000000 0.8844168998 0.4732363655 0.7862073297 0.8831949646 0.7450762297 0.6728484483 0.4155464232 0.6720071537 0.6413842324 0.9845946656 0.9111899781 0.9233195550 0.7800693697 0.9350579564 0.9746983772 0.6719275017 0.5979264813 0.9857093476 0.9527264600 0.5877214834 0.4937977810 0.9124078249 0.8281708296 0.8602515289 0.7943713298 0.7434099946 0.7719100394 0.5114355800 0.9140617800 0.5717085482 0.8464053581 0.6073148572 0.6128049781 0.9867820835 0.8227770983 0.8239832055 0.5946822278 0.8767569458 0.8217945952 0.9817831815 0.6081600740 0.0956194601 0.3015068785 0.3466516832 0.7911075202 0.8903826148 0.6222015470 0.9140624499 0.8775561566 0.8760050659 0.9803944431 0.7411777320 0.7717350553 0.9619048468 0.5363067562 0.8181664448 0.4042882379 0.7312167314 0.4307516777 0.9070921161 0.9141517152 0.9019620120 0.8608131009 0.6621376672 0.3683718633 0.9155637647 0.8564081243
 0.2073303907 0.0569396952 0.8185288963 0.3779811484 0.0372257851 0.8575060378 0.5546948961 0.3164308082 0.2715165951 0.0612893572 0.1051225900 0.2359762735 0.1155831002 0.5000000000 0.1211738329 0.9229693958 0.5128221709 0.9605118800 0.3296904169 0.8456435180 0.9142782490 0.5039682012 0.2641075469 0.9384961063 0.8373779505 0.9618581078 0.7959968388 0.9933741068 0.8776121035 0.8103887922 0.9612355534 0.9109808008 0.7322694200 0.9732408418 0.8499175790 0.7170799177 0.7300005608 0.7648359350 0.9162988710 0.7011494692 0.9228672629 0.5098901026 0.3142481188 0.7356988945 0.9749827384 0.8525162227 0.8828353062 0.9254318272 0.7798593118 0.9199357786 0.7481217418 0.9185284791 0.7613964165 0.9911971451 0.8569178902 0.8402421071 0.9426944122 0.7765893228 0.9753207170 0.9146342534 0.9726488858 0.9295548827 0.4969191055 0.8597309224 0.8780785157 0.2944929545 0.5159630570 0.9946645329 0.3603446115 0.7875328311 0.9524126920 0.8915199988 0.9132849540 0.9340021424 0.9216080485 0.5808449294 0.6217453027 0.9729456760 0.9549505040 0.9240642917
 0.4012492766 0.0542892636 0.6181656272 0.6333582257 0.2887561373 0.5271064416 0.3665734173 0.0490574103 0.4801326367 0.3305776818 0.2559703151 0.3945721005 0.5267636345 0.8788261671 0.5000000000 0.7153928629 0.4935580422 0.8814220511 0.9354529663 0.9843324344 0.9435610592 0.5662840321 0.6253509656 0.8957950162 0.6888891219 0.6597706384 0.0332463693 0.8769615212 0.8105527560 0.9395142425 0.7436934860 0.8841342278 0.6013858075 0.7221660440 0.9117657775 0.9335143250 0.9586982895 0.7220322957 0.7403615776 0.8356546762 0.3898972086 0.6136840005 0.8391046156 0.8083964490 0.3526978968 0.8262687968 0.2689020065 0.8199895882 0.2722816119 0.9021272601 0.9329746383 0.5513881444 0.4832409527 0.9365840016 0.9603355996 0.5146525422 0.9591561107 0.8992089071 0.9353266192 0.9221523178 0.6365238649 0.8217833941 0.7972552756 0.3661131878 0.5915887735 0.8037413798 0.9180079712 0.7207409992 0.8374983787 0.4090458627 0.7394378148 0.9526637614 0.9932792466 0.7875967829 0.4227055325 0.6665896252 0.5132646640 0.5817472521 0.5822282773 0.6242805096
 0.1478566937 0.0399374665 0.0722036212 0.0914200083 0.1569250620 0.0328197131 0.0962948566 0.1869511076 0.2729616221 0.1815747157 0.2409826830 0.1901153372 0.2137926703 0.0770306042 0.2846071371 0.5000000000 0.6548243946 0.8869242064 0.7360616030 0.9597410766 0.8596116993 0.8612739530 0.7489182810 0.7469601008 0.9196200712 0.3253497417 0.3927004543 0.9895831057 0.9705345489 0.4890818509 0.9030089755 0.9906838264 0.4931412537 0.9785113971 0.7181111510 0.7766489959 0.9899127345 0.9847890868 0.6934055250 0.7146401675 0.7171105914 0.6307602223 0.9883523638 0.6579910725 0.7057659983 0.7889701738 0.7451337181 0.9022939151 0.6166620964 0.9781589541 0.6815176573 0.8308352641 0.8499650983 0.8402557554 0.6837737047 0.9483793212 0.5700292421 0.9970444471 0.7321436127 0.4783406002 0.5637358192 0.9111019513 0.8766876083 0.4066367519 0.8088627437 0.9457995743 0.9835761359 0.3183429850 0.4195688417 0.9050895616 0.7767656917 0.9964998147 0.8130518181 0.5711490850 0.9516083592 0.6730212834 0.8722970158 0.7210418175 0.7330068889 0.9437320586
 0.3496541162 0.5522859659 0.0393963553 0.2983844759 0.2300652124 0.2331862082 0.4029545703 0.3660293020 0.0891485175 0.1695645840 0.0882314127 0.0420659937 0.1168050354 0.4871778291 0.5064419578 0.3451756054 0.5000000000 0.6806571587 0.5936520997 0.9781409072 0.9110187740 0.9115218144 0.9683047856 0.4156654384 0.7034922246 0.2498284688 0.6472296392 0.6772014837 0.6848590243 0.9602852786 0.2208076041 0.7900794810 0.5740497235 0.3957768317 0.6373917704 0.1095762804 0.4837553438 0.8546361620 0.8652526674 0.8884697475 0.7560470842 0.9858392685 0.4632918676 0.9336051147 0.6762233902 0.6216257917 0.5468049229 0.7514002497 0.9206290144 0.8542405878 0.7320815410 0.9614675040 0.4992813577 0.8126941530 0.9977483260 0.4567955596 0.4399487305 0.9756131647 0.4366138960 0.3683523161 0.8607298302 0.7982441853 0.6684695292 0.9595296385 0.9218693152 0.8653728734 0.6162311576 0.9354009506 0.2573803196 0.8187816201 0.9787118509 0.8902756569 0.8966138051 0.8028346479 0.9175813956 0.9923545340 0.9201866843 0.5200255012 0.6784876938 0.6149739775
 0.1916017439 0.0092499713 0.0601910606 0.0807715287 0.5781793143 0.0482324335 0.7233391162 0.4489047375 0.1265214037 0.2848622823 0.2247561893 0.0656962484 0.2549237703 0.0394881200 0.1185779489 0.1130757936 0.3193428413 0.5000000000 0.7973852533 0.4307072619 0.6211880501 0.9839080038 0.8805393641 0.9041893919 0.9315390238 0.9369157512 0.6226446230 0.6832967468 0.4263266493 0.8506232684 0.3420096565 0.6266607430 0.7135796562 0.9746454699 0.5979783457 0.9229762918 0.8629945545 0.4390447813 0.7840598072 0.9346898227 0.8200418808 0.6448039037 0.8553942546 0.6577195041 0.8589987367 0.6319444498 0.8458112101 0.7459708691 0.3553828562 0.9812271860 0.5281685591 0.9384988901 0.5982663851 0.5306569589 0.7274881327 0.8817428956 0.9016412401 0.8425990834 0.8335355197 0.8959810315 0.7640475841 0.8735600277 0.9451466681 0.7337441364 0.9077441539 0.9651940206 0.5447524844 0.7181376406 0.6617293936 0.9942536584 0.3258966890 0.5482953962 0.1748876744 0.9818915695 0.5931640629 0.8547537580 0.6864068911 0.9694326601 0.7560728624 0.6946258434
 0.0477344089 0.1173645262 0.3769353544 0.1624592281 0.0593946084 0.0394931335 0.3806320075 0.1237961624 0.5568490629 0.8075539298 0.1469440190 0.0882017516 0.3271515517 0.6703095831 0.0645470337 0.2639383970 0.4063479003 0.2026147467 0.5000000000 0.4618211924 0.7951143236 0.5801199975 0.9956548853 0.7451616181 0.7599228556 0.9213100076 0.5553172845 0.9981849875 0.8371260784 0.5817527714 0.8558844544 0.4042730158 0.5757719306 0.7235610174 0.9358233505 0.2762619605 0.3022091815 0.7087454443 0.8222166127 0.8197744341 0.9801514857 0.5984364997 0.9505828676 0.5931867964 0.6068630610 0.7089969546 0.3305546802 0.9575663789 0.7968262600 0.9104077068 0.8707147077 0.6380656580 0.9667727347 0.9744063959 0.5945882108 0.9084743780 0.9711257731 0.6989125171 0.8568967015 0.4536833724 0.9131550144 0.6170099304 0.8045090080 0.6803709598 0.8489092797 0.6547098411 0.8742185597 0.9687716423 0.9390676824 0.4628976921 0.6748845152 0.2819034216 0.7360832270 0.7941333630 0.9393383973 0.4816063183 0.9336953792 0.4030335092 0.6086758194 0.8950918268
 0.3914728013 0.1715558319 0.1089040891 0.1272447214 0.4374130902 0.0961574381 0.3568664769 0.4615990107 0.0464122107 0.3750888127 0.2861861362 0.1710845530 0.5844535768 0.1543564820 0.0156675656 0.0402589234 0.0218590928 0.5692927381 0.5381788076 0.5000000000 0.9598710203 0.8284494992 0.9702065011 0.7010988681 0.9769318456 0.9483953619 0.9493483048 0.8763882828 0.9850939881 0.9661549238 0.7979712025 0.7564782448 0.9895879261 0.8486182731 0.8375035610 0.6493421115 0.4749141615 0.7911588576 0.6485475152 0.7546888923 0.8153620974 0.4022606775 0.6385235077 0.8840423389 0.5773577537 0.9682807346 0.7814079894 0.2674374892 0.5266395780 0.6356919861 0.6989186369 0.6530677282 0.8205395623 0.7786893312 0.9081893929 0.4768498706 0.9943684649 0.8382601352 0.9752283842 0.2251900624 0.7462408197 0.8755411817 0.9825140778 0.7567893308 0.7372316489 0.9758767855 0.9637263191 0.6429973109 0.1845790633 0.6266080631 0.8341380873 0.3544413546 0.7085093578 0.2375310369 0.7987735299 0.9873332320 0.7965473944 0.6947052863 0.9719949473 0.3872349827
 0.2461280915 0.6618989175 0.1893943140 0.0267059434 0.0694131558 0.2131887823 0.0587231827 0.4473677791 0.0146556867 0.3199970427 0.0456610363 0.0811993279 0.3279928463 0.0857217510 0.0564389408 0.1403883007 0.0889812260 0.3788119499 0.2048856764 0.0401289797 0.5000000000 0.9686799271 0.5041159419 0.3977750813 0.7377394481 0.8261832068 0.9108951766 0.9184584174 0.9040051524 0.4009767251 0.9419434128 0.4156482123 0.4201188324 0.4780415932 0.9547072174 0.5068027568 0.7854130502 0.8959539137 0.4871943561 0.6119037028 0.9554648649 0.7454738977 0.3564195894 0.4624397382 0.3979119907 0.4352363496 0.9522561748 0.9619856474 0.8089781247 0.6552920061 0.7253763189 0.7771488890 0.8244605710 0.5802185695 0.8986294627 0.6636091198 0.7213970976 0.8229118523 0.8713326938 0.6844860803 0.6767490735 0.7954193670 0.6880002048 0.8856792094 0.6797866633 0.6981104375 0.8061647898 0.9472052030 0.4238364758 0.9043511322 0.8583071365 0.4925063392 0.5203446246 0.4839219415 0.8350842471 0.9576074135 0.9756457692 0.8858057029 0.5037719419 0.9754303230
 0.4908351083 0.0638031402 0.2804805963 0.1734101292 0.0331902013 0.2976934323 0.7797422637 0.3443514324 0.3319262522 0.3374925333 0.1949996871 0.1118245558 0.3586157676 0.4960317988 0.4337159679 0.1387260470 0.0884781856 0.0160919962 0.4198800025 0.1715505008 0.0313200729 0.5000000000 0.8731094760 0.9935978017 0.9343584298 0.7479717204 0.9705749643 0.8300398946 0.9658198533 0.8917091589 0.9159364234 0.7606109031 0.9729117182 0.8361816795 0.8144057822 0.8342250822 0.9601939683 0.7911911113 0.6542730647 0.6679205038 0.3831801794 0.9876790188 0.5908756716 0.9026183965 0.9251918834 0.8182774436 0.5804227344 0.7707499160 0.3591703816 0.5627070687 0.7069597209 0.9824573700 0.5095448153 0.7413126961 0.7723609710 0.3484533622 0.9360985105 0.9647871883 0.8048221452 0.6229543610 0.7584247019 0.3462042262 0.6434964648 0.8982843356 0.8386778984 0.9015225159 0.2606186986 0.4996809033 0.5608311607 0.5041170969 0.9278674263 0.8354202129 0.7275980604 0.8878030017 0.8023721757 0.9696610558 0.6881790329 0.2232578118 0.6349991323 0.9960542748
 0.5919520761 0.5877489383 0.5875052776 0.0797604818 0.0148851977 0.0286652267 0.0587984640 0.0890224166 0.3557151522 0.3733752832 0.0157596707 0.1481678374 0.0154053344 0.7358924531 0.3746490344 0.2510817190 0.0316952144 0.1194606359 0.0043451147 0.0297934989 0.4958840581 0.1268905240 0.5000000000 0.3807327079 0.9885669292 0.9599882140 0.6095042478 0.8109706500 0.9909260077 0.8227096238 0.7267570867 0.8156035288 0.8827537566 0.5500723908 0.9027254782 0.9747142301 0.8867278869 0.6154613014 0.9436314054 0.7769173293 0.8931956177 0.9573579776 0.7362674277 0.8918355125 0.6427169289 0.7442522200 0.9606618859 0.9658295859 0.2283029363 0.9540632051 0.9415785713 0.9354818147 0.7213930023 0.9173674046 0.9575936806 0.9492802648 0.9070236664 0.9400517813 0.8161388922 0.7484962922 0.5833018735 0.9763000535 0.7452352649 0.9199002109 0.7485765738 0.8968124677 0.7384582493 0.5374993614 0.5733347677 0.8151198697 0.9318514105 0.6104144370 0.6539953457 0.7933644593 0.6282665639 0.4056246181 0.7092460444 0.4679265497 0.7304356406 0.9656972569
 0.1859200348 0.1563777744 0.3021453143 0.1348868969 0.0526683016 0.3082482576 0.4572831952 0.6373629487 0.2074751996 0.0062218900 0.1952798425 0.0129896165 0.0888100219 0.0615038937 0.1042049838 0.2530398992 0.5843345616 0.0958106081 0.2548383819 0.2989011319 0.6022249187 0.0064021983 0.6192672921 0.5000000000 0.7568476847 0.1823012781 0.8755923452 0.4122672284 0.8301587969 0.9544705897 0.9012438893 0.8578976193 0.6776925917 0.9647882923 0.9121603463 0.8905217431 0.5532318745 0.9577770499 0.8139093860 0.8975956508 0.8777043829 0.6684257442 0.8957189606 0.9158177662 0.5698245882 0.6459741014 0.9804181768 0.7064457291 0.6819012870 0.7115172715 0.8599381168 0.9953931713 0.7454511321 0.6221692048 0.4076910782 0.6667319902 0.9693881954 0.9526200408 0.7815861203 0.4049948432 0.8983146276 0.5923112399 0.8163533363 0.8137677922 0.5223626419 0.7600589729 0.4374865274 0.5722302633 0.7230656007 0.6827730044 0.7216418994 0.6984732158 0.5838051542 0.5807077161 0.8419109498 0.9744520221 0.7014148321 0.8999074396 0.7855944643 0.9585522456
 0.2980478439 0.2673562039 0.4438763853 0.3581820117 0.1667144181 0.5927767109 0.0400163379 0.1135078049 0.1313510387 0.4420540504 0.5280039025 0.6051635981 0.0766804450 0.1626220495 0.3111108781 0.0803799288 0.2965077754 0.0684609762 0.2400771444 0.0230681544 0.2622605519 0.0656415702 0.0114330708 0.2431523153 0.5000000000 0.7291572752 0.8321149704 0.2293418612 0.5630642260 0.8860855265 0.6804553538 0.6076189798 0.9728345689 0.7500371879 0.9824197490 0.9568665728 0.7291993085 0.9773533261 0.8808111571 0.5200553633 0.8075337411 0.5247706583 0.6615183878 0.9373244699 0.9523236489 0.1237406538 0.8447726227 0.9580798994 0.8401504354 0.8419335353 0.9707184389 0.9746282018 0.9598544602 0.6898421918 0.8963923536 0.8988416170 0.9502949508 0.9808317535 0.8497154164 0.6431744376 0.4181903147 0.3048615879 0.8285825739 0.8491492819 0.9158124250 0.4279001213 0.8069242503 0.8575144619 0.7520293740 0.8136639752 0.8509318746 0.4039182419 0.9246568702 0.8608492753 0.7693629674 0.9497493847 0.9074073684 0.3799617615 0.5829490134 0.8534535625
 0.3080254580 0.1319832729 0.0537172227 0.2127347231 0.2267165771 0.3126390710 0.0319423764 0.5488789555 0.1929954074 0.0521893317 0.2083675780 0.7472602937 0.2199306303 0.0381418922 0.3402293616 0.6746502583 0.7501715312 0.0630842488 0.0786899924 0.0516046381 0.1738167932 0.2520282796 0.0400117860 0.8176987219 0.2708427248 0.5000000000 0.8167123796 0.2628039209 0.6213696481 0.9743946983 0.8265221314 0.6596397252 0.6577677204 0.7357081445 0.8548486008 0.7999638195 0.8641728015 0.7805173317 0.2681114565 0.8326241489 0.6602940375 0.8983716782 0.9680980883 0.9965736733 0.3425298959 0.6166640629 0.9955976220 0.5023165322 0.9831230712 0.8079152888 0.2643747511 0.4515266779 0.6582317443 0.5927594207 0.4336222929 0.8635657366 0.6196361037 0.4604305783 0.9603718690 0.9222915380 0.8116130510 0.5958585739 0.8071322078 0.4795317486 0.4936447700 0.8990184750 0.5468810307 0.9037233506 0.7637138411 0.8937422938 0.8993309935 0.7081813705 0.8916861352 0.8758883054 0.8992464289 0.8472109407 0.3411244784 0.7141717085 0.3403782213 0.8817723583
 0.1569627900 0.2386448916 0.4129662886 0.5448395487 0.2878112799 0.1112539386 0.3169238666 0.3723252422 0.4258016525 0.2723923209 0.1188612149 0.0784845486 0.0649420436 0.2040031612 0.9667536307 0.6072995457 0.3527703608 0.3773553770 0.4446827155 0.0506516952 0.0891048234 0.0294250357 0.3904957522 0.1244076548 0.1678850296 0.1832876204 0.5000000000 0.7456848603 0.5986855523 0.7725014804 0.8416909247 0.6162311538 0.5522555546 0.3838324446 0.9696079257 0.5376291938 0.7384987254 0.9824954741 0.6799418792 0.6171908765 0.9581036755 0.8911501364 0.5622167449 0.9659496867 0.7331418863 0.7962461003 0.8899733782 0.6153071835 0.4898995671 0.6436393288 0.8128471359 0.9593458105 0.6374883418 0.7299784292 0.9088109488 0.5880443926 0.6222202817 0.4460683711 0.2026072567 0.4701828165 0.7181988598 0.6186666082 0.9448601783 0.7516386634 0.9392543376 0.7273670896 0.9659479239 0.9737995896 0.7896245942 0.6791973632 0.9723527209 0.9512109702 0.9038935172 0.9293430698 0.9113582810 0.9894628167 0.8630727927 0.7302371364 0.4673563047 0.4266696942
 0.1063232565 0.1748794537 0.0141874871 0.5368887824 0.0089974858 0.0452830576 0.1889528089 0.2851547940 0.3061044799 0.0790297161 0.1589110418 0.4714895180 0.0253016228 0.0066258932 0.1230384788 0.0104168943 0.3227985163 0.3167032532 0.0018150125 0.1236117172 0.0815415826 0.1699601054 0.1890293500 0.5877327716 0.7706581388 0.7371960791 0.2543151397 0.5000000000 0.8965991688 0.9370852350 0.8979944232 0.9912475796 0.8478986934 0.9009252298 0.9919165786 0.8199996221 0.8398575365 0.8422466161 0.4870593716 0.8041754676 0.9479385176 0.5656280729 0.8877532455 0.5761340178 0.6518166011 0.5001197152 0.7658498340 0.6524365133 0.4838688044 0.9940965407 0.7805459411 0.7888896840 0.5827792479 0.9872894984 0.9573181543 0.6101409627 0.9631737448 0.2773323210 0.9838336178 0.7974942437 0.8585512805 0.9198304879 0.7261437601 0.8862734651 0.8208548233 0.7276423318 0.3177847389 0.9051144611 0.4103384328 0.9871656686 0.9774404894 0.9167383295 0.8245214741 0.7807491052 0.7542350914 0.7573479682 0.8078201632 0.8886452140 0.6700648689 0.9313078079
 0.0911485265 0.4747204379 0.5313705835 0.2071442094 0.3498891070 0.4301729221 0.0489894072 0.5630459772 0.6046741919 0.2320786513 0.4245513935 0.1964595996 0.3280724983 0.1223878965 0.1894472440 0.0294654511 0.3151409757 0.5736733507 0.1628739216 0.0149060119 0.0959948476 0.0341801467 0.0090739923 0.1698412031 0.4369357740 0.3786303519 0.4013144477 0.1034008312 0.5000000000 0.4494263241 0.6951167215 0.6760526872 0.8636918395 0.8893437797 0.7637347371 0.5305815656 0.8936954729 0.6077271327 0.6722009946 0.7901109218 0.8039058316 0.5113830034 0.9396545557 0.9158963585 0.3396076287 0.9797531977 0.6099125659 0.9491226820 0.8684685982 0.8505363525 0.6043808036 0.4513002922 0.6696135718 0.8991591741 0.8446209564 0.9384202909 0.8647208838 0.8156892534 0.9350058498 0.9331747681 0.9037925107 0.9458350754 0.9556713819 0.6114227377 0.5178650579 0.3350756612 0.9730130873 0.9242952384 0.9167210667 0.9415709400 0.2082844233 0.8213495655 0.7036072799 0.8455204236 0.8598287009 0.6831662285 0.8936423910 0.8268783731 0.8284735278 0.4090467625
 0.0389132196 0.3455678624 0.1497496863 0.3225797347 0.2717393585 0.5785320004 0.0483435163 0.4811161704 0.0115025527 0.3000236762 0.1996272648 0.0651330527 0.4020735187 0.1896112078 0.0604857575 0.5109181491 0.0397147214 0.1493767316 0.4182472286 0.0338450762 0.5990232749 0.1082908411 0.1772903762 0.0455294103 0.1139144735 0.0256053017 0.2274985196 0.0629147650 0.5505736759 0.5000000000 0.5657671008 0.9033119913 0.5435558406 0.4100701703 0.8811499130 0.8580576177 0.8025760520 0.8801006036 0.6730165435 0.8402569720 0.8193866398 0.9036397772 0.7682037614 0.6655822990 0.5838259869 0.7860045229 0.9902511286 0.8324323745 0.8476864831 0.5952659476 0.6115451408 0.7346676804 0.6488070456 0.7796588227 0.9854748810 0.8077082212 0.9406703608 0.5139182121 0.4410420218 0.9643425040 0.7478987830 0.8826333098 0.2885502184 0.9987284299 0.3425375675 0.8628370431 0.6340186063 0.9838455394 0.7631436748 0.9645641852 0.6813966571 0.5350391011 0.5808473164 0.7408608070 0.7722792516 0.7368044581 0.8205485951 0.8604079003 0.7690675550 0.8504879117
 0.3037813848 0.1925785148 0.2605612638 0.1089405456 0.3337026425 0.2047063555 0.4999097557 0.1830899252 0.0771872037 0.0415598744 0.0333707859 0.0328883771 0.0142906524 0.0387644466 0.2563065140 0.0969910245 0.7791923959 0.6579903435 0.1441155456 0.2020287975 0.0580565872 0.0840635766 0.2732429133 0.0987561107 0.3195446462 0.1734778686 0.1583090753 0.1020055768 0.3048832785 0.4342328992 0.5000000000 0.9543274784 0.9745060117 0.9588307432 0.9949412410 0.7969536415 0.9134204283 0.6871593786 0.8208887111 0.8795903626 0.6772482467 0.7048068193 0.8078513277 0.4942786517 0.9933344629 0.6731095281 0.9224276152 0.9868592889 0.7015910839 0.5711131053 0.5893345752 0.9755038108 0.8396200054 0.8629241592 0.6003739782 0.8946162035 0.9633608206 0.6932220015 0.2781555785 0.9579346941 0.6090252151 0.9856640163 0.9331989634 0.5086674061 0.9470182921 0.3642118062 0.8645381836 0.9503513625 0.9890874369 0.6997468132 0.9758419324 0.8491139239 0.9761124234 0.8613483275 0.8006498162 0.8442882219 0.9310567754 0.5576759357 0.8496919326 0.7347778001
 0.0927278873 0.0268517759 0.1529365514 0.2709952458 0.1283149323 0.3905250310 0.1828696724 0.7533266682 0.1203640913 0.0494728086 0.3437833099 0.1096594745 0.0472735400 0.0890191992 0.1158657722 0.0093161736 0.2099205190 0.3733392570 0.5957269842 0.2435217552 0.5843517877 0.2393890969 0.1843964712 0.1421023807 0.3923810202 0.3403602748 0.3837688462 0.0087524204 0.3239473128 0.0966880087 0.0456725216 0.5000000000 0.9073039352 0.9156954512 0.9377780996 0.2259477008 0.9346992094 0.8772270367 0.3946471390 0.6942249500 0.7691074757 0.9864462218 0.7863226436 0.8736333151 0.9812204198 0.5075549710 0.9716091895 0.9696550824 0.9760179754 0.6424320083 0.1467023978 0.6185577883 0.6717382096 0.4771500592 0.5205573267 0.9179189333 0.8499618674 0.8536860166 0.6995200074 0.7723401470 0.5759579759 0.4704281607 0.8905607133 0.3492307486 0.4817648341 0.8159424768 0.9408733283 0.9373079638 0.7346256904 0.4996677832 0.8636754887 0.8590889819 0.6450303487 0.8354190879 0.8294254111 0.8782186872 0.5993636483 0.2759970660 0.5563089463 0.8390975331
 0.6750267717 0.1100047029 0.5830233827 0.3393786090 0.1593623718 0.2343778930 0.7601972763 0.4442440724 0.0220945082 0.2369475496 0.2070300012 0.4833888776 0.4122785166 0.2677305800 0.3986141925 0.5068587463 0.4259502765 0.2864203438 0.4242280694 0.0104120739 0.5798811676 0.0270882818 0.1172462434 0.3223074083 0.0271654311 0.3422322796 0.4477444454 0.1521013066 0.1363081605 0.4564441594 0.0254939883 0.0926960648 0.5000000000 0.8564089572 0.7243490499 0.9317638286 0.8035653447 0.8023974982 0.8401797465 0.6226425328 0.4838856502 0.8859125409 0.2521670139 0.9114058630 0.9858765354 0.6944846058 0.9808905322 0.8468734834 0.5751228708 0.9060218894 0.5830908787 0.3438193477 0.8747971497 0.9987171257 0.7818957111 0.8191913272 0.8607151681 0.8800372295 0.7478059418 0.6818121105 0.7322989131 0.4287857617 0.9627890257 0.7202846612 0.9359532352 0.7943946765 0.5356661060 0.6951684949 0.1317211489 0.9455180065 0.7392577495 0.7819434094 0.5521063802 0.5492362723 0.3206475246 0.8303062511 0.9420331293 0.6234727445 0.7544439190 0.5871478317
 0.1397850906 0.1761355711 0.1585902650 0.1906775314 0.2286669428 0.0085014176 0.1601046689 0.2184269678 0.0383482148 0.0362864463 0.0172347496 0.0994753770 0.5062022190 0.0267591582 0.2778339560 0.0214886029 0.6042231683 0.0253545301 0.2764389826 0.1513817269 0.5219584068 0.1638183205 0.4499276092 0.0352117077 0.2499628121 0.2642918555 0.6161675554 0.0990747702 0.1106562203 0.5899298297 0.0411692568 0.0843045488 0.1435910428 0.5000000000 0.7242588419 0.6503963646 0.4315868932 0.8913047118 0.8905828049 0.9058749989 0.6364641433 0.9266892538 0.6232219650 0.8773663866 0.9632473357 0.8048741951 0.3599790401 0.5287983233 0.8552447792 0.8448477742 0.9831946199 0.9014966714 0.7102863460 0.7040069466 0.9348147509 0.8353237119 0.9625134374 0.8447648645 0.2738462525 0.4254537730 0.9598451781 0.7937716735 0.8611731172 0.5042691435 0.6183221836 0.4299610929 0.9582279379 0.4378123647 0.9746765593 0.8490398415 0.9540442022 0.8626044930 0.6131167420 0.6478979701 0.9298489946 0.9970463535 0.4687397704 0.8445620687 0.9182080713 0.4728789899
 0.8339415241 0.7190432385 0.2212561238 0.1512174345 0.0769628232 0.0092859473 0.7836350124 0.1521202753 0.0188819516 0.3653472325 0.3316229758 0.2765811665 0.0875921751 0.1500824210 0.0882342225 0.2818888490 0.3626082296 0.4020216543 0.0641766495 0.1624964390 0.0452927826 0.1855942178 0.0972745218 0.0878396537 0.0175802510 0.1451513992 0.0303920743 0.0080834214 0.2362652629 0.1188500870 0.0050587590 0.0622219004 0.2756509501 0.2757411581 0.5000000000 0.9565209588 0.8456182719 0.8399055415 0.5438736989 0.8602725566 0.9160808127 0.9743175983 0.6036764540 0.8884798872 0.9551195494 0.5826439841 0.8209673548 0.8249249321 0.6297251494 0.9250738192 0.7917522548 0.9663545698 0.8663950974 0.8899371913 0.8598027765 0.9939109349 0.8765078254 0.4939590193 0.8395244065 0.8832456065 0.6349846281 0.4780948914 0.5738164436 0.7284347863 0.7652793395 0.9780553082 0.7769780929 0.8970240192 0.8234415932 0.9697689755 0.2810226486 0.9377005571 0.7894457584 0.9596551208 0.7061615081 0.9813564576 0.5429339947 0.8453506657 0.5354968541 0.3563053440
 0.0752974344 0.1373069194 0.6462977356 0.0744494072 0.3990044145 0.0695514445 0.3627678723 0.3724572343 0.2660251293 0.1299117260 0.2161340462 0.2061437501 0.1718291704 0.2829200823 0.0664856750 0.2233510041 0.8904237196 0.0770237082 0.7237380395 0.3506578885 0.4931972432 0.1657749178 0.0252857699 0.1094782569 0.0431334272 0.2000361805 0.4623708062 0.1800003779 0.4694184344 0.1419423823 0.2030463585 0.7740522992 0.0682361714 0.3496036354 0.0434790412 0.5000000000 0.5162626070 0.7085680400 0.8671840291 0.5313680116 0.8599840022 0.5589519870 0.7689835469 0.9880704495 0.7479909796 0.7988433507 0.9961883321 0.8525057219 0.7695405001 0.8705738788 0.5893742273 0.3500066664 0.8586640410 0.7794831460 0.9428779658 0.3643146950 0.9888604703 0.4473477168 0.9199311006 0.9494276677 0.9207017979 0.9443271225 0.5772602991 0.8455933755 0.8908952495 0.3904762088 0.9217198199 0.9707394696 0.4311752355 0.8288961342 0.9935651611 0.8827227183 0.7996207503 0.9725480729 0.8988412621 0.8682768805 0.8910652470 0.8597085881 0.8728790881 0.8391570897
 0.0321600723 0.2275338641 0.1651256943 0.2816249828 0.2507401246 0.2253558715 0.0542233721 0.6605876793 0.3027103428 0.0064645577 0.0052501654 0.0066624141 0.1397484711 0.2699994392 0.0413017105 0.0100872655 0.5162446562 0.1370054455 0.6977908185 0.5250858385 0.2145869498 0.0398060317 0.1132721131 0.4467681255 0.2708006915 0.1358271985 0.2615012746 0.1601424635 0.1063045271 0.1974239480 0.0865795717 0.0653007906 0.1964346553 0.5684131068 0.1543817281 0.4837373930 0.5000000000 0.8855520771 0.5742673170 0.3631678853 0.6565982695 0.9958628531 0.8472197438 0.7853064093 0.9890074456 0.6599767741 0.9245372716 0.6061378426 0.1062288513 0.8003047109 0.9355612602 0.7043317152 0.9981702822 0.8173536548 0.8839721039 0.8623560182 0.5036686422 0.6479264678 0.9443779059 0.9383643193 0.9868289054 0.9873888821 0.7350449527 0.9518198807 0.5791238604 0.7848029164 0.9500470876 0.7629907267 0.8594388588 0.6156615308 0.6855115184 0.5537384883 0.4198072105 0.9539287192 0.6009544698 0.9305942717 0.8995508430 0.7869846780 0.4706615812 0.4422282640
 0.4917570974 0.2113003496 0.0630853963 0.0804269029 0.1226898100 0.0836037956 0.2156360563 0.1472382278 0.2042695748 0.1355194258 0.2796913592 0.0224384926 0.2056286702 0.2351640650 0.2779677043 0.0152109132 0.1453638380 0.5609552187 0.2912545557 0.2088411424 0.1040460863 0.2088088887 0.3845386986 0.0422229501 0.0226466739 0.2194826683 0.0175045259 0.1577533839 0.3922728673 0.1198993964 0.3128406214 0.1227729633 0.1976025018 0.1086952882 0.1600944585 0.2914319600 0.1144479229 0.5000000000 0.9627730199 0.6995782190 0.5052330642 0.8746622198 0.9372299873 0.8359138799 0.9533980143 0.8620302162 0.6006434594 0.8893608199 0.5335934614 0.7975840910 0.9479890750 0.7274800439 0.5400099639 0.6480598743 0.9844005979 0.7031791916 0.8162717929 0.9918614805 0.9803521407 0.5214372458 0.9761063172 0.7851339230 0.8319089683 0.6134441174 0.8601887390 0.7434714356 0.7728918879 0.9950240754 0.9367020213 0.9215359132 0.8282058411 0.8944752817 0.9685528942 0.8340832815 0.9292868242 0.8937772281 0.8154457044 0.9036915204 0.7319075286 0.4987092579
 0.0614738926 0.4795976244 0.1464379619 0.1014231612 0.2712018886 0.4028875380 0.2957717925 0.2560456247 0.2734851665 0.0394560701 0.1801003413 0.6395134978 0.2565900054 0.0837011290 0.2596384224 0.3065944750 0.1347473326 0.2159401928 0.1777833873 0.3514524848 0.5128056439 0.3457269353 0.0563685946 0.1860906140 0.1191888429 0.7318885435 0.3200581208 0.5129406284 0.3277990054 0.3269834565 0.1791112889 0.6053528610 0.1598202535 0.1094171951 0.4561263011 0.1328159709 0.4257326830 0.0372269801 0.5000000000 0.8739266270 0.4729432333 0.5954959475 0.9097364871 0.8395398743 0.5595506002 0.7137577831 0.8982751439 0.4950841505 0.8797365952 0.2826474636 0.7863116898 0.8656316109 0.6050746628 0.8762089291 0.6717181579 0.5853259781 0.5206414360 0.3741510033 0.9889084851 0.4911786273 0.8538576452 0.7022479202 0.6345383314 0.6096081218 0.8266941321 0.7959173383 0.8301028174 0.4556763077 0.9473872411 0.8026391131 0.5292412922 0.7070528198 0.5134861918 0.9646513494 0.8431320828 0.8517288627 0.9095160615 0.5781056431 0.4114988124 0.5510082740
 0.1771066222 0.1262900965 0.2055481226 0.0191369971 0.0392967825 0.3591471234 0.0660121151 0.6070368298 0.4876525506 0.3153992453 0.1715269495 0.1904267021 0.2280899606 0.2988505308 0.1643453238 0.2853598325 0.1115302525 0.0653101773 0.1802255659 0.2453111077 0.3880962972 0.3320794962 0.2230826707 0.1024043492 0.4799446367 0.1673758511 0.3828091235 0.1958245324 0.2098890782 0.1597430280 0.1204096374 0.3057750500 0.3773574672 0.0941250011 0.1397274434 0.4686319884 0.6368321147 0.3004217810 0.1260733730 0.5000000000 0.6816946503 0.5717614618 0.9346347375 0.6297663028 0.9804920297 0.8523464782 0.5878945211 0.9236673802 0.7961189023 0.4767900395 0.8431774094 0.9938296441 0.9797654566 0.7446662551 0.9066193498 0.9163354514 0.7271257665 0.7384945314 0.8815516679 0.7327569490 0.8560102375 0.9144154143 0.7624268216 0.9462587882 0.9010149902 0.1797768570 0.6932110265 0.9773746444 0.7153369752 0.1274708687 0.5647947634 0.9636613968 0.9780529839 0.4497867500 0.7288233383 0.7175758144 0.6638195078 0.8730903598 0.6617561572 0.7928530901
 0.0183473949 0.2981205637 0.4507953923 0.3888710046 0.2648533547 0.0479547872 0.0773821138 0.2286034528 0.5167255661 0.2285424906 0.3785415000 0.5367242526 0.4885644200 0.0771327371 0.6101027914 0.2828894086 0.2439529158 0.1799581192 0.0198485143 0.1846379026 0.0445351351 0.6168198206 0.1068043823 0.1222956171 0.1924662589 0.3397059625 0.0418963245 0.0520614824 0.1960941684 0.1806133602 0.3227517533 0.2308925243 0.5161143498 0.3635358567 0.0839191873 0.1400159978 0.3434017305 0.4947669358 0.5270567667 0.3183053497 0.5000000000 0.4187560396 0.9656307829 0.8315652903 0.9128919724 0.8885312824 0.5738243215 0.5582158898 0.6694307787 0.6119447909 0.8228403119 0.6789056211 0.7034295779 0.9061660379 0.5209928677 0.6668746318 0.9527148393 0.3606908883 0.8572277548 0.4802592159 0.9530370488 0.9302959829 0.7422509915 0.6751046830 0.9925208695 0.8707726947 0.8418000996 0.9782671277 0.8126105231 0.3380214458 0.4355505316 0.5096738086 0.5848458106 0.9722070322 0.8982265276 0.8761278792 0.8524123654 0.4233935188 0.1420917965 0.9683413818
 0.3588918731 0.0387089155 0.1372816483 0.3579638077 0.2454317005 0.2242444450 0.0271071743 0.6740357001 0.0814249971 0.3516648218 0.6513769938 0.3810956670 0.0859382200 0.4901098974 0.3863159995 0.3692397777 0.0141607315 0.3551960963 0.4015635003 0.5977393225 0.2545261023 0.0123209812 0.0426420224 0.3315742558 0.4752293417 0.1016283218 0.1088498636 0.4343719271 0.4886169966 0.0963602228 0.2951931807 0.0135537782 0.1140874591 0.0733107462 0.0256824017 0.4410480130 0.0041371469 0.1253377802 0.4045040525 0.4282385382 0.5812439604 0.5000000000 0.9062276219 0.8487281421 0.8100797329 0.8862250454 0.4844684531 0.9413204468 0.8751551219 0.3912167843 0.5052498814 0.7441833572 0.8489778126 0.6225153017 0.3294908389 0.7058384502 0.6191086126 0.9948781336 0.7889738013 0.7221932737 0.7861751308 0.8637474294 0.7181338257 0.6247475561 0.3246366196 0.5537161859 0.8866602376 0.9049268505 0.8391469167 0.6436246050 0.9690703861 0.8586028520 0.7998276649 0.9314483042 0.7439294073 0.6801974710 0.9405828660 0.5461993779 0.4423497085 0.6578774527
 0.1144867610 0.2474109244 0.3110661693 0.3710577612 0.0229733742 0.8496103624 0.5525247903 0.5237778313 0.0297307435 0.1644922198 0.4683333609 0.2896062259 0.4282914518 0.6857518812 0.1608953844 0.0116476362 0.5367081324 0.1446057454 0.0494171324 0.3614764923 0.6435804106 0.4091243284 0.2637325723 0.1042810394 0.3384816122 0.0319019117 0.4377832551 0.1122467545 0.0603454443 0.2317962386 0.1921486723 0.2136773564 0.7478329861 0.3767780350 0.3963235460 0.2310164531 0.1527802562 0.0627700127 0.0902635129 0.0653652625 0.0343692171 0.0937723781 0.5000000000 0.8039701206 0.8409418804 0.9170433580 0.6661997206 0.7980248274 0.9747550425 0.6785998697 0.5877574583 0.7833648981 0.8326655696 0.6993915194 0.5574788739 0.4612230709 0.7558870805 0.7935051791 0.9777302041 0.4378872684 0.4955320528 0.8347101986 0.7214669651 0.6505080571 0.4748817704 0.9983769978 0.4580927406 0.6254736673 0.5322000079 0.1273490290 0.9387871587 0.8272584666 0.5953384795 0.6177917878 0.7214329503 0.4312305500 0.8963383884 0.9714637386 0.6886307766 0.6108869537
 0.4026612090 0.0191592744 0.4804403069 0.0783239941 0.3481895082 0.0570422313 0.0633103252 0.2148384386 0.1288262742 0.0784410316 0.0434132169 0.6385849947 0.1535946419 0.2643011055 0.1916035510 0.3420089275 0.0663948853 0.3422804959 0.4068132036 0.1159576611 0.5375602618 0.0973816035 0.1081644875 0.0841822338 0.0626755301 0.0034263267 0.0340503133 0.4238659822 0.0841036415 0.3344177010 0.5057213483 0.1263666849 0.0885941370 0.1226336134 0.1115201128 0.0119295505 0.2146935907 0.1640861201 0.1604601257 0.3702336972 0.1684347097 0.1512718579 0.1960298794 0.5000000000 0.3824514433 0.6589563105 0.7107068671 0.4277015915 0.6567681274 0.8215970139 0.5201460725 0.4578191508 0.5177919266 0.9396244050 0.9461983092 0.5056198294 0.6222207634 0.3256597683 0.8253134451 0.5433779469 0.8837250400 0.9997484273 0.7639725740 0.7768323401 0.8832382528 0.3479082376 0.8064092413 0.9717782014 0.5862994348 0.7224932654 0.3884920367 0.8980337918 0.6142305101 0.7487971158 0.8473394942 0.5813658586 0.8785045638 0.5700009936 0.9834842143 0.9431679743
 0.1100402739 0.7928683809 0.2419090613 0.1027697166 0.1616443259 0.4466762530 0.0960490534 0.1320211369 0.3510410261 0.1900351194 0.0416289868 0.0674146225 0.3926851428 0.0250172616 0.6473021032 0.2942340017 0.3237766098 0.1410012633 0.3931369390 0.4226422463 0.6020880093 0.0748081166 0.3572830711 0.4301754118 0.0476763511 0.6574701041 0.2668581137 0.3481833989 0.6603923713 0.4161740131 0.0066655371 0.0187795802 0.0141234646 0.0367526643 0.0448804506 0.2520090204 0.0109925544 0.0466019857 0.4404493998 0.0195079703 0.0871080276 0.1899202671 0.1590581196 0.6175485567 0.5000000000 0.6668986704 0.9038535824 0.9833640955 0.9951723844 0.6047156482 0.7112740043 0.4430112657 0.7152591875 0.4820005540 0.9484567219 0.9676010035 0.7491835748 0.8494243763 0.2573773381 0.6146041291 0.9192243921 0.9277484180 0.7499771759 0.4122160375 0.7967136705 0.9213174523 0.6760501188 0.5598437871 0.7365856046 0.8327457170 0.7152754806 0.8858264253 0.6873077621 0.4124064160 0.7084526498 0.8821746383 0.8060415759 0.5433501170 0.7626389330 0.5616182840
 0.0617879947 0.0385641536 0.5597256077 0.6887194172 0.1885470940 0.1171829800 0.4294961556 0.0305706417 0.1992189034 0.3416029514 0.3763708641 0.1415952842 0.3871950219 0.1474837773 0.1737312032 0.2110298262 0.3783742083 0.3680555502 0.2910030454 0.0317192654 0.5647636504 0.1817225564 0.2557477800 0.3540258986 0.8762593462 0.3833359371 0.2037538997 0.4998802848 0.0202468023 0.2139954771 0.3268904719 0.4924450290 0.3055153942 0.1951258049 0.4173560159 0.2011566493 0.3400232259 0.1379697838 0.2862422169 0.1476535218 0.1114687176 0.1137749546 0.0829566420 0.3410436895 0.3331013296 0.5000000000 0.8793108521 0.8370400607 0.9947965642 0.5766262164 0.7306699823 0.7083481252 0.9150197202 0.7963424999 0.8591443211 0.8635913171 0.8596122745 0.9815668899 0.9611290066 0.8083858780 0.6440426652 0.8864591872 0.7676109032 0.7817279238 0.7918072458 0.8913954757 0.9707083390 0.7858371217 0.9250982120 0.7326782307 0.6039009133 0.9472069708 0.6249933310 0.7783299236 0.5704741245 0.9616595471 0.9466734883 0.2713631579 0.4713965274 0.5828625195
 0.2631518662 0.2132837659 0.1962792433 0.4195482120 0.3043685865 0.3599257817 0.1435804906 0.0839010655 0.5345590819 0.1967170234 0.4236779397 0.2746211721 0.0132179165 0.1171646938 0.7310979935 0.2548662819 0.4531950771 0.1541887899 0.6694453198 0.2185920106 0.0477438252 0.4195772656 0.0393381141 0.0195818232 0.1552273773 0.0044023780 0.1100266218 0.2341501660 0.3900874341 0.0097488714 0.0775723848 0.0283908105 0.0191094678 0.6400209599 0.1790326452 0.0038116679 0.0754627284 0.3993565406 0.1017248561 0.4121054789 0.4261756785 0.5155315469 0.3338002794 0.2892931329 0.0961464176 0.1206891479 0.5000000000 0.3133436493 0.5864272087 0.9029383360 0.9087783708 0.6648870589 0.7038585879 0.7390034324 0.6246273000 0.8214408673 0.9916433196 0.6527670524 0.5513622811 0.8739179652 0.6840911011 0.8254056610 0.9414539591 0.8718409200 0.9235820791 0.9515551333 0.4637983571 0.8357889809 0.7531235289 0.9185282368 0.8794528182 0.8680659880 0.9422060883 0.7500000448 0.7788294725 0.4718183390 0.9407479603 0.5202800967 0.7943270360 0.4418740923
 0.1141051970 0.1614288311 0.2572697094 0.4213299172 0.0394815539 0.0171035035 0.1671697630 0.1149553934 0.4856804624 0.1478579645 0.0355497777 0.0445853318 0.1772229017 0.0745681728 0.1800104118 0.0977060849 0.2485997503 0.2540291309 0.0424336211 0.7325625108 0.0380143526 0.2292500840 0.0341704141 0.2935542709 0.0419201006 0.4976834678 0.3846928165 0.3475634867 0.0508773180 0.1675676255 0.0131407111 0.0303449176 0.1531265166 0.4712016767 0.1750750679 0.1474942781 0.3938621574 0.1106391801 0.5049158495 0.0763326198 0.4417841102 0.0586795532 0.2019751726 0.5722984085 0.0166359045 0.1629599393 0.6866563507 0.5000000000 0.9656681722 0.5033015265 0.9210791949 0.7847879496 0.5780765191 0.5430866755 0.5581874283 0.4932116477 0.9347206536 0.9517153998 0.8899175177 0.9735267886 0.1982384050 0.9482328338 0.9693356240 0.9292749554 0.8646618115 0.9772103306 0.5021612559 0.8087159931 0.5242678415 0.5184954352 0.8603056764 0.8937797182 0.9564743989 0.7552170434 0.8827391822 0.5010635731 0.7220545479 0.8588082516 0.7830984215 0.9495185415
 0.4444350251 0.1597511024 0.0538832485 0.4760017733 0.2306614521 0.2583746681 0.1894463393 0.1998488706 0.0833603797 0.2302231779 0.1074234063 0.5579764650 0.1760167945 0.2201406882 0.7277183881 0.3833379036 0.0793709856 0.6446171438 0.2031737400 0.4733604220 0.1910218753 0.6408296184 0.7716970637 0.3180987130 0.1598495646 0.0168769288 0.5101004329 0.5161311956 0.1315314018 0.1523135169 0.2984089161 0.0239820246 0.4248771292 0.1447552208 0.3702748506 0.2304594999 0.8937711487 0.4664065386 0.1202634048 0.2038810977 0.3305692213 0.1248448781 0.0252449575 0.3432318726 0.0048276156 0.0052034358 0.4135727913 0.0343318278 0.5000000000 0.9094539980 0.0911759943 0.7963781366 0.7737691379 0.8618922092 0.7476870714 0.9012047126 0.8652233939 0.7768464435 0.7917647289 0.7322769402 0.8969746292 0.9091583174 0.6401180239 0.9851220785 0.9932834417 0.5347065627 0.9639073346 0.9695923125 0.1636135533 0.6528938286 0.9584162993 0.4748438498 0.8166739782 0.6298234630 0.9132188503 0.9131454591 0.9984540318 0.8753010826 0.4357035529 0.4440155021
 0.0843061518 0.1609387257 0.1793633122 0.0470741399 0.5314050334 0.0552498804 0.1243623287 0.3106506096 0.2488746824 0.4380089725 0.0184380203 0.0898443653 0.4053177722 0.0800642214 0.0978727399 0.0218410459 0.1457594122 0.0187728140 0.0895922932 0.3643080139 0.3447079939 0.4372929313 0.0459367949 0.2884827285 0.1580664647 0.1920847112 0.3563606712 0.0059034593 0.1494636475 0.4047340524 0.4288868947 0.3575679917 0.0939781106 0.1551522258 0.0749261808 0.1294261212 0.1996952891 0.2024159090 0.7173525364 0.5232099605 0.3880552091 0.6087832157 0.3214001303 0.1784029861 0.3952843518 0.4233737836 0.0970616640 0.4966984735 0.0905460020 0.5000000000 0.7237509237 0.8931452822 0.7685379196 0.7521511965 0.8600384564 0.9372929760 0.7343620179 0.7294405304 0.9061349231 0.8888478595 0.6792145192 0.9106399306 0.8340646208 0.9590641919 0.8958981196 0.8466798294 0.9800864634 0.7745839306 0.9983303855 0.7859245911 0.5247988659 0.7676800360 0.8376005567 0.2631703830 0.9519223755 0.9582848673 0.6465161111 0.9996817735 0.7439741831 0.7969883716
 0.4089606660 0.2750400866 0.2632770631 0.0168122294 0.0268943989 0.3470505722 0.4969737915 0.6119198523 0.0074395066 0.0948217713 0.2324520723 0.0793972183 0.1232430542 0.2518782582 0.0670253617 0.3184823427 0.2679184590 0.4718314409 0.1292852923 0.3010813631 0.2746236811 0.2930402791 0.0584214287 0.1400618832 0.0292815611 0.7356252489 0.1871528641 0.2194540589 0.3956191964 0.3884548592 0.4106654248 0.8532976022 0.4169091213 0.0168053801 0.2082477452 0.4106257727 0.0644387398 0.0520109250 0.2136883102 0.1568225906 0.1771596881 0.4947501186 0.4122425417 0.4798539275 0.2887259957 0.2693300177 0.0912216292 0.0789208051 0.9088240057 0.2762490763 0.5000000000 0.2734340248 0.7985409400 0.9880814058 0.8019762224 0.8651143051 0.8696452961 0.8046283453 0.8157624737 0.8943438928 0.7110946537 0.5715213755 0.8529575454 0.8077599409 0.8579645791 0.4074284068 0.9176144871 0.8595586269 0.8764733996 0.1223138415 0.9330587827 0.7139060055 0.9494219512 0.6912594805 0.9250536059 0.6219588371 0.7007416406 0.9249642956 0.7882898458 0.6873076639
 0.3287305401 0.1440160198 0.3493194162 0.1231790563 0.5886370541 0.6256528375 0.3996240257 0.2965234232 0.4260048957 0.0317236696 0.3387995707 0.3382770784 0.1782054048 0.0814715209 0.4486118556 0.1691647359 0.0385324960 0.0615011099 0.3619343420 0.3469322718 0.2228511110 0.0175426300 0.0645181853 0.0046068287 0.0253717982 0.5484733221 0.0406541895 0.2111103160 0.5486997078 0.2653323196 0.0244961892 0.3814422117 0.6561806523 0.0985033286 0.0336454302 0.6499933336 0.2956682848 0.2725199561 0.1343683891 0.0061703559 0.3210943789 0.2558166428 0.2166351019 0.5421808492 0.5569887343 0.2916518748 0.3351129411 0.2152120504 0.2036218634 0.1068547178 0.7265659752 0.5000000000 0.7333583292 0.8132355702 0.3081832665 0.6890963293 0.9898395040 0.9642125881 0.6456284641 0.7393772818 0.9743797825 0.7387812660 0.5785787634 0.7362712808 0.8254851507 0.9961524428 0.8584191150 0.6017357763 0.9398017531 0.2514402158 0.6845644854 0.5300634856 0.6396223118 0.4409027099 0.9340865755 0.2279045401 0.8352918494 0.6991454593 0.8118927448 0.9474394185
 0.5794795099 0.5374484825 0.1150644360 0.1711311755 0.4301353095 0.0422815023 0.3552025360 0.2425571455 0.0273517245 0.4106190060 0.2187628956 0.3578159276 0.0182168185 0.2386035835 0.5167590473 0.1500349017 0.5007186423 0.4017336149 0.0332272653 0.1794604377 0.1755394290 0.4904551847 0.2786069977 0.2545488679 0.0401455398 0.3417682557 0.3625116582 0.4172207521 0.3303864282 0.3511929544 0.1603799946 0.3282617904 0.1252028503 0.2897136540 0.1336049026 0.1413359590 0.0018297178 0.4599900361 0.3949253372 0.0202345434 0.2965704221 0.1510221874 0.1673344304 0.4822080734 0.2847408125 0.0849802798 0.2961414121 0.4219234809 0.2262308621 0.2314620804 0.2014590600 0.2666416708 0.5000000000 0.5797944660 0.9499925611 0.4844221905 0.5694322998 0.8686540863 0.9619095093 0.7731576696 0.8725931811 0.8916484867 0.9985041047 0.9673974465 0.2105185650 0.8955849643 0.8533598201 0.9329839861 0.9223185194 0.7092068378 0.9847807285 0.4423971989 0.5721186278 0.8525063523 0.3917045795 0.4104698532 0.6562798478 0.6937240032 0.6367585895 0.8378058150
 0.3353038484 0.1454851239 0.2860507010 0.1134696360 0.3008258301 0.6772756352 0.3779406756 0.1537519876 0.0411733706 0.0242618266 0.1385170894 0.2720205741 0.3918399260 0.0088028549 0.0634159984 0.1597442446 0.1873058470 0.4693430411 0.0255936041 0.2213106688 0.4197814305 0.2586873039 0.0826325954 0.3778307952 0.3101578082 0.4072405793 0.2700215708 0.0127105016 0.1008408259 0.2203411773 0.1370758408 0.5228499408 0.0012828743 0.2959930534 0.1100628087 0.2205168540 0.1826463452 0.3519401257 0.1237910709 0.2553337449 0.0938339621 0.3774846983 0.3006084806 0.0603755950 0.5179994460 0.2036575001 0.2609965676 0.4569133245 0.1381077908 0.2478488035 0.0119185942 0.1867644298 0.4202055340 0.5000000000 0.5374894990 0.5102676936 0.9471726485 0.9382133335 0.9764364015 0.6093030462 0.8375510533 0.9094064243 0.7243992662 0.7390315515 0.8306117621 0.9419601759 0.4827736785 0.9171355984 0.8797241770 0.3762890526 0.9650959065 0.8166210361 0.6836291154 0.9927810481 0.8967846794 0.7465106993 0.6119401566 0.8782607008 0.5085848811 0.4424039380
 0.0900816813 0.5125771755 0.3150683245 0.1063165983 0.1077593031 0.0888674887 0.3330152211 0.0723562757 0.3243688268 0.2472144177 0.2310143664 0.5975663938 0.9043805399 0.1430821098 0.0396644004 0.3162262953 0.0022516740 0.2725118673 0.4054117892 0.0918106071 0.1013705373 0.2276390290 0.0424063194 0.5923089218 0.1036076464 0.5663777071 0.0911890512 0.0426818457 0.1553790436 0.0145251190 0.3996260218 0.4794426733 0.2181042889 0.0651852491 0.1401972235 0.0571220342 0.1160278961 0.0155994021 0.3282818421 0.0933806502 0.4790071323 0.6705091611 0.4425211261 0.0538016908 0.0515432781 0.1408556789 0.3753727000 0.4418125717 0.2523129286 0.1399615436 0.1980237776 0.6918167335 0.0500074389 0.4625105010 0.5000000000 0.6585493026 0.8345703896 0.8854925199 0.4219153338 0.8767798507 0.6259953188 0.5396712564 0.7003114233 0.9841421900 0.7347993942 0.7794138449 0.5847775215 0.7605357542 0.9078956749 0.6225915733 0.5975249566 0.7713692621 0.7898287760 0.9492631443 0.8653840749 0.8812128194 0.7140262429 0.9769546466 0.8948932225 0.2615513548
 0.1076295558 0.1816405937 0.0036567128 0.2716801243 0.4227068913 0.2533805456 0.4082958343 0.0546719430 0.5661378158 0.2176942741 0.1109204270 0.0458414763 0.6984931215 0.1597578929 0.4853474578 0.0516206788 0.5432044404 0.1182571044 0.0915256220 0.5231501294 0.3363908802 0.6515466378 0.0507197352 0.3332680098 0.1011583830 0.1364342634 0.4119556074 0.3898590373 0.0615797091 0.1922917788 0.1053837965 0.0820810667 0.1808086728 0.1646762881 0.0060890651 0.6356853050 0.1376439818 0.2968208084 0.4146740219 0.0836645486 0.3331253682 0.2941615498 0.5387769291 0.4943801706 0.0323989965 0.1364086829 0.1785591327 0.5067883523 0.0987952874 0.0627070240 0.1348856949 0.3109036707 0.5155778095 0.4897323064 0.3414506974 0.5000000000 0.6967174385 0.6768933024 0.9300833350 0.7114008517 0.8533863863 0.6556460921 0.6829634055 0.7036465994 0.7729364315 0.5367751853 0.8304062006 0.5195653837 0.5255782921 0.6401305343 0.7657609002 0.8537235085 0.8127924640 0.7150145142 0.9986561223 0.9989698025 0.9077559491 0.3598562577 0.2561559850 0.9797865592
 0.0445537111 0.0601351672 0.4289178026 0.5199611829 0.0073419082 0.2921301207 0.4864850315 0.7039116981 0.0597224977 0.0646134069 0.1321563914 0.5631216590 0.6533483168 0.0573055878 0.0408438893 0.4299707579 0.5600512695 0.0983587599 0.0288742269 0.0056315351 0.2786029024 0.0639014895 0.0929763336 0.0306118046 0.0497050492 0.3803638963 0.3777797183 0.0368262552 0.1352791162 0.0593296392 0.0366391794 0.1500381326 0.1392848319 0.0374865626 0.1234921746 0.0111395297 0.4963313578 0.1837282071 0.4793585640 0.2728742335 0.0472851607 0.3808913874 0.2441129195 0.3777792366 0.2508164252 0.1403877255 0.0083566804 0.0652793464 0.1347766061 0.2656379821 0.1303547039 0.0101604960 0.4305677002 0.0528273515 0.1654296104 0.3032825615 0.5000000000 0.9700542740 0.8201071894 0.8399922625 0.3829702934 0.7720267129 0.8596783989 0.7486239070 0.8326611725 0.9645124348 0.9708816801 0.6283831164 0.8278015003 0.7943175275 0.8031087516 0.9328693119 0.9680705130 0.7240873389 0.9424099257 0.7282789652 0.6505980171 0.6009706710 0.7067211400 0.9870573559
 0.3209755840 0.1488459447 0.0089850679 0.7340223813 0.2564166315 0.4384331644 0.1798580945 0.1024598012 0.7106997227 0.3594790558 0.0749747324 0.0157633610 0.2088924798 0.2234106772 0.1007910929 0.0029555529 0.0243868353 0.1574009166 0.3010874829 0.1617398648 0.1770881477 0.0352128117 0.0599482187 0.0473799592 0.0191682465 0.5395694217 0.5539316289 0.7226676790 0.1843107466 0.4860817879 0.3067779985 0.1463139834 0.1199627705 0.1552351355 0.5060409807 0.5526522832 0.3520735322 0.0081385195 0.6258489967 0.2615054686 0.6393091117 0.0051218664 0.2064948209 0.6743402317 0.1505756237 0.0184331101 0.3472329476 0.0482846002 0.2231535565 0.2705594696 0.1953716547 0.0357874119 0.1313459137 0.0617866665 0.1145074801 0.3231066976 0.0299457260 0.5000000000 0.7821089282 0.7732695683 0.9795455251 0.3208273415 0.9147270926 0.8470981622 0.7355434899 0.8420188658 0.9802196003 0.5458263061 0.5825789762 0.9449779525 0.7999178818 0.6389597281 0.8235482990 0.3693865009 0.2148460009 0.9729488631 0.9243501310 0.6186813359 0.8207944544 0.9244170986
 0.0659522833 0.0838953333 0.1221976061 0.1127887761 0.1526125050 0.1782407366 0.0932632404 0.1458107251 0.0256145532 0.0108451008 0.1895142232 0.2367645595 0.1096173852 0.0246792830 0.0646733808 0.2678563873 0.5633861040 0.1664644803 0.1431032985 0.0247716158 0.1286673062 0.1951778548 0.1838611078 0.2184138797 0.1502845836 0.0396281310 0.7973927433 0.0161663822 0.0649941502 0.5589579782 0.7218444215 0.3004799926 0.2521940582 0.7261537475 0.1604755935 0.0800688994 0.0556220941 0.0196478593 0.0110915149 0.1184483321 0.1427722452 0.2110261987 0.0222697959 0.1746865549 0.7426226619 0.0388709934 0.4486377189 0.1100824823 0.2082352711 0.0938650769 0.1842375263 0.3543715359 0.0380904907 0.0235635985 0.5780846662 0.0699166650 0.1798928106 0.2178910718 0.5000000000 0.9755231658 0.7853064004 0.9539027795 0.7592021661 0.7584301833 0.9776950337 0.7198275038 0.7281662283 0.7803881359 0.5860153361 0.5782133630 0.9729990910 0.4832635385 0.8965259209 0.8412272888 0.3004860671 0.8922950550 0.8369346607 0.9240647912 0.9975622679 0.9654662878
 0.0278123852 0.2001424931 0.0544231234 0.2499290425 0.0590220017 0.3277808727 0.3795681988 0.2237555090 0.2872773785 0.0164689279 0.0148177459 0.2384409513 0.3777984530 0.0853657466 0.0778476822 0.5216593998 0.6316476839 0.1040189685 0.5463166276 0.7748099376 0.3155139197 0.3770456390 0.2515037078 0.5950051568 0.3568255624 0.0777084620 0.5298171835 0.2025057563 0.0668252319 0.0356574960 0.0420653059 0.2276598530 0.3181878895 0.5745462270 0.1167543935 0.0505723323 0.0616356807 0.4785627542 0.5088213727 0.2672430510 0.5197407841 0.2778067263 0.5621127316 0.4566220531 0.3853958709 0.1916141220 0.1260820348 0.0264732114 0.2677230598 0.1111521405 0.1056561072 0.2606227182 0.2268423304 0.3906969538 0.1232201493 0.2885991483 0.1600077375 0.2267304317 0.0244768342 0.5000000000 0.5715941503 0.6900355463 0.6904492151 0.8325557423 0.3680592457 0.8591596864 0.9763744887 0.6036776135 0.9876238162 0.9252328215 0.9170870383 0.9243925194 0.9736135827 0.8748113477 0.8468315408 0.2425308419 0.7121437852 0.4904693301 0.9665550969 0.9907969028
 0.3932204179 0.4734315196 0.0462233693 0.1722880056 0.4988577417 0.1226902792 0.0349807699 0.1012235446 0.0422491979 0.4008202592 0.1522333323 0.4353297814 0.0859375501 0.0273511142 0.3634761351 0.4362641808 0.1392701698 0.2359524159 0.0868449856 0.2537591803 0.3232509265 0.2415752981 0.4166981265 0.1016853724 0.5818096853 0.1883869490 0.2818011402 0.1414487195 0.0962074893 0.2521012170 0.3909747849 0.4240420241 0.2677010869 0.0401548219 0.3650153719 0.0792982021 0.0131710946 0.0238936828 0.1461423548 0.1439897625 0.0469629512 0.2138248692 0.5044679472 0.1162749600 0.0807756079 0.3559573348 0.3159088989 0.8017615950 0.1030253708 0.3207854808 0.2889053463 0.0256202175 0.1274068189 0.1624489467 0.3740046812 0.1466136137 0.6170297066 0.0204544749 0.2146935996 0.4284058497 0.5000000000 0.8913573731 0.8440034464 0.7671917349 0.7344397430 0.6260653297 0.9709765197 0.6940877283 0.3757916921 0.8054836776 0.7652386679 0.9976075388 0.9038460965 0.6934676092 0.9625893685 0.8601511227 0.9544213322 0.5978355026 0.8699223243 0.9605868303
 0.4633203482 0.3721212859 0.0514863714 0.0208521867 0.1758542703 0.1607851523 0.0898850583 0.5066664806 0.3774703096 0.0044255821 0.2594909148 0.0529539034 0.1224438434 0.0704451173 0.1782166059 0.0888980487 0.2017558147 0.1264399723 0.3829900696 0.1244588183 0.2045806330 0.6537957738 0.0236999465 0.4076887601 0.6951384121 0.4041414261 0.3813333918 0.0801695121 0.0541649246 0.1173666902 0.0143359837 0.5295718393 0.5712142383 0.2062283265 0.5219051086 0.0556728775 0.0126111179 0.2148660770 0.2977520798 0.0855845857 0.0697040171 0.1362525706 0.1652898014 0.0002515727 0.0722515820 0.1135408128 0.1745943390 0.0517671662 0.0908416826 0.0893600694 0.4284786245 0.2612187340 0.1083515133 0.0905935757 0.4603287436 0.3443539079 0.2279732871 0.6791726585 0.0460972205 0.3099644537 0.1086426269 0.5000000000 0.6672304816 0.4759408786 0.6738503010 0.3229674578 0.9693972076 0.6195580813 0.6766793482 0.6299690481 0.9047618941 0.8021305203 0.7639796979 0.9783966994 0.2700761830 0.9924865129 0.7159139452 0.8907711779 0.8547210509 0.9618609007
 0.8203838988 0.0714606722 0.2675107046 0.0000293868 0.4545623682 0.2511853289 0.1594734813 0.2202095677 0.2865042600 0.2830438615 0.4395323994 0.1678736015 0.1239949341 0.5030808945 0.2027447244 0.1233123917 0.3315304708 0.0548533319 0.1954909920 0.0174859222 0.3119997952 0.3565035352 0.2547647351 0.1836466637 0.1714174261 0.1928677922 0.0551398217 0.2738562399 0.0443286181 0.7114497816 0.0668010366 0.1094392867 0.0372109743 0.1388268828 0.4261835564 0.4227397009 0.2649550473 0.1680910317 0.3654616686 0.2375731784 0.2577490085 0.2818661743 0.2785330349 0.2360274260 0.2500228241 0.2323890968 0.0585460409 0.0306643760 0.3598819761 0.1659353792 0.1470424546 0.4214212366 0.0014958953 0.2756007338 0.2996885767 0.3170365945 0.1403216011 0.0852729074 0.2407978339 0.3095507849 0.1559965536 0.3327695184 0.5000000000 0.1839918710 0.9554664061 0.8654972736 0.8658718835 0.6447724100 0.9078291491 0.9215140262 0.3994938004 0.5707664413 0.8992805306 0.8401833453 0.8335835825 0.8022665341 0.9557974855 0.5853349603 0.9163282684 0.7690540199
 0.5846370054 0.3072130011 0.1190188306 0.4003052719 0.0314401996 0.0555740866 0.5330174164 0.5093108255 0.1578014467 0.0345457157 0.3123725813 0.0854633055 0.0196055569 0.1402690776 0.6338868122 0.5933632481 0.0404703615 0.2662558636 0.3196290402 0.2432106692 0.1143207906 0.1017156644 0.0800997891 0.1862322078 0.1508507181 0.5204682514 0.2483613366 0.1137265349 0.3885772623 0.0012715701 0.4913325939 0.6507692514 0.2797153388 0.4957308565 0.2715652137 0.1544066245 0.0481801193 0.3865558826 0.3903918782 0.0537412118 0.3248953170 0.3752524439 0.3494919429 0.2231676599 0.5877839625 0.2182720762 0.1281590800 0.0707250446 0.0148779215 0.0409358081 0.1922400591 0.2637287192 0.0326025535 0.2609684485 0.0158578100 0.2963534006 0.2513760930 0.1529018378 0.2415698167 0.1674442577 0.2328082651 0.5240591214 0.8160081290 0.5000000000 0.7636478708 0.5730949187 0.8077358862 0.6444205017 0.7805932097 0.6765840573 0.9901954320 0.7947459967 0.2693689173 0.8701140062 0.8110216070 0.8600715482 0.5704797644 0.7020807775 0.9573717836 0.9424685080
 0.3670282321 0.1135344478 0.2333686446 0.0187594763 0.2267565690 0.0359215222 0.4818875589 0.0082830788 0.4998330604 0.4205939371 0.0260088957 0.1837392549 0.2588222680 0.1219214843 0.4084112265 0.1911372563 0.0781306848 0.0922558461 0.1510907203 0.2627683511 0.3202133367 0.1613221016 0.2514234262 0.4776373581 0.0841875750 0.5063552300 0.0607456624 0.1791451767 0.4821349421 0.6574624325 0.0529817079 0.5182351659 0.0640467648 0.3816778164 0.2347206605 0.1091047505 0.4208761396 0.1398112610 0.1733058679 0.0989850098 0.0074791305 0.6753633804 0.5251182296 0.1167617472 0.2032863295 0.2081927542 0.0764179209 0.1353381885 0.0067165583 0.1041018804 0.1420354209 0.1745148493 0.7894814350 0.1693882379 0.2652006058 0.2270635685 0.1673388275 0.2644565101 0.0223049663 0.6319407543 0.2655602570 0.3261496990 0.0445335939 0.2363521292 0.5000000000 0.7910333886 0.9782905528 0.8832186713 0.8294498934 0.3662701607 0.9900159743 0.7239679066 0.9715901463 0.9962964637 0.9126197933 0.6551149363 0.9538389012 0.8317983309 0.6779873665 0.4740117107
 0.4913102531 0.1285650814 0.0824267080 0.0485206156 0.5033099209 0.0531689600 0.1145634109 0.2123602075 0.0659052395 0.0459231096 0.0665737960 0.0462584909 0.2282649447 0.7055070455 0.1962586202 0.0542004257 0.1346271266 0.0348059794 0.3452901589 0.0241232145 0.3018895625 0.0984774841 0.1031875323 0.2399410271 0.5720998787 0.1009815250 0.2726329104 0.2723576682 0.6649243388 0.1371629569 0.6357881938 0.1840575232 0.2056053235 0.5700389071 0.0219446918 0.6095237912 0.2151970836 0.2565285644 0.2040826617 0.8202231430 0.1292273053 0.4462838141 0.0016230022 0.6520917624 0.0786825477 0.1086045243 0.0484448667 0.0227896694 0.4652934373 0.1533201706 0.5925715932 0.0038475572 0.1044150357 0.0580398241 0.2205861551 0.4632248147 0.0354875652 0.1579811342 0.2801724962 0.1408403136 0.3739346703 0.6770325422 0.1345027264 0.4269050813 0.2089666114 0.5000000000 0.7115246548 0.6483767875 0.7538336393 0.9948230676 0.5714553180 0.7839791756 0.8676335248 0.9330228081 0.9790026349 0.8231100169 0.9551521689 0.7674196780 0.5078020789 0.7552942419
 0.0258789894 0.4707118096 0.3658428946 0.2510257119 0.3769838405 0.2207009230 0.2368022618 0.2498392815 0.2263719711 0.0753065764 0.4659369289 0.1965797261 0.0380951532 0.4840369430 0.0819920288 0.0164238641 0.3837688424 0.4552475156 0.1257814403 0.0362736809 0.1938352102 0.7393813014 0.2615417507 0.5625134726 0.1930757497 0.4531189693 0.0340520761 0.6822152611 0.0269869127 0.3659813937 0.1354618164 0.0591266717 0.4643338940 0.0417720621 0.2230219071 0.0782801801 0.0499529124 0.2271081121 0.1698971826 0.3067889735 0.1581999004 0.1133397624 0.5419072594 0.1935907587 0.3239498812 0.0292916610 0.5362016429 0.4978387441 0.0360926654 0.0199135366 0.0823855129 0.1415808850 0.1466401799 0.5172263215 0.4152224785 0.1695937994 0.0291183199 0.0197803997 0.2718337717 0.0236255113 0.0290234803 0.0306027924 0.1341281165 0.1922641138 0.0217094472 0.2884753452 0.5000000000 0.8307690213 0.9049647974 0.9345274417 0.4207116745 0.5182917285 0.1030277598 0.9045404468 0.2441539846 0.9446496703 0.6827716455 0.1823331071 0.9343535419 0.9507944535
 0.0801237782 0.2633669365 0.4005787819 0.4068796876 0.4069654632 0.0318779426 0.1527169348 0.2854496429 0.3371598965 0.3991813484 0.5907409155 0.4556473804 0.4636932438 0.0053354671 0.2792590008 0.6816570150 0.0645990494 0.2818623594 0.0312283577 0.3570026891 0.0527947970 0.5003190967 0.4625006386 0.4277697367 0.1424855381 0.0962766494 0.0262004104 0.0948855389 0.0757047616 0.0161544606 0.0496486375 0.0626920362 0.3048315051 0.5621876353 0.1029759808 0.0292605304 0.2370092733 0.0049759246 0.5443236923 0.0226253556 0.0217328723 0.0950731495 0.3745263327 0.0282217986 0.4401562129 0.2141628783 0.1642110191 0.1912840069 0.0304076875 0.2254160694 0.1404413731 0.3982642237 0.0670160139 0.0828644016 0.2394642458 0.4804346163 0.3716168836 0.4541736939 0.2196118641 0.3963223865 0.3059122717 0.3804419187 0.3552275900 0.3555794983 0.1167813287 0.3516232125 0.1692309787 0.5000000000 0.9677415459 0.9961146680 0.9877706320 0.9799989975 0.8451680495 0.5030115573 0.9959418031 0.9794349618 0.6551935363 0.9932972423 0.6569938591 0.7159448034
 0.1610471058 0.1165700405 0.2550771694 0.5742638842 0.0034067775 0.2356609713 0.1417759980 0.5735026906 0.0243092035 0.0368235182 0.2112651467 0.0554933874 0.1818335552 0.6396553885 0.1625016213 0.5804311583 0.7426196804 0.3382706064 0.0609323176 0.8154209367 0.5761635242 0.4391688393 0.4266652323 0.2769343993 0.2479706260 0.2362861589 0.2103754058 0.5896615672 0.0832789333 0.2368563252 0.0109125631 0.2653743096 0.8682788511 0.0253234407 0.1765584068 0.5688247645 0.1405611412 0.0632979787 0.0526127589 0.2846630248 0.1873894769 0.1608530833 0.4677999921 0.4137005652 0.2634143954 0.0749017880 0.2468764711 0.4757321585 0.8363864467 0.0016696145 0.1235266004 0.0601982469 0.0776814806 0.1202758230 0.0921043251 0.4744217079 0.1721984997 0.4174210238 0.4139846639 0.0123761838 0.6242083079 0.3233206518 0.0921708509 0.2194067903 0.1705501066 0.2461663607 0.0950352026 0.0322584541 0.5000000000 0.8687129289 0.7388643245 0.8537349364 0.9644068071 0.5090890521 0.4187233610 0.9260228316 0.7396447067 0.5058112113 0.9830512597 0.9377955016
 0.5603031812 0.0131557189 0.0978087014 0.3865154439 0.4426230724 0.0141623165 0.2390234568 0.1187317069 0.0424012512 0.0231059745 0.6793244386 0.1772241332 0.5957117621 0.2124671689 0.5909541373 0.0949104384 0.1812183799 0.0057463416 0.5371023079 0.3733919369 0.0956488678 0.4958829031 0.1848801303 0.3172269956 0.1863360248 0.1062577062 0.3208026368 0.0128343314 0.0584290600 0.0354358148 0.3002531868 0.5003322168 0.0544819935 0.1509601585 0.0302310245 0.1711038658 0.3843384692 0.0784640868 0.1973608869 0.8725291313 0.6619785542 0.3563753950 0.8726509710 0.2775067346 0.1672542830 0.2673217693 0.0814717632 0.4815045648 0.3471061714 0.2140754089 0.8776861585 0.7485597842 0.2907931622 0.6237109474 0.3774084267 0.3598694657 0.2056824725 0.0550220475 0.4217866370 0.0747671785 0.1945163224 0.3700309519 0.0784859738 0.3234159427 0.6337298393 0.0051769324 0.0654725583 0.0038853320 0.1312870711 0.5000000000 0.2067999103 0.8481843045 0.9743507695 0.8786419443 0.9323394334 0.6513939143 0.7222518722 0.7318836348 0.6961430485 0.8906252347
 0.0127784180 0.3423795434 0.0910699993 0.0451204608 0.4048219684 0.1881710487 0.3200981515 0.1963975980 0.2383811158 0.1978962125 0.3163925465 0.1726356415 0.2687832686 0.0475873080 0.2605621852 0.2232343083 0.0212881491 0.6741033110 0.3251154848 0.1658619127 0.1416928635 0.0721325737 0.0681485895 0.2783581006 0.1490681254 0.1006690065 0.0276472791 0.0225595106 0.7917155767 0.3186033429 0.0241580676 0.1363245113 0.2607422505 0.0459557978 0.7189773514 0.0064348389 0.3144884816 0.1717941589 0.4707587078 0.4352052366 0.5644494684 0.0309296139 0.0612128413 0.6115079633 0.2847245194 0.3960990867 0.1205471818 0.1396943236 0.0415837007 0.4752011341 0.0669412173 0.3154355146 0.0152192715 0.0349040935 0.4024750434 0.2342390998 0.1968912484 0.2000821182 0.0270009090 0.0829129617 0.2347613321 0.0952381059 0.6005061996 0.0098045680 0.0099840257 0.4285446820 0.5792883255 0.0122293680 0.2611356755 0.7932000897 0.5000000000 0.5633059465 0.9329993708 0.9698136863 0.5043291994 0.7017661049 0.9493689230 0.8282098075 0.7457221114 0.9757736350
 0.3865637465 0.3910000372 0.3187378129 0.6165979265 0.0336728785 0.6487323500 0.0786485264 0.4181324087 0.5873921401 0.0368176645 0.1445177086 0.1040333390 0.5692483223 0.1084800012 0.0473362386 0.0035001853 0.1097243431 0.4517046038 0.7180965784 0.6455586454 0.5074936608 0.1645797871 0.3895855630 0.3015267842 0.5960817581 0.2918186295 0.0487890298 0.0832616705 0.1786504345 0.4649608989 0.1508860761 0.1409110181 0.2180565906 0.1373955070 0.0622994429 0.1172772817 0.4462615117 0.1055247183 0.2929471802 0.0363386032 0.4903261914 0.1413971480 0.1727415334 0.1019662082 0.1141735747 0.0527930292 0.1319340120 0.1062202818 0.5251561502 0.2323199640 0.2860939945 0.4699365144 0.5576028011 0.1833789639 0.2286307379 0.1462764915 0.0671306881 0.3610402719 0.5167364615 0.0756074806 0.0023924612 0.1978694797 0.4292335587 0.2052540033 0.2760320934 0.2160208244 0.4817082715 0.0200010025 0.1462650636 0.1518156955 0.4366940535 0.5000000000 0.9104558604 0.7255110645 0.1923227887 0.6807449028 0.7762682228 0.9675879495 0.9402444237 0.9954911624
 0.3189736644 0.3693813466 0.3098428301 0.6179696471 0.0160003412 0.0375575550 0.2584490444 0.0200754391 0.2565721027 0.1990110025 0.1084402216 0.0519472632 0.0929078839 0.0867150460 0.0067207534 0.1869481819 0.1033861949 0.8251123256 0.2639167730 0.2914906422 0.4796553754 0.2724019396 0.3460046543 0.4161948458 0.0753431298 0.1083138648 0.0961064828 0.1754785259 0.2963927201 0.4191526836 0.0238875766 0.3549696513 0.4478936198 0.3868832580 0.2105542416 0.2003792497 0.5801927895 0.0314471058 0.4865138082 0.0219470161 0.4151541894 0.2001723351 0.4046615205 0.3857694899 0.3126922379 0.3750066690 0.0577939117 0.0435256011 0.1833260218 0.1623994433 0.0505780488 0.3603776882 0.4278813722 0.3163708846 0.2101712240 0.1872075360 0.0319294870 0.1764517010 0.1034740791 0.0263864173 0.0961539035 0.2360203021 0.1007194694 0.7306310827 0.0284098537 0.1323664752 0.8969722402 0.1548319505 0.0355931929 0.0256492305 0.0670006292 0.0895441396 0.5000000000 0.5281585021 0.8669879929 0.5752805103 0.8312707637 0.9384267936 0.9054564102 0.7939291965
 0.0295169744 0.6305336947 0.3503111622 0.3594048246 0.3491553490 0.3209245663 0.2962284859 0.1146784648 0.2881055484 0.3726103365 0.1312925493 0.0021585362 0.0858482848 0.0659978576 0.2124032171 0.4288509150 0.1971653521 0.0181084305 0.2058666370 0.7624689631 0.5160780585 0.1121969983 0.2066355407 0.4192922839 0.1391507247 0.1241116946 0.0706569302 0.2192508948 0.1544795764 0.2591391930 0.1386516725 0.1645809121 0.4507637277 0.3521020299 0.0403448792 0.0274519271 0.0460712808 0.1659167185 0.0353486506 0.5502132500 0.0277929678 0.0685516958 0.3822082122 0.2512028842 0.5875935840 0.2216700764 0.2499999552 0.2447829566 0.3701765370 0.7368296170 0.3087405195 0.5590972901 0.1474936477 0.0072189519 0.0507368557 0.2849854858 0.2759126611 0.6306134991 0.1587727112 0.1251886523 0.3065323908 0.0216033006 0.1598166547 0.1298859938 0.0037035363 0.0669771919 0.0954595532 0.4969884427 0.4909109479 0.1213580557 0.0301863137 0.2744889355 0.4718414979 0.5000000000 0.7744104427 0.8436355442 0.8943801599 0.6047157887 0.8708329145 0.9974754043
 0.2977763200 0.0580203517 0.2815319488 0.4368211002 0.1596858812 0.4217433057 0.2236595208 0.3794765683 0.7040379201 0.3669145648 0.1628243390 0.3106065150 0.0980379880 0.0783919515 0.5772944675 0.0483916408 0.0824186044 0.4068359371 0.0606616027 0.2012264701 0.1649157529 0.1976278243 0.3717334361 0.1580890502 0.2306370326 0.1007535711 0.0886417190 0.2457649086 0.1401712991 0.2277207484 0.1993501838 0.1705745889 0.6793524754 0.0701510054 0.2938384919 0.1011587379 0.3990455302 0.0707131758 0.1568679172 0.2711766617 0.1017734724 0.2560705927 0.2785670497 0.1526605058 0.2915473502 0.4295258755 0.2211705275 0.1172608178 0.0867811497 0.0480776245 0.0749463941 0.0659134245 0.6082954205 0.1032153206 0.1346159251 0.0013438777 0.0575900743 0.7851539991 0.6995139329 0.1531684592 0.0374106315 0.7299238170 0.1664164175 0.1889783930 0.0873802067 0.0209973651 0.7558460154 0.0040581969 0.5812766390 0.0676605666 0.4956708006 0.8076772113 0.1330120071 0.2255895573 0.5000000000 0.9394775145 0.5837074490 0.5741676343 0.5011978843 0.3817435292
 0.0293101918 0.0044720062 0.1687384756 0.0575109610 0.3226250819 0.1740428909 0.0152984686 0.2064885283 0.6169270294 0.5928383639 0.3001822587 0.6484431503 0.1391868991 0.4191550706 0.3334103748 0.3269787166 0.0076454660 0.1452462420 0.5183936817 0.0126667680 0.0423925865 0.0303389442 0.5943753819 0.0255479779 0.0502506153 0.1527890593 0.0105371833 0.2426520318 0.3168337715 0.2631955419 0.1557117781 0.1217813128 0.1696937489 0.0029536465 0.0186435424 0.1317231195 0.0694057283 0.1062227719 0.1482711373 0.2824241856 0.1238721208 0.3198025290 0.5687694500 0.4186341414 0.1178253617 0.0383404529 0.5281816610 0.4989364269 0.0868545409 0.0417151327 0.3780411629 0.7720954599 0.5895301468 0.2534893007 0.1187871806 0.0010301975 0.2717210348 0.0270511369 0.1077049450 0.7574691581 0.1398488773 0.0075134871 0.1977334659 0.1399284518 0.3448850637 0.1768899831 0.0553503297 0.0205650382 0.0739771684 0.3486060857 0.2982338951 0.3192550972 0.4247194897 0.1563644558 0.0605224855 0.5000000000 0.9133112539 0.9945087885 0.8138885692 0.7048232303
 0.0912147669 0.0710707067 0.4768600630 0.0922572327 0.0095655927 0.1074829166 0.0116500490 0.0045774338 0.6289386064 0.0566027017 0.3685685144 0.4973819482 0.3378623328 0.3782546973 0.4867353360 0.1277029842 0.0798133157 0.3135931089 0.0663046208 0.2034526056 0.0243542308 0.3118209671 0.2907539556 0.2985851679 0.0925926316 0.6588755216 0.1369272073 0.1921798368 0.1063576090 0.1794514049 0.0689432246 0.4006363517 0.0579668707 0.5312602296 0.4570660053 0.1089347530 0.1004491570 0.1845542956 0.0904839385 0.3361804922 0.1475876346 0.0594171340 0.1036616116 0.1214954362 0.1939584241 0.0533265117 0.0592520397 0.2779454521 0.0015459682 0.3534838889 0.2992583594 0.1647081506 0.3437201522 0.3880598434 0.2859737571 0.0922440509 0.3494019829 0.0756498690 0.1630653393 0.2878562148 0.0455786678 0.2840860548 0.0442025145 0.4295202356 0.0461610988 0.0448478311 0.3172283545 0.3448064637 0.2603552933 0.2777481278 0.0506310770 0.2237317772 0.1687292363 0.1056198401 0.4162925510 0.0866887461 0.5000000000 0.7410154461 0.9029703950 0.9662038768
 0.3641031116 0.1228833017 0.5294997434 0.2847230137 0.3229241912 0.1080850044 0.5378726804 0.1510469120 0.2471051195 0.3524111578 0.1044650269 0.3168268502 0.6316281367 0.0270543240 0.4182527479 0.2789581825 0.4799744988 0.0305673399 0.5969664908 0.3052947137 0.1141942971 0.7767421882 0.5320734503 0.1000925604 0.6200382385 0.2858282915 0.2697628636 0.1113547860 0.1731216269 0.1395920997 0.4423240643 0.7240029340 0.3765272555 0.1554379313 0.1546493343 0.1402914119 0.2130153220 0.0963084796 0.4218943569 0.1269096402 0.5766064812 0.4538006221 0.0285362614 0.4299990064 0.4566498830 0.7286368421 0.4797199033 0.1411917484 0.1246989174 0.0003182265 0.0750357044 0.3008545407 0.3062759968 0.1217392992 0.0230453534 0.6401437423 0.3990293290 0.3813186641 0.0759352088 0.5095306699 0.4021644974 0.1092288221 0.4146650397 0.2979192225 0.1682016691 0.2325803220 0.8176668929 0.0067027577 0.4941887887 0.2681163652 0.1717901925 0.0324120505 0.0615732064 0.3952842113 0.4258323657 0.0054912115 0.2589845539 0.5000000000 0.9452890137 0.2398704421
 0.0704788285 0.0904576979 0.3209209874 0.2656886331 0.2853878539 0.4020583226 0.2854840962 0.1362460295 0.3789400724 0.0869013705 0.5146086153 0.2198269409 0.0844362353 0.0450494960 0.4177717227 0.2669931111 0.3215123062 0.2439271376 0.3913241806 0.0280050527 0.4962280581 0.3650008677 0.2695643594 0.2144055357 0.4170509866 0.6596217787 0.5326436953 0.3299351311 0.1715264722 0.2309324450 0.1503080674 0.4436910537 0.2455560810 0.0817919287 0.4645031459 0.1271209119 0.5293384188 0.2680924714 0.5885011876 0.3382438428 0.8579082035 0.5576502915 0.3113692234 0.0165157857 0.2373610670 0.5286034726 0.2056729640 0.2169015785 0.5642964471 0.2560258169 0.2117101542 0.1881072552 0.3632414105 0.4914151189 0.1051067775 0.7438440150 0.2932788600 0.1792055456 0.0024377321 0.0334449031 0.1300776757 0.1452789491 0.0836717316 0.0426282164 0.3220126335 0.4921979211 0.0656464581 0.3430061409 0.0169487403 0.3038569515 0.2542778886 0.0597555763 0.0945435898 0.1291670855 0.4988021157 0.1861114308 0.0970296050 0.0547109863 0.5000000000 0.7677668219
 0.8635170732 0.0820577836 0.3075030315 0.3283091347 0.3149943678 0.0935622604 0.6426016154 0.2363642903 0.2223014941 0.1703760117 0.0758661855 0.0110686295 0.1435918757 0.0759357083 0.3757194904 0.0562679414 0.3850260225 0.3053741566 0.1049081732 0.6127650173 0.0245696770 0.0039457252 0.0343027431 0.0414477544 0.1465464375 0.1182276417 0.5733303058 0.0686921921 0.5909532375 0.1495120883 0.2652221999 0.1609024669 0.4128521683 0.5271210101 0.6436946560 0.1608429103 0.5577717360 0.5012907421 0.4489917260 0.2071469099 0.0316586182 0.3421225473 0.3891130463 0.0568320257 0.4383817160 0.4171374805 0.5581259077 0.0504814585 0.5559844979 0.2030116284 0.3126923361 0.0525605815 0.1621941850 0.5575960620 0.7384486452 0.0202134408 0.0129426441 0.0755829014 0.0345337122 0.0092030972 0.0394131697 0.0381390993 0.2309459801 0.0575314920 0.5259882893 0.2447057581 0.0492055465 0.2840551966 0.0622044984 0.1093747653 0.0242263650 0.0045088376 0.2060708035 0.0025245957 0.6182564708 0.2951767697 0.0337961232 0.7601295579 0.2322331781 0.5000000000
]
