n: 80

c:
[
 0.5000000000 0.9170012788 0.4753021405 0.8092504416 0.4704350808 0.9107050834 0.9961907620 0.8344584002 0.8915486457 0.9698388280 0.9777191649 0.9722493301 0.9571584389 0.3983862742 0.8281035310 0.4439046261 0.8965892800 0.9762341010 0.7359380417 0.6523712332 0.3533524673 0.1944319570 0.5585902323 0.9408557679 0.9698788594 0.8412786710 0.3479762809 0.5992611381 0.9294986861 0.7479937949 0.9533864365 0.4456778494 0.9414636034 0.7237261711 0.5171994680 0.9472035179 0.9520114033 0.3147257732 0.9681779717 0.7788828546 0.7653554744 0.8364476598 0.8225831323 0.9877157263 0.9449583616 0.8735911159 0.6265933273 0.9412110749 0.8914121654 0.6995922711 0.6990015718 0.5995358099 0.5186250371 0.9875157376 0.9710904403 0.9777576677 0.8855597871 0.5699309223 0.7256693313 0.7806429777 0.5842436217 0.7964856839 0.2138960402 0.7418687179 0.9587004220 0.8125766373 0.5604769246 0.9036967621 0.9245873373 0.9524457686 0.8050769579 0.6674471024 0.8932282533 0.7431785619 0.4476042019 0.8665364752 0.9353620921 0.9225883413 0.4766079464 0.6676862910
 0.0829987212 0.5000000000 0.9718998034 0.6782887905 0.7461615704 0.9509184591 0.3058546120 0.9366692687 0.3231468093 0.4733318995 0.1629762030 0.6623566395 0.7045636476 0.6697154152 0.9745043215 0.6285059873 0.9338715822 0.7368543174 0.3493680465 0.5008509659 0.4783455087 0.5521301897 0.5815920741 0.9532818799 0.9541780426 0.5765864747 0.4250547603 0.6964546242 0.9817842367 0.8093148516 0.7338855198 0.9109873560 0.5272754192 0.8353385597 0.9577245827 0.7548044148 0.1043134195 0.9650715912 0.7622896109 0.4538956945 0.8360223461 0.7552681093 0.4930968290 0.8518093487 0.9247372799 0.9688037450 0.7133686308 0.6628442292 0.7654022544 0.8916452373 0.9739511357 0.7199560587 0.9518997198 0.8198866949 0.8408390768 0.9245133420 0.8141558455 0.7325798368 0.7960399003 0.5770059078 0.7217016795 0.8186703999 0.6357087069 0.8131461564 0.4552685558 0.8874125805 0.6228278748 0.5132247300 0.6126203805 0.8968203989 0.8250456025 0.8712583788 0.6756713854 0.9547786050 0.9589877160 0.8171992610 0.7242029128 0.9638588185 0.4203189553 0.7886398127
 0.5246978595 0.0281001966 0.5000000000 0.3648594195 0.7442679091 0.2280787670 0.9403799007 0.6480959121 0.8106134089 0.8969523004 0.7931136425 0.9644854230 0.5906870115 0.6193252332 0.5500389272 0.6461332165 0.2057688700 0.7952227785 0.7351806700 0.9391192863 0.8839903354 0.9298623599 0.8871660792 0.7912355378 0.9976015412 0.8815722110 0.7017493119 0.8098072862 0.7522462314 0.9215721229 0.4779939652 0.8044615134 0.8723534319 0.8206483447 0.4591841539 0.8925353782 0.7108019007 0.7790270591 0.9388710284 0.7709525777 0.8045307634 0.8391004849 0.6732124479 0.9831382023 0.8787953866 0.9984510148 0.8006612301 0.9851886967 0.9073732321 0.7776417280 0.9274663296 0.8760035586 0.4447447971 0.8041141632 0.9102606900 0.1645104220 0.7412592329 0.7609738160 0.8460818269 0.6785685999 0.9782966968 0.7339531699 0.9918789671 0.4682242748 0.7316597741 0.6633264199 0.6400912140 0.3682849700 0.4909188924 0.9858879716 0.7772895602 0.8869144599 0.7295523109 0.8964808908 0.6415129272 0.8595701334 0.4567648943 0.9742713547 0.8969872857 0.4026600133
 0.1907495584 0.3217112095 0.6351405805 0.5000000000 0.7168751291 0.4041134390 0.9663921317 0.5774679835 0.7951924950 0.5520850354 0.6819642071 0.8702409242 0.8551785011 0.9030045870 0.4971549349 0.9838458316 0.5078404556 0.6003279872 0.8454729143 0.9847588913 0.9048045948 0.8294279368 0.7872361642 0.9099642122 0.9959159423 0.9727467831 0.9829404210 0.6658168012 0.8928508171 0.5679259293 0.8909179851 0.5899348446 0.3825210474 0.9827657328 0.7310252139 0.8083926446 0.7686674664 0.9286617597 0.7583721471 0.4651325766 0.7346384878 0.5927470307 0.4559830104 0.6054346453 0.3794678246 0.9240828418 0.7426756715 0.9797721398 0.7669687332 0.7743609962 0.9763697823 0.3557331521 0.7099645526 0.8092923962 0.8955731675 0.5843867925 0.4200042988 0.7574421199 0.7790321084 0.6239864598 0.9796666976 0.9394252249 0.8336744608 0.8174070073 0.6683051290 0.9642354932 0.6532471629 0.9283386984 0.2751338727 0.4151434860 0.6720263255 0.7958797239 0.9946990226 0.3011497713 0.9198475087 0.7980802711 0.9254721083 0.8244579403 0.9068295803 0.4762498033
 0.5295649192 0.2538384296 0.2557320909 0.2831248709 0.5000000000 0.8335187575 0.5869150502 0.9149602787 0.9935175115 0.9270265349 0.5532759388 0.8878959937 0.6599265989 0.5970032242 0.6113725094 0.5326727636 0.9824942460 0.9113360670 0.7432172741 0.8968610412 0.3582165916 0.9461484352 0.8448488094 0.9326184438 0.6667059425 0.9445221276 0.7064324950 0.6924171841 0.8560223880 0.8604934902 0.7019260176 0.8349746997 0.6276314929 0.7903209265 0.9874611431 0.7055634963 0.8751420843 0.5381598440 0.7553149553 0.7124925309 0.7252217833 0.6812671178 0.9160739991 0.8697678987 0.5427638804 0.8101127488 0.6984453397 0.9746505220 0.6954378863 0.9172478369 0.8524327895 0.7991698175 0.2736311373 0.9018641512 0.9703305664 0.6589721429 0.7788121156 0.8133174215 0.9944293393 0.4800138215 0.5444869351 0.8786605597 0.9343237397 0.4680417783 0.8347386983 0.6970658263 0.2313869037 0.3786472779 0.7668091494 0.7907482504 0.9891291343 0.7982948084 0.3939233770 0.3321243302 0.8469453081 0.7786537693 0.9799444865 0.7046948751 0.8824501705 0.8456530027
 0.0892949166 0.0490815409 0.7719212330 0.5958865610 0.1664812425 0.5000000000 0.9077052162 0.5669597339 0.5824904400 0.7299741467 0.5101628294 0.5722189122 0.7551513019 0.6444777653 0.9581108796 0.9330042316 0.7855468900 0.7109511284 0.9180462166 0.5856492084 0.9140136833 0.9289275682 0.9725515995 0.8821274152 0.6699066452 0.8199138921 0.5753315613 0.5036845703 0.9474273041 0.9431642591 0.6488761250 0.3333657702 0.5056497473 0.9364402749 0.9711128880 0.7932047280 0.7958032518 0.8798879886 0.6498742865 0.7420569270 0.9691093311 0.9283828528 0.9432253680 0.7326967566 0.8024194891 0.9886600074 0.8436267889 0.6534596098 0.4720574672 0.9552600264 0.5796409972 0.4235616504 0.5741929772 0.9050975353 0.5767327566 0.8589127977 0.4029175397 0.9715649001 0.1988767812 0.6457095130 0.5088169263 0.6944938734 0.7060752797 0.8582764356 0.6937313108 0.9291560936 0.1827933499 0.7008682804 0.6892610041 0.9224770892 0.9200913936 0.7785199673 0.8999179378 0.9688518308 0.5990179780 0.4891884895 0.7171096701 0.8966540281 0.9881888407 0.6104645372
 0.0038092380 0.6941453880 0.0596200993 0.0336078683 0.4130849498 0.0922947838 0.5000000000 0.5243022709 0.3675271839 0.5184329140 0.9202030744 0.5496692448 0.9352683923 0.8279461459 0.2026970201 0.8118629138 0.1383231857 0.8027156325 0.6931593749 0.7591208334 0.7822317717 0.8830785251 0.9889910759 0.7757916824 0.7596467341 0.8081770032 0.7479977236 0.8032768347 0.7041343837 0.9086361781 0.8717572405 0.8403281520 0.8737336728 0.6707661679 0.8791588151 0.9862521599 0.6088101293 0.8439365222 0.6732240974 0.8014300578 0.8267855154 0.6000510129 0.9342402750 0.6878566110 0.3946654325 0.2868122443 0.8787440623 0.5817458688 0.9345339634 0.6994193066 0.3438038871 0.8632830213 0.3560355267 0.9338365041 0.4025719480 0.7218086731 0.9765218796 0.9253141284 0.8909483998 0.4948646815 0.8464359565 0.5665474163 0.7356141726 0.9317134133 0.9963926562 0.5569577316 0.8779469546 0.7242333135 0.7808735570 0.8969865353 0.8124299011 0.8520114621 0.9137522449 0.3859112238 0.7292089139 0.9612184469 0.9876127204 0.5283647700 0.5401614857 0.9995880777
 0.1655415998 0.0633307313 0.3519040879 0.4225320165 0.0850397213 0.4330402661 0.4756977291 0.5000000000 0.9870067121 0.6767826956 0.8833798183 0.5141842852 0.9028609253 0.5911669319 0.6592043220 0.7318921870 0.9561024459 0.3873859677 0.4733323615 0.1249345135 0.8187325509 0.8212834930 0.8470170048 0.7946308223 0.5937210387 0.8707207537 0.4723083049 0.9423306288 0.4144676690 0.7655390817 0.6157481063 0.8118212834 0.7369756787 0.6150845781 0.9682500998 0.8023270111 0.8778424469 0.8198985335 0.7124193404 0.6029308519 0.9074612236 0.0941370383 0.7462421032 0.9681017053 0.8095408114 0.9652661460 0.6865204417 0.9339588662 0.7429492827 0.5873776670 0.3147600357 0.9292104265 0.6266015459 0.9997603181 0.6805616176 0.9297843623 0.9915854947 0.8012376456 0.9855451172 0.6234126506 0.6712755093 0.7212325173 0.7490801929 0.9342627592 0.9500454280 0.4489022803 0.8679223863 0.8800575641 0.2999666095 0.9650305848 0.7370971820 0.6278277729 0.3439231758 0.9124793730 0.9385520632 0.9338936857 0.4341463182 0.9670335344 0.9902560271 0.7829493532
 0.1084513543 0.6768531907 0.1893865911 0.2048075050 0.0064824885 0.4175095600 0.6324728161 0.0129932879 0.5000000000 0.8393536495 0.6091455169 0.7722212269 0.9867110555 0.5175887492 0.8552779088 0.6780347106 0.9480602271 0.5243004464 0.8467100467 0.9076889418 0.7638813430 0.7980888130 0.9501972161 0.4751143489 0.9555622595 0.8245083581 0.9208200229 0.8378124566 0.9694978359 0.9042670672 0.9981707154 0.8848337766 0.9951952691 0.9900241007 0.9346283347 0.9738577823 0.9369649213 0.7154988709 0.6664468360 0.2237229474 0.9801486857 0.8986082705 0.7651090130 0.9276538718 0.6304082784 0.6803391510 0.9723112200 0.9853381366 0.7546583500 0.2194905897 0.6631569704 0.5554824998 0.9232373307 0.5900568651 0.8082697020 0.7402364163 0.8860041554 0.5310336373 0.9384249427 0.6160290892 0.6940325913 0.6274022767 0.4755723033 0.8888705687 0.4898858113 0.5006594618 0.9239915743 0.9077972550 0.9251057593 0.4196130633 0.7732085564 0.7733534665 0.5573461270 0.4724839680 0.9491893368 0.9565217487 0.1966132351 0.9064800816 0.8979353776 0.9320613551
 0.0301611720 0.5266681005 0.1030476996 0.4479149646 0.0729734651 0.2700258533 0.4815670860 0.3232173044 0.1606463505 0.5000000000 0.8028940274 0.6230051229 0.8826036161 0.7231604647 0.6171900686 0.8621266289 0.4316464616 0.9126720490 0.9199973908 0.7406492349 0.5254366561 0.9233563862 0.5147258089 0.0992940663 0.6287504528 0.9550512595 0.8506989424 0.5100638115 0.6993799182 0.3630576732 0.8628933157 0.5977400230 0.8179978178 0.9498845556 0.4987953591 0.8152409944 0.9453346710 0.8434454146 0.9215665823 0.3072428025 0.9124923724 0.6314158013 0.9279972775 0.7527902818 0.6164629952 0.5100500369 0.9180124444 0.8430072434 0.9921486645 0.6908870605 0.3556813769 0.7060621521 0.7628023569 0.8269850966 0.8356744428 0.5989627090 0.8412344526 0.7790740111 0.3803535042 0.7275804710 0.8198718942 0.5599971602 0.6125381822 0.5986874744 0.5075894596 0.8001995380 0.9667577031 0.5786443025 0.9895002419 0.8664956951 0.7197630386 0.9534843773 0.8564746186 0.7658480887 0.9326946691 0.9702689779 0.7770751737 0.5961799801 0.9678869694 0.9396076960
 0.0222808351 0.8370237970 0.2068863575 0.3180357929 0.4467240612 0.4898371706 0.0797969256 0.1166201817 0.3908544831 0.1971059726 0.5000000000 0.6362229910 0.9807446599 0.9346736671 0.8573188930 0.9334228369 0.5196869482 0.6466097281 0.9920819817 0.8965279533 0.9847591119 0.4206966540 0.8368972683 0.7956011108 0.6283037148 0.8129269948 0.7151846820 0.6617209594 0.8862605703 0.4360664955 0.7711488133 0.8477782368 0.9316685154 0.8098247563 0.4923190657 0.8853656792 0.8544985046 0.3768867886 0.7017708311 0.9386600032 0.9462185575 0.8774253629 0.8671124330 0.7969612032 0.8991722037 0.6797277957 0.9538164753 0.9227681198 0.5180352959 0.7186464741 0.5846464911 0.8811716360 0.7776638058 0.5445353777 0.8684825268 0.5447390511 0.6524939816 0.8676124540 0.8546716580 0.8410327707 0.7045088828 0.5270520667 0.1862998720 0.9427761901 0.7621698045 0.7260637372 0.4148522495 0.4072280025 0.4184983686 0.9610091608 0.9123226185 0.7350687126 0.5981942935 0.8435496639 0.9455067372 0.9211134199 0.2009486656 0.9999716912 0.8077604552 0.9226184633
 0.0277506699 0.3376433605 0.0355145770 0.1297590758 0.1121040063 0.4277810878 0.4503307552 0.4858157148 0.2277787731 0.3769948771 0.3637770090 0.5000000000 0.6692207513 0.7060821274 0.6954841348 0.7331944940 0.7604329811 0.9842214316 0.7563032571 0.9569482785 0.9443209167 0.5982413420 0.9957996595 0.6614410525 0.3897679368 0.7613748972 0.7915047125 0.7062338445 0.5476563405 0.8525616176 0.4904562316 0.7677222083 0.7864598839 0.7436639522 0.6437320492 0.9603474786 0.9931769819 0.5152307072 0.9669767170 0.8759310679 0.3261342623 0.8853928183 0.8705380370 0.4334875846 0.9289805037 0.7894826509 0.6881327717 0.6736252362 0.7354087210 0.7117855902 0.5228092227 0.8328115800 0.7863117002 0.6077276905 0.4816600522 0.7180780096 0.9376644037 0.3035663309 0.6467000685 0.8514634677 0.9965629330 0.8323200419 0.9495019631 0.8253245715 0.4148025105 0.8357931284 0.6027110779 0.8928293475 0.2230799500 0.6454327692 0.7719870306 0.6622486718 0.7098952516 0.9157697705 0.6539712262 0.9083741252 0.8107925169 0.6715151313 0.8067921240 0.8576038711
 0.0428415611 0.2954363524 0.4093129885 0.1448214989 0.3400734011 0.2448486981 0.0647316077 0.0971390747 0.0132889445 0.1173963839 0.0192553401 0.3307792487 0.5000000000 0.9882675947 0.6783443491 0.6676905766 0.6264942610 0.4941567187 0.1997609872 0.4822805727 0.8214718979 0.9152135128 0.8247782580 0.6120639488 0.8157898324 0.8177675625 0.5851159723 0.4887748418 0.9389733550 0.8212081721 0.9611070286 0.9365637108 0.2557213513 0.6884587980 0.8572951336 0.9445558396 0.3941570144 0.9497643459 0.6044176956 0.9463684790 0.8415886841 0.5283602469 0.9062312620 0.9391408830 0.4894294515 0.5247622623 0.8254858715 0.6361127741 0.8602781954 0.9188131521 0.9868953551 0.4010727183 0.5566276075 0.8583468181 0.7031623632 0.6554674740 0.4181355494 0.5401449012 0.2606250529 0.5232188145 0.5827567167 0.7392797804 0.7655484851 0.8956919914 0.4435648889 0.9608261271 0.3163597548 0.4034292430 0.7429272093 0.9900955541 0.7657198144 0.8442792630 0.9934146878 0.3200269608 0.5421335118 0.5125233384 0.8538138120 0.8492621154 0.8390210873 0.6672325584
 0.6016137258 0.3302845848 0.3806747668 0.0969954130 0.4029967758 0.3555222347 0.1720538541 0.4088330681 0.4824112508 0.2768395353 0.0653263329 0.2939178726 0.0117324053 0.5000000000 0.7722849113 0.1735773271 0.9278961303 0.8460685889 0.7211586366 0.5097898798 0.9794301841 0.6217631859 0.5315881009 0.5641925370 0.3324874318 0.5997161565 0.9624759351 0.5325353630 0.5791661739 0.8642913012 0.5535734799 0.5412858686 0.8451272088 0.4162531149 0.6152835249 0.9555057946 0.6073634613 0.9904554617 0.8325538027 0.9380921895 0.7167390614 0.8639607937 0.9188316833 0.8248367728 0.7500217126 0.8929743798 0.4581684917 0.9492382753 0.8852713475 0.7546210000 0.9684229328 0.8204600340 0.8194203618 0.7457719550 0.9606165219 0.7471004698 0.8355708719 0.8280405392 0.9665290848 0.2640038140 0.7751842071 0.9973171029 0.5973571052 0.5292913315 0.7032939583 0.7893688022 0.6201110443 0.7706262830 0.4808782694 0.8425656375 0.7124612071 0.4186503311 0.4518677551 0.8623160286 0.7107882242 0.9766234384 0.9043769452 0.6993324318 0.9362652112 0.7003813414
 0.1718964690 0.0254956785 0.4499610728 0.5028450651 0.3886274906 0.0418891204 0.7973029799 0.3407956780 0.1447220912 0.3828099314 0.1426811070 0.3045158652 0.3216556509 0.2277150887 0.5000000000 0.9775172045 0.9748250994 0.9376385591 0.9018742338 0.7292941429 0.9715690007 0.9542866967 0.8774437696 0.7687110981 0.9565367569 0.4392615406 0.9292223941 0.7006147988 0.9837463348 0.5426352260 0.7654591250 0.6434341241 0.9030102417 0.9915659666 0.7675453377 0.7894230225 0.6680050116 0.6406000271 0.8443916040 0.4505545115 0.8610805946 0.5569659099 0.9477647212 0.7143878973 0.7354990323 0.1996589585 0.8713741075 0.1752958173 0.7925592388 0.3069769913 0.8579176082 0.4803833523 0.7973763494 0.9637109957 0.7727343796 0.9833980198 0.6618480084 0.4686288000 0.8550085237 0.3479489034 0.8704063201 0.6858802479 0.3877466342 0.6239290181 0.5101756596 0.9002538111 0.7383293381 0.9590129158 0.5280354536 0.8505857130 0.9725157084 0.6137714542 0.9416310647 0.5609934530 0.1588095771 0.8232215589 0.9045965212 0.3595836842 0.9799418671 0.9324223474
 0.5560953739 0.3714940127 0.3538667835 0.0161541684 0.4673272364 0.0669957684 0.1881370862 0.2681078130 0.3219652894 0.1378733711 0.0665771631 0.2668055060 0.3323094234 0.8264226729 0.0224827955 0.5000000000 0.8000570050 0.9367786990 0.6655815818 0.9630907939 0.3164406283 0.8524881641 0.4254999494 0.3191974728 0.8842127838 0.9784954107 0.6185356389 0.2975474521 0.8885631648 0.7776889410 0.7046631413 0.2554359918 0.8786063567 0.5689585811 0.8198338839 0.5028518077 0.3071251022 0.8620798686 0.3856746932 0.9261147286 0.8738650158 0.8904782437 0.8249739201 0.7904961694 0.7345304885 0.8410040920 0.8484837220 0.6441231688 0.8197706208 0.9795435530 0.6457044677 0.2976140454 0.9307691301 0.7990720770 0.5371249535 0.7164807271 0.5135478687 0.3169618711 0.9139994551 0.8981746910 0.6923814937 0.9886538769 0.7543282760 0.2905412265 0.9954630273 0.3911881275 0.2400591763 0.4824993971 0.9287571227 0.1789954380 0.3103600048 0.8306808948 0.8438526678 0.4217702461 0.4244501512 0.6924175779 0.9660358477 0.7048821284 0.8419342205 0.8602298111
 0.1034107200 0.0661284178 0.7942311300 0.4921595444 0.0175057540 0.2144531100 0.8616768143 0.0438975541 0.0519397729 0.5683535384 0.4803130518 0.2395670189 0.3735057390 0.0721038697 0.0251749006 0.1999429950 0.5000000000 0.8860312082 0.8025830310 0.5213239804 0.9485303170 0.7422164431 0.7263614259 0.7907605201 0.8076281931 0.4712907610 0.4299245451 0.7373344067 0.9126433163 0.9567773072 0.5257746793 0.2232021198 0.9359625131 0.4814121595 0.9677257286 0.6461090570 0.4089804804 0.7707254807 0.5437616340 0.3220162587 0.6759216909 0.5411235845 0.7894397969 0.3176927480 0.9047999189 0.7751252430 0.9698376159 0.8662288176 0.5737051395 0.7526156817 0.6971712315 0.7267353520 0.9222502101 0.2424768384 0.7140690301 0.6360430188 0.8435480534 0.9239280449 0.6851089095 0.9680934048 0.5264933326 0.9801529362 0.7205029954 0.9597392852 0.6983577384 0.2770583861 0.7023060088 0.9092331537 0.8341910419 0.4787692197 0.3710110336 0.4327812055 0.4429292242 0.9857189082 0.7838932065 0.8021637844 0.2024962990 0.4856802277 0.5740753305 0.4320079316
 0.0237658990 0.2631456826 0.2047772215 0.3996720128 0.0886639330 0.2890488716 0.1972843675 0.6126140323 0.4756995536 0.0873279510 0.3533902719 0.0157785684 0.5058432813 0.1539314111 0.0623614409 0.0632213010 0.1139687918 0.5000000000 0.5007131721 0.8833078833 0.9857305045 0.4506939964 0.9914902567 0.8844933496 0.8378585391 0.3655788318 0.9727036981 0.4375141834 0.6771602867 0.4737921184 0.9759727073 0.5648118796 0.7380879193 0.7366200065 0.5836499628 0.9169324650 0.7117448335 0.8672699865 0.8410955247 0.7922019035 0.9190229415 0.8145076318 0.9548809458 0.2129655443 0.5571375411 0.6439081678 0.9035155357 0.5101603518 0.8027380115 0.7680587789 0.9190588891 0.6862689298 0.8675707620 0.9299995246 0.9881023875 0.9507855304 0.7900203038 0.7319181690 0.7956650117 0.8645930620 0.4457223977 0.4003995203 0.7453792725 0.6269615017 0.9233157859 0.8573150085 0.5911417013 0.2261685136 0.6724990463 0.5956184637 0.8413665393 0.5911494572 0.4606601199 0.9962296420 0.9703111722 0.8978267053 0.9707613398 0.8674728535 0.5334111001 0.7300784686
 0.2640619583 0.6506319535 0.2648193300 0.1545270857 0.2567827259 0.0819537834 0.3068406251 0.5266676385 0.1532899533 0.0800026092 0.0079180183 0.2436967429 0.8002390128 0.2788413634 0.0981257662 0.3344184182 0.1974169690 0.4992868279 0.5000000000 0.7408823521 0.5240694798 0.6455426431 0.4516552704 0.6870412979 0.9769264179 0.5041868316 0.6221779959 0.8566504559 0.7067653925 0.8045916092 0.8351535972 0.8536060313 0.7656326530 0.5635548409 0.3624542704 0.6660071375 0.9993266055 0.8886913006 0.8602453543 0.9832099576 0.8329931264 0.5510645540 0.5602508280 0.4682633201 0.9479028794 0.6336072534 0.7065711900 0.9969206402 0.8203914663 0.8190316091 0.8488642111 0.6129166738 0.9645669490 0.9940000989 0.9195885432 0.8666028058 0.9308685089 0.4642486778 0.9017359489 0.6927861882 0.6094248996 0.8780708857 0.8266120312 0.5567331018 0.9920375492 0.9388872740 0.7481580908 0.8118302480 0.8772311559 0.8784042866 0.8506498022 0.4764998788 0.9133041999 0.9043539241 0.6662844616 0.8627651117 0.8970421674 0.9116788251 0.9423895864 0.6212200961
 0.3476287668 0.4991490341 0.0608807137 0.0152411087 0.1031389588 0.4143507916 0.2408791666 0.8750654865 0.0923110582 0.2593507651 0.1034720467 0.0430517215 0.5177194273 0.4902101202 0.2707058571 0.0369092061 0.4786760196 0.1166921167 0.2591176479 0.5000000000 0.7569701611 0.9951396850 0.9300174492 0.5545146801 0.5909827438 0.3392082782 0.9922801240 0.6798308937 0.9416389766 0.7611409354 0.6411551457 0.5644547494 0.8702415001 0.9594662960 0.5800339341 0.2478813177 0.5169496762 0.8329113369 0.3904044152 0.4734252004 0.3329854660 0.5695104572 0.5921236596 0.9068943384 0.9908306496 0.7094251571 0.7699103351 0.7003616190 0.9377833220 0.7166901390 0.5558306945 0.9868004349 0.5210648062 0.6953070303 0.9247626544 0.8116377296 0.7303616478 0.9886471309 0.7995094063 0.8470262783 0.7964656819 0.9786751054 0.8694742962 0.6635235533 0.6888389230 0.5363699747 0.8381695045 0.9497672612 0.5626163005 0.7319442883 0.6126639460 0.9909114301 0.5895171502 0.7572706702 0.4279973254 0.8749747633 0.8805219648 0.7888891798 0.5111336038 0.3120151077
 0.6466475327 0.5216544913 0.1160096646 0.0951954052 0.6417834084 0.0859863167 0.2177682283 0.1812674491 0.2361186570 0.4745633439 0.0152408881 0.0556790833 0.1785281021 0.0205698159 0.0284309993 0.6835593717 0.0514696830 0.0142694955 0.4759305202 0.2430298389 0.5000000000 0.9560602360 0.9000625576 0.9640684897 0.7711679403 0.9169105754 0.6841523547 0.8267605789 0.7359027076 0.9382046284 0.4770659902 0.9159541718 0.5366494103 0.7415944046 0.6311969744 0.9923728598 0.8589276475 0.7820522384 0.9078195993 0.2050831690 0.7743737852 0.8792804383 0.7073910387 0.9704619731 0.8687955461 0.7916418536 0.1944944517 0.8067826193 0.8032048609 0.5696238728 0.7657566432 0.9716390898 0.7818094929 0.4021414204 0.7536566844 0.3173976814 0.7736268390 0.6608457954 0.3229824777 0.5910489240 0.7677300923 0.7874573815 0.4268356797 0.7588161163 0.8387978241 0.8578982429 0.8813019674 0.9295302219 0.5965520957 0.9579054117 0.9423101559 0.9802514259 0.7921618460 0.8737524458 0.4811186309 0.7942350727 0.6147157825 0.9962045384 0.9772474930 0.5813979701
 0.8055680430 0.4478698103 0.0701376401 0.1705720632 0.0538515648 0.0710724318 0.1169214749 0.1787165070 0.2019111870 0.0766436138 0.5793033460 0.4017586580 0.0847864872 0.3782368141 0.0457133033 0.1475118359 0.2577835569 0.5493060036 0.3544573569 0.0048603150 0.0439397640 0.5000000000 0.8079041522 0.5002235007 0.9742490737 0.7601707451 0.8007014588 0.7485626884 0.8834574298 0.8350992521 0.9790564313 0.5216163880 0.9550199804 0.3754285162 0.4897366025 0.8402838460 0.7405539898 0.7026073051 0.9677912531 0.6614207897 0.9009226943 0.4961196426 0.9665510842 0.8218088510 0.8443208517 0.8739743357 0.7100198929 0.9747784920 0.9766704807 0.7908128433 0.2321377969 0.8619538462 0.8391920226 0.7902764233 0.8711037074 0.8360585592 0.8792463113 0.5554496969 0.8444657519 0.8964888794 0.7727543179 0.3547360065 0.9874969027 0.9382320835 0.8340769060 0.9975672597 0.4680859838 0.6325768588 0.9745322794 0.8093852905 0.9148100717 0.9866636101 0.8518916149 0.9300477175 0.7883793060 0.6201398727 0.8274551045 0.8300772200 0.6569764017 0.6345368590
 0.4414097677 0.4184079259 0.1128339208 0.2127638358 0.1551511906 0.0274484005 0.0110089241 0.1529829952 0.0498027839 0.4852741911 0.1631027317 0.0042003405 0.1752217420 0.4684118991 0.1225562304 0.5745000506 0.2736385741 0.0085097433 0.5483447296 0.0699825508 0.0999374424 0.1920958478 0.5000000000 0.9419846101 0.9300099744 0.9188074702 0.6597473033 0.8985855668 0.9690251649 0.5246802503 0.7219790420 0.7339095413 0.7250118683 0.3596580721 0.8841963525 0.9884448300 0.7813216326 0.5701468614 0.7238921431 0.9552259700 0.6042101402 0.6813540617 0.7302299034 0.7326172643 0.7360233653 0.8886555755 0.3756368722 0.5888779964 0.8263627379 0.9296772802 0.8478764391 0.5335421514 0.7563967375 0.8509352150 0.7754514243 0.8945428482 0.6307170873 0.3551660518 0.7288362447 0.6929013879 0.9016190010 0.7120514432 0.5800131583 0.8169334680 0.4044719002 0.5912644342 0.4519516006 0.5881553655 0.9466580082 0.7898759588 0.9991188888 0.9472211551 0.5207948983 0.4042528299 0.7928123143 0.8897253670 0.7625328245 0.6449861634 0.8626130914 0.5517064011
 0.0591442321 0.0467181201 0.2087644622 0.0900357878 0.0673815562 0.1178725848 0.2242083176 0.2053691777 0.5248856511 0.9007059337 0.2043988892 0.3385589475 0.3879360512 0.4358074630 0.2312889019 0.6808025272 0.2092394799 0.1155066504 0.3129587021 0.4454853199 0.0359315103 0.4997764993 0.0580153899 0.5000000000 0.9919363277 0.6615073713 0.8145865496 0.7565334513 0.9449687311 0.8844550288 0.7766706047 0.9823549575 0.8721069909 0.9450071248 0.7291356815 0.7861263009 0.7993956537 0.7264823241 0.8289786398 0.9473145977 0.8216719477 0.6126860939 0.7720998738 0.8087055887 0.6215060773 0.3188128223 0.9427799193 0.7211661568 0.4065956900 0.9577996859 0.4110356845 0.8295968779 0.9131875534 0.8825908834 0.2197688300 0.6214709658 0.8855667813 0.8122066349 0.5670922859 0.6014223339 0.1587078659 0.8641208782 0.9860278236 0.8820568116 0.3755568123 0.9645485141 0.5669627848 0.7160722843 0.9785741309 0.6264058372 0.9798150791 0.9352570479 0.9214620804 0.6763552013 0.9649853377 0.3985805493 0.7030270595 0.8136975269 0.5141264505 0.6591145640
 0.0301211406 0.0458219574 0.0023984588 0.0040840577 0.3332940575 0.3300933548 0.2403532659 0.4062789613 0.0444377405 0.3712495472 0.3716962852 0.6102320632 0.1842101676 0.6675125682 0.0434632431 0.1157872162 0.1923718069 0.1621414609 0.0230735821 0.4090172562 0.2288320597 0.0257509263 0.0699900256 0.0080636723 0.5000000000 0.8644688210 0.6782588001 0.7286515090 0.1893041566 0.8155503764 0.8064335938 0.9322006330 0.6834954938 0.7542659649 0.9713727423 0.8961921456 0.6222143685 0.8653664906 0.6086680774 0.8084381044 0.5737961890 0.8010132526 0.4912968412 0.9154801832 0.3442946104 0.4076849846 0.7344546040 0.5327094375 0.3835094043 0.6622725657 0.9240893980 0.9645374877 0.9752471068 0.7644917613 0.7628541092 0.6820397258 0.9493728787 0.6963753826 0.8145724498 0.7600889256 0.9552872143 0.8745030981 0.9255750551 0.7328642230 0.8944010409 0.7538537455 0.7748883964 0.6877066978 0.7205901123 0.4873845551 0.5031995926 0.9757531852 0.7892329437 0.7238933237 0.8235382137 0.8972871270 0.9241416818 0.6657647831 0.7448448621 0.9215186601
 0.1587213290 0.4234135253 0.1184277890 0.0272532169 0.0554778724 0.1800861079 0.1918229968 0.1292792463 0.1754916419 0.0449487405 0.1870730052 0.2386251028 0.1822324375 0.4002838435 0.5607384594 0.0215045893 0.5287092390 0.6344211682 0.4958131684 0.6607917218 0.0830894246 0.2398292549 0.0811925298 0.3384926287 0.1355311790 0.5000000000 0.9510520278 0.4285061490 0.9374349334 0.4563663108 0.7370305385 0.9813784305 0.7713753773 0.8724473076 0.4938807679 0.9208085294 0.9851155655 0.6598179657 0.5119743761 0.9133870664 0.4417865695 0.8266001454 0.7728799517 0.8328987503 0.9682084927 0.3226246660 0.8908588275 0.8676872229 0.5601794909 0.7103280898 0.9160232679 0.9478288077 0.7785717677 0.8333955898 0.9786825693 0.7838641545 0.7795551964 0.8091890594 0.5175428416 0.9034514425 0.9715027475 0.7495272411 0.9703682757 0.8861170816 0.8722294416 0.7099000084 0.8602236954 0.8700399529 0.8881009500 0.5686831308 0.2709120566 0.7787966355 0.7978756458 0.8971849689 0.9200455197 0.8422073251 0.8835417600 0.6306426910 0.6475234298 0.8285245885
 0.6520237191 0.5749452397 0.2982506881 0.0170595790 0.2935675050 0.4246684387 0.2520022764 0.5276916951 0.0791799771 0.1493010576 0.2848153180 0.2084952875 0.4148840277 0.0375240649 0.0707776059 0.3814643611 0.5700754549 0.0272963019 0.3778220041 0.0077198760 0.3158476453 0.1992985412 0.3402526967 0.1854134504 0.3217411999 0.0489479722 0.5000000000 0.7938416772 0.2968270350 0.8266136165 0.6871089528 0.7691415635 0.7907891706 0.8540467841 0.8052484202 0.9193539114 0.5436326585 0.6204807821 0.8192501693 0.4969612179 0.8259367711 0.6304409889 0.7328062048 0.4224184923 0.8341933019 0.9647196537 0.8221716140 0.3675686196 0.4287654149 0.6755674725 0.9692661357 0.5771282131 0.8155679339 0.6490698847 0.9196378817 0.9868789842 0.7175314155 0.9185147210 0.4726498631 0.5340661554 0.8319612353 0.9286771469 0.5631216184 0.8619061967 0.9723998468 0.7007121698 0.8125484391 0.9923598860 0.8504100672 0.5900090656 0.6500567815 0.9035542983 0.9131075547 0.6218719003 0.5474326430 0.5217785687 0.8929836204 0.9194358758 0.7075349288 0.7529766218
 0.4007388619 0.3035453758 0.1901927138 0.3341831988 0.3075828159 0.4963154297 0.1967231653 0.0576693712 0.1621875434 0.4899361885 0.3382790406 0.2937661555 0.5112251582 0.4674646370 0.2993852012 0.7024525479 0.2626655933 0.5624858166 0.1433495441 0.3201691063 0.1732394211 0.2514373116 0.1014144332 0.2434665487 0.2713484910 0.5714938510 0.2061583228 0.5000000000 0.7273516400 0.5069291408 0.7669118579 0.8138377794 0.9108077005 0.8916738894 0.8012833650 0.7996591407 0.5032374797 0.7726229799 0.3730128666 0.7483677014 0.4336721297 0.7129573645 0.6949857949 0.7916937802 0.8393830664 0.4551188658 0.8177094369 0.5861594180 0.8447666629 0.8384140599 0.8333211043 0.7766144903 0.8525686060 0.9678612566 0.9977199163 0.3896883246 0.9557472095 0.6274832626 0.4740175118 0.9602001858 0.9742772781 0.9531032790 0.8043978044 0.9115168616 0.5790950953 0.8195996567 0.9610023273 0.7355504702 0.9652722472 0.8353231866 0.8462132737 0.6292185840 0.4654480680 0.8328815888 0.9118724240 0.7315451898 0.7057759915 0.2528594648 0.5232906648 0.9898680364
 0.0705013139 0.0182157633 0.2477537686 0.1071491829 0.1439776120 0.0525726959 0.2958656163 0.5855323310 0.0305021641 0.3006200818 0.1137394297 0.4523436595 0.0610266450 0.4208338261 0.0162536652 0.1114368352 0.0873566837 0.3228397133 0.2932346075 0.0583610234 0.2640972924 0.1165425702 0.0309748351 0.0550312689 0.8106958434 0.0625650666 0.7031729650 0.2726483600 0.5000000000 0.8718074947 0.8422815027 0.5351432106 0.7778776205 0.6822061352 0.9086497749 0.8263364411 0.8889840086 0.8460931512 0.9713184885 0.9347309047 0.9528082057 0.1347431774 0.5525889440 0.9278948719 0.2074651623 0.5609688014 0.8006538176 0.4134785816 0.9476624662 0.4086068091 0.5101156072 0.7948560563 0.9632705418 0.4331012454 0.8384855337 0.1181279694 0.9717383518 0.4423385728 0.9848023059 0.7978050531 0.6178532384 0.7378587243 0.9545426666 0.8345524983 0.3868040019 0.8103891890 0.7129640683 0.5839567736 0.9702034803 0.8898889909 0.9041161469 0.9097502569 0.4731788485 0.6319230732 0.8544575176 0.9498141267 0.8916489964 0.8671803200 0.9918655215 0.3749762067
 0.2520062051 0.1906851484 0.0784278771 0.4320740707 0.1395065098 0.0568357409 0.0913638219 0.2344609183 0.0957329328 0.6369423268 0.5639335045 0.1474383824 0.1787918279 0.1357086988 0.4573647740 0.2223110590 0.0432226928 0.5262078816 0.1954083908 0.2388590646 0.0617953716 0.1649007479 0.4753197497 0.1155449712 0.1844496236 0.5436336892 0.1733863835 0.4930708592 0.1281925053 0.5000000000 0.9222231970 0.9909572388 0.3512138911 0.8274488157 0.4000553305 0.7417142828 0.9445251732 0.7999147146 0.7242374122 0.8015001436 0.4855433228 0.9640755690 0.8646384587 0.8018245142 0.8198343888 0.9764803637 0.9194387903 0.2473384652 0.5329081281 0.9432409077 0.3851662579 0.7036448991 0.9996526794 0.7852376453 0.7159308383 0.7996190075 0.9985616062 0.7523217320 0.7270143599 0.9845520664 0.6853839591 0.6745341739 0.8056703819 0.7144225589 0.8908192818 0.9635311011 0.5914158696 0.3996939274 0.6139729280 0.4606038118 0.3996395019 0.9295666233 0.7179464159 0.6834320166 0.6702109063 0.9610275138 0.8499096869 0.9875713523 0.8047230611 0.7232227437
 0.0466135635 0.2661144802 0.5220060348 0.1090820149 0.2980739824 0.3511238750 0.1282427595 0.3842518937 0.0018292846 0.1371066843 0.2288511867 0.5095437684 0.0388929714 0.4464265201 0.2345408750 0.2953368587 0.4742253207 0.0240272927 0.1648464028 0.3588448543 0.5229340098 0.0209435687 0.2780209580 0.2233293953 0.1935664062 0.2629694615 0.3128910472 0.2330881421 0.1577184973 0.0777768030 0.5000000000 0.8838902583 0.6546172110 0.6940579015 0.8099843939 0.8364486307 0.8203343113 0.8232222638 0.8725467358 0.6886558659 0.4746057323 0.7140238538 0.6718983285 0.5234118526 0.3266081532 0.8038175976 0.5663453692 0.9975139895 0.9841566500 0.9686527542 0.6840958790 0.7849542749 0.9783899455 0.9987916413 0.9541194914 0.8937974760 0.6845954630 0.9681342388 0.4951316499 0.7273560972 0.7341071594 0.9989190274 0.9722885914 0.9509579977 0.6694733491 0.7878049453 0.7241384921 0.8874188009 0.8902185537 0.2494097641 0.4262185084 0.9925973442 0.6604509931 0.2280037531 0.3320115960 0.9372909054 0.6187083086 0.7079379090 0.7221541786 0.8235258570
 0.5543221506 0.0890126440 0.1955384866 0.4100651554 0.1650253003 0.6666342298 0.1596718480 0.1881787166 0.1151662234 0.4022599770 0.1522217632 0.2322777917 0.0634362892 0.4587141314 0.3565658759 0.7445640082 0.7767978802 0.4351881204 0.1463939687 0.4355452506 0.0840458282 0.4783836120 0.2660904587 0.0176450425 0.0677993670 0.0186215695 0.2308584365 0.1861622206 0.4648567894 0.0090427612 0.1161097417 0.5000000000 0.8539613687 0.9315217682 0.7365880273 0.7587613054 0.2252538297 0.9063531166 0.6382599400 0.4151362304 0.9769618951 0.3407734431 0.3617940754 0.5536836495 0.4920934561 0.5230595772 0.5204524449 0.7967129345 0.9449333276 0.6575249704 0.2310408880 0.6668130190 0.9245270071 0.6726420572 0.9628916800 0.9452201642 0.9981111251 0.4643002875 0.8915442694 0.3944027104 0.6552951539 0.9555402518 0.6405369677 0.5904751375 0.7775886183 0.7423410400 0.8308855257 0.7949219619 0.4156446708 0.5814637111 0.6391366578 0.6864733741 0.4826177363 0.8725351482 0.7196576426 0.7134932695 0.9144128672 0.6415538483 0.9950075873 0.8268241867
 0.0585363966 0.4727245808 0.1276465681 0.6174789526 0.3723685071 0.4943502527 0.1262663272 0.2630243213 0.0048047309 0.1820021822 0.0683314846 0.2135401161 0.7442786487 0.1548727912 0.0969897583 0.1213936433 0.0640374869 0.2619120807 0.2343673470 0.1297584999 0.4633505897 0.0449800196 0.2749881317 0.1278930091 0.3165045062 0.2286246227 0.2092108294 0.0891922995 0.2221223795 0.6487861089 0.3453827890 0.1460386313 0.5000000000 0.9243633293 0.8411049546 0.9553948261 0.3510707228 0.8696341485 0.3963427967 0.3549387591 0.5613485306 0.4021144953 0.9863718681 0.9252551360 0.9223183879 0.7184815484 0.6072475210 0.8779680527 0.7657235359 0.3630133204 0.7268670670 0.2391406101 0.8118155851 0.3541360580 0.8047561821 0.8820274538 0.9252302333 0.7906688035 0.8478117733 0.6841047824 0.7762517759 0.7622353343 0.9654761756 0.5648613834 0.9490219217 0.7324960774 0.8852313885 0.4921672497 0.4449870392 0.7228697407 0.9949403472 0.8829506890 0.7416565379 0.9869124452 0.3706644210 0.5774038375 0.7720302785 0.4309538951 0.1611053084 0.6195618222
 0.2762738289 0.1646614403 0.1793516553 0.0172342672 0.2096790735 0.0635597251 0.3292338321 0.3849154219 0.0099758993 0.0501154444 0.1901752437 0.2563360478 0.3115412020 0.5837468851 0.0084340334 0.4310414189 0.5185878405 0.2633799935 0.4364451591 0.0405337040 0.2584055954 0.6245714838 0.6403419279 0.0549928752 0.2457340351 0.1275526924 0.1459532159 0.1083261106 0.3177938648 0.1725511843 0.3059420985 0.0684782318 0.0756366707 0.5000000000 0.9735403384 0.7421175111 0.4499618289 0.9694544743 0.7828755398 0.9345897310 0.6777153103 0.6411141948 0.8781827765 0.9313533800 0.7377934151 0.7347512120 0.6306238947 0.8834482679 0.5449781380 0.9054726677 0.7586419677 0.8565954934 0.7267373755 0.9976850031 0.2972939532 0.8564489713 0.8148657273 0.7541272123 0.6702522436 0.8379067485 0.8294288993 0.9601878270 0.6098545977 0.7699065929 0.3396991388 0.6882953250 0.8471485558 0.5351497065 0.8449201118 0.3064326940 0.8867022727 0.9056132976 0.8813807320 0.6680248236 0.5048717986 0.4963682292 0.7454420044 0.5572130860 0.2979577030 0.9576960105
 0.4828005320 0.0422754173 0.5408158461 0.2689747861 0.0125388569 0.0288871120 0.1208411849 0.0317499002 0.0653716653 0.5012046409 0.5076809343 0.3562679508 0.1427048664 0.3847164751 0.2324546623 0.1801661161 0.0322742714 0.4163500372 0.6375457296 0.4199660659 0.3688030256 0.5102633975 0.1158036475 0.2708643185 0.0286272577 0.5061192321 0.1947515798 0.1987166350 0.0913502251 0.5999446695 0.1900156061 0.2634119727 0.1588950454 0.0264596616 0.5000000000 0.8563558774 0.7543353131 0.5915148534 0.7623965526 0.6427855781 0.9466865148 0.8247821704 0.4414459606 0.2292631217 0.7582088845 0.7503113804 0.4588562117 0.7411593823 0.6628000337 0.7997114374 0.9678618468 0.5916336680 0.8652742051 0.3196225545 0.9273671144 0.6166650276 0.9990126233 0.9497636090 0.9145400406 0.8995634223 0.9808673941 0.5704423267 0.9314955163 0.7010685530 0.5418364951 0.9769570077 0.7370516794 0.9459968983 0.9208334173 0.6106148149 0.9894944829 0.8866807448 0.5274869342 0.9490820110 0.4590556994 0.9934328212 0.8441996097 0.8293488872 0.9426752733 0.8067360339
 0.0527964821 0.2451955852 0.1074646218 0.1916073554 0.2944365037 0.2067952720 0.0137478401 0.1976729889 0.0261422177 0.1847590056 0.1146343208 0.0396525214 0.0554441604 0.0444942054 0.2105769775 0.4971481923 0.3538909430 0.0830675350 0.3339928625 0.7521186823 0.0076271402 0.1597161540 0.0115551700 0.2138736991 0.1038078544 0.0791914706 0.0806460886 0.2003408593 0.1736635589 0.2582857172 0.1635513693 0.2412386946 0.0446051739 0.2578824889 0.1436441226 0.5000000000 0.8981989219 0.7779685031 0.7488446375 0.9457126739 0.9276428624 0.9333844368 0.9628284883 0.7469778762 0.5997537166 0.9411775213 0.7141601757 0.7829135436 0.8873989294 0.9186273654 0.6437793432 0.8625618289 0.4570438727 0.8523773816 0.8896399449 0.9833675177 0.7919345176 0.7128475756 0.8854138434 0.9218270621 0.8270063114 0.7237465770 0.8318090973 0.7806257189 0.7042568824 0.7821373804 0.2288163119 0.6017168227 0.4419159390 0.6262302932 0.7576639177 0.9880202310 0.7742376847 0.9242954968 0.1553097301 0.6508393949 0.8209696874 0.9526419658 0.6056252797 0.7140946984
 0.0479885967 0.8956865805 0.2891980993 0.2313325336 0.1248579157 0.2041967482 0.3911898707 0.1221575531 0.0630350787 0.0546653290 0.1455014954 0.0068230181 0.6058429856 0.3926365387 0.3319949884 0.6928748978 0.5910195196 0.2882551665 0.0006733945 0.4830503238 0.1410723525 0.2594460102 0.2186783674 0.2006043463 0.3777856315 0.0148844345 0.4563673415 0.4967625203 0.1110159914 0.0554748268 0.1796656887 0.7747461703 0.6489292772 0.5500381711 0.2456646869 0.1018010781 0.5000000000 0.5019506940 0.5925612563 0.9474269704 0.7726011319 0.7523431664 0.2289655032 0.5969358697 0.8410044882 0.6653069140 0.6693695609 0.9214929676 0.5219661003 0.7740141057 0.7156013685 0.4287111472 0.9724253078 0.9169568852 0.6631827525 0.9256235432 0.3641897200 0.7051246317 0.9091330724 0.9605010671 0.5844569388 0.7141940114 0.7107807574 0.9849603377 0.8229791993 0.8310224338 0.8948086291 0.9015829510 0.7209525117 0.7556172907 0.9278901025 0.8750445237 0.9752163738 0.9618641131 0.7843794814 0.9349726694 0.8396309959 0.8420963761 0.7834363315 0.9518832641
 0.6852742268 0.0349284088 0.2209729409 0.0713382403 0.4618401560 0.1201120114 0.1560634778 0.1801014665 0.2845011291 0.1565545854 0.6231132114 0.4847692928 0.0502356541 0.0095445383 0.3593999729 0.1379201314 0.2292745193 0.1327300135 0.1113086994 0.1670886631 0.2179477616 0.2973926949 0.4298531386 0.2735176759 0.1346335094 0.3401820343 0.3795192179 0.2273770201 0.1539068488 0.2000852854 0.1767777362 0.0936468834 0.1303658515 0.0305455257 0.4084851466 0.2220314969 0.4980493060 0.5000000000 0.8002863367 0.7635660328 0.7878004721 0.6758134874 0.4996962801 0.6942194984 0.8259886485 0.6861691637 0.9870837993 0.4415132494 0.4028728409 0.7076372257 0.6080310475 0.8804845922 0.6378753151 0.7669977407 0.4330202476 0.9764646931 0.9387762514 0.5959166838 0.9835419752 0.3789128894 0.9812668056 0.5040411983 0.5803400548 0.7777873994 0.6859294341 0.7559955192 0.9325729315 0.6126445128 0.7018144795 0.6045937595 0.1034358905 0.7833676214 0.9563030691 0.9453163706 0.6372482345 0.9085766127 0.8356610319 0.9372041278 0.9397431166 0.5980406296
 0.0318220283 0.2377103891 0.0611289716 0.2416278529 0.2446850447 0.3501257135 0.3267759026 0.2875806596 0.3335531640 0.0784334177 0.2982291689 0.0330232830 0.3955823044 0.1674461973 0.1556083960 0.6143253068 0.4562383660 0.1589044753 0.1397546457 0.6095955848 0.0921804007 0.0322087469 0.2761078569 0.1710213602 0.3913319226 0.4880256239 0.1807498307 0.6269871334 0.0286815115 0.2757625878 0.1274532642 0.3617400600 0.6036572033 0.2171244602 0.2376034474 0.2511553625 0.4074387437 0.1997136633 0.5000000000 0.5561296686 0.8347523672 0.8929291887 0.6138486737 0.9389958086 0.5754606969 0.7698587503 0.3855951254 0.9759237837 0.6743985812 0.9008661084 0.4920666276 0.8116144978 0.5598646241 0.8661010818 0.8830719301 0.5435148359 0.8474341370 0.9041828130 0.6863837562 0.5759636569 0.9831909943 0.6505665718 0.5378667919 0.4305330078 0.4646060462 0.5838591658 0.6263017101 0.9346120155 0.8636013270 0.7949645715 0.7122942562 0.6979378086 0.6319660861 0.7854676297 0.9133800036 0.9699796978 0.9168819608 0.7520576457 0.7183714637 0.7233181419
 0.2211171454 0.5461043055 0.2290474223 0.5348674234 0.2875074691 0.2579430730 0.1985699422 0.3970691481 0.7762770526 0.6927571975 0.0613399968 0.1240689321 0.0536315210 0.0619078105 0.5494454885 0.0738852714 0.6779837413 0.2077980965 0.0167900424 0.5265747996 0.7949168310 0.3385792103 0.0447740300 0.0526854023 0.1915618956 0.0866129336 0.5030387821 0.2516322986 0.0652690953 0.1984998564 0.3113441341 0.5848637696 0.6450612409 0.0654102690 0.3572144219 0.0542873261 0.0525730296 0.2364339672 0.4438703314 0.5000000000 0.8040840141 0.6362991399 0.8024141402 0.7822885607 0.7172741402 0.8681426000 0.7436437689 0.7133196638 0.9416264603 0.8448695783 0.6498107837 0.8815004526 0.6097618138 0.9632621275 0.9117196579 0.8274282158 0.7952341027 0.5408264358 0.5374345240 0.9987379100 0.8877990089 0.3703910901 0.5536392749 0.7319485218 0.3149084142 0.7839529282 0.7108085838 0.9472020450 0.7395031942 0.6923133848 0.7083161749 0.6125963167 0.3515012646 0.6146067364 0.9489853042 0.9311369210 0.9367804245 0.6385603611 0.9352680007 0.8948041336
 0.2346445256 0.1639776539 0.1954692366 0.2653615122 0.2747782167 0.0308906689 0.1732144846 0.0925387764 0.0198513143 0.0875076276 0.0537814425 0.6738657377 0.1584113159 0.2832609386 0.1389194054 0.1261349842 0.3240783091 0.0809770585 0.1670068736 0.6670145340 0.2256262148 0.0990773057 0.3957898598 0.1783280523 0.4262038110 0.5582134305 0.1740632289 0.5663278703 0.0471917943 0.5144566772 0.5253942677 0.0230381049 0.4386514694 0.3222846897 0.0533134852 0.0723571376 0.2273988681 0.2121995279 0.1652476328 0.1959159859 0.5000000000 0.9294068475 0.9703440396 0.8121170287 0.7176724953 0.6347207108 0.2815540850 0.9686329254 0.5558312890 0.9007483787 0.3474154663 0.8333282973 0.9013363645 0.9036252490 0.5905975297 0.9332277297 0.9762290088 0.4899834852 0.6747045905 0.9712114843 0.4238420452 0.9076515128 0.9727832896 0.8410353051 0.9400570428 0.9382424186 0.9856493185 0.9951235619 0.8174853706 0.5435573217 0.9087369098 0.8499878471 0.8179681989 0.3737056981 0.8469404146 0.9969416644 0.7754756052 0.9258742602 0.9918005828 0.9940848776
 0.1635523402 0.2447318907 0.1608995151 0.4072529693 0.3187328822 0.0716171472 0.3999489871 0.9058629617 0.1013917295 0.3685841987 0.1225746371 0.1146071817 0.4716397531 0.1360392063 0.4430340901 0.1095217563 0.4588764155 0.1854923682 0.4489354460 0.4304895428 0.1207195617 0.5038803574 0.3186459383 0.3873139061 0.1989867474 0.1733998546 0.3695590111 0.2870426355 0.8652568226 0.0359244310 0.2859761462 0.6592265569 0.5978855047 0.3588858052 0.1752178296 0.0666155632 0.2476568336 0.3241865126 0.1070708113 0.3637008601 0.0705931525 0.5000000000 0.7361673345 0.9545407347 0.5147747744 0.9316802875 0.4504773588 0.8006894327 0.9470026984 0.4930745658 0.5800594884 0.9749572885 0.8023397307 0.5655046610 0.6357270399 0.9751090106 0.9328028141 0.7679260103 0.7581396572 0.7661584712 0.5915053935 0.9917232341 0.8004051956 0.9925118365 0.9253741555 0.6630462484 0.7288843872 0.9807060901 0.7022754584 0.8239105470 0.8077413583 0.9257323334 0.4243875611 0.7347885033 0.9707386963 0.9689417183 0.6391107448 0.6927730514 0.8432672149 0.4398452485
 0.1774168677 0.5069031710 0.3267875521 0.5440169896 0.0839260009 0.0567746320 0.0657597250 0.2537578968 0.2348909870 0.0720027225 0.1328875670 0.1294619630 0.0937687380 0.0811683167 0.0522352788 0.1750260799 0.2105602031 0.0451190542 0.4397491720 0.4078763404 0.2926089613 0.0334489158 0.2697700966 0.2279001262 0.5087031588 0.2271200483 0.2671937952 0.3050142051 0.4474110560 0.1353615413 0.3281016715 0.6382059246 0.0136281319 0.1218172235 0.5585540394 0.0371715117 0.7710344968 0.5003037199 0.3861513263 0.1975858598 0.0296559604 0.2638326655 0.5000000000 0.7612453007 0.9398149665 0.7927894637 0.8986213058 0.9105697151 0.7916756446 0.9782015667 0.9495710461 0.9406267946 0.9582588957 0.9633363923 0.6325873668 0.6483667439 0.9913755114 0.9033158697 0.8041879066 0.6585868908 0.3192413342 0.4528056713 0.8422368066 0.9566655480 0.9603425454 0.7803261495 0.9573728165 0.7282893849 0.8596518574 0.4338060012 0.8489551980 0.6170051839 0.9195197029 0.9364758491 0.8289578328 0.7361799718 0.7354750086 0.9390813919 0.6500904497 0.9166753831
 0.0122842737 0.1481906513 0.0168617977 0.3945653547 0.1302321013 0.2673032434 0.3121433890 0.0318982947 0.0723461282 0.2472097182 0.2030387968 0.5665124154 0.0608591170 0.1751632272 0.2856121027 0.2095038306 0.6823072520 0.7870344557 0.5317366799 0.0931056616 0.0295380269 0.1781911490 0.2673827357 0.1912944113 0.0845198168 0.1671012497 0.5775815077 0.2083062198 0.0721051281 0.1981754858 0.4765881474 0.4463163505 0.0747448640 0.0686466200 0.7707368783 0.2530221238 0.4030641303 0.3057805016 0.0610041914 0.2177114393 0.1878829713 0.0454592653 0.2387546993 0.5000000000 0.7650093109 0.3639908362 0.4707306909 0.6927635160 0.7599788528 0.5647322860 0.6474124903 0.8833721120 0.8572529821 0.7748033442 0.5995015326 0.9291426391 0.7714711359 0.8443291231 0.8707576009 0.9279192594 0.8106282619 0.2774731064 0.8955135080 0.8863374800 0.7999311505 0.4330241317 0.6402384423 0.7975010273 0.7118187024 0.4935552960 0.9312686740 0.9557725702 0.9540777436 0.8664228744 0.7216940933 0.3906627281 0.5473978150 0.6493425470 0.7818679611 0.7421254990
 0.0550416384 0.0752627201 0.1212046134 0.6205321754 0.4572361196 0.1975805109 0.6053345675 0.1904591886 0.3695917216 0.3835370048 0.1008277963 0.0710194963 0.5105705485 0.2499782874 0.2645009677 0.2654695115 0.0952000811 0.4428624589 0.0520971206 0.0091693504 0.1312044539 0.1556791483 0.2639766347 0.3784939227 0.6557053896 0.0317915073 0.1658066981 0.1606169336 0.7925348377 0.1801656112 0.6733918468 0.5079065439 0.0776816121 0.2622065849 0.2417911155 0.4002462834 0.1589955118 0.1740113515 0.4245393031 0.2827258598 0.2823275047 0.4852252256 0.0601850335 0.2349906891 0.5000000000 0.6975876841 0.9290187381 0.8395710733 0.7182590421 0.6854366543 0.3323112569 0.6564002960 0.9115241566 0.8773859497 0.7871643458 0.6581348922 0.8315445284 0.7368727861 0.2268599753 0.9624725992 0.3352351792 0.8720901241 0.9597582255 0.2366306018 0.9269861584 0.8019706486 0.7656333609 0.8912832036 0.9571492616 0.9293744541 0.7768085215 0.8194040581 0.1720922483 0.6613092263 0.9992718691 0.6929611866 0.8866388167 0.7598618438 0.5235974582 0.8650115503
 0.1264088841 0.0311962550 0.0015489852 0.0759171582 0.1898872512 0.0113399926 0.7131877557 0.0347338540 0.3196608490 0.4899499631 0.3202722043 0.2105173491 0.4752377377 0.1070256202 0.8003410415 0.1589959080 0.2248747570 0.3560918322 0.3663927466 0.2905748429 0.2083581464 0.1260256643 0.1113444245 0.6811871777 0.5923150154 0.6773753340 0.0352803463 0.5448811342 0.4390311986 0.0235196363 0.1961824024 0.4769404228 0.2815184516 0.2652487880 0.2496886196 0.0588224787 0.3346930860 0.3138308363 0.2301412497 0.1318574000 0.3652792892 0.0683197125 0.2072105363 0.6360091638 0.3024123159 0.5000000000 0.4793496468 0.8743846175 0.3695137749 0.9154425728 0.7373578678 0.7768921884 0.8770043196 0.5801197118 0.4428757975 0.8464968029 0.7416429118 0.6502296756 0.7616278532 0.8754835470 0.8214799475 0.7689930020 0.7699666946 0.7843464100 0.8217879120 0.3142363181 0.7848913373 0.8444710171 0.6666134450 0.9457560535 0.8485753800 0.4115141217 0.7045994577 0.6113344550 0.9141920202 0.8515023517 0.9516959778 0.9067676255 0.5335510760 0.8156066578
 0.3734066727 0.2866313692 0.1993387699 0.2573243285 0.3015546603 0.1563732111 0.1212559377 0.3134795583 0.0276887800 0.0819875556 0.0461835247 0.3118672283 0.1745141285 0.5418315083 0.1286258925 0.1515162780 0.0301623841 0.0964844643 0.2934288100 0.2300896649 0.8055055483 0.2899801071 0.6243631278 0.0572200807 0.2655453960 0.1091411725 0.1778283860 0.1822905631 0.1993461824 0.0805612097 0.4336546308 0.4795475551 0.3927524790 0.3693761053 0.5411437883 0.2858398243 0.3306304391 0.0129162007 0.6144048746 0.2563562311 0.7184459150 0.5495226412 0.1013786942 0.5292693091 0.0709812619 0.5206503532 0.5000000000 0.7001827578 0.9510880007 0.2906974640 0.5138773168 0.9512961162 0.9910017983 0.7045471755 0.8984669658 0.9731019834 0.2378409374 0.9412823042 0.9159249726 0.2485033472 0.6150471510 0.7099535141 0.9935338372 0.5608022093 0.6266130656 0.8076645100 0.3762566686 0.9091425154 0.9772028664 0.6007174890 0.7054519672 0.9881805357 0.7433181393 0.8281265547 0.4000039194 0.3675028108 0.6156136057 0.7499662730 0.5406668768 0.7800596193
 0.0587889251 0.3371557708 0.0148113033 0.0202278602 0.0253494780 0.3465403902 0.4182541312 0.0660411338 0.0146618634 0.1569927566 0.0772318802 0.3263747638 0.3638872259 0.0507617247 0.8247041827 0.3558768312 0.1337711824 0.4898396482 0.0030793598 0.2996383810 0.1932173807 0.0252215080 0.4111220036 0.2788338432 0.4672905625 0.1323127771 0.6324313804 0.4138405820 0.5865214184 0.7526615348 0.0024860105 0.2032870655 0.1220319473 0.1165517321 0.2588406177 0.2170864564 0.0785070324 0.5584867506 0.0240762163 0.2866803362 0.0313670746 0.1993105673 0.0894302849 0.3072364840 0.1604289267 0.1256153825 0.2998172422 0.5000000000 0.9539021373 0.9429228467 0.5034021046 0.7645594578 0.7599598207 0.5776146695 0.9177468661 0.3425777627 0.9683811851 0.6799471237 0.8340307495 0.8901482628 0.7602669638 0.8248157206 0.6740331903 0.9927187043 0.9521683464 0.6746262840 0.9625557500 0.4957472881 0.7175562795 0.3599383128 0.8562237584 0.9769614118 0.7961841392 0.7771370076 0.6868084684 0.9767944680 0.9955480489 0.9350117646 0.8193920317 0.3189356028
 0.1085878346 0.2345977456 0.0926267679 0.2330312668 0.3045621137 0.5279425328 0.0654660366 0.2570507173 0.2453416500 0.0078513355 0.4819647041 0.2645912790 0.1397218046 0.1147286525 0.2074407612 0.1802293792 0.4262948605 0.1972619885 0.1796085337 0.0622166780 0.1967951391 0.0233295193 0.1736372621 0.5934043100 0.6164905957 0.4398205091 0.5712345851 0.1552333371 0.0523375338 0.4670918719 0.0158433500 0.0550666724 0.2342764641 0.4550218620 0.3371999663 0.1126010706 0.4780338997 0.5971271591 0.3256014188 0.0583735397 0.4441687110 0.0529973016 0.2083243554 0.2400211472 0.2817409579 0.6304862251 0.0489119993 0.0460978627 0.5000000000 0.9373726355 0.8429510068 0.9220563520 0.8912315126 0.6249182125 0.8416233207 0.6815430627 0.9446163577 0.3008557160 0.2496720253 0.5775500979 0.7105145318 0.9727249994 0.5686235589 0.7800433995 0.8431115451 0.2086060010 0.7289144834 0.9612463276 0.4149065340 0.7639943386 0.8292774006 0.9498476782 0.9706303333 0.8967442264 0.9703331378 0.8572367122 0.9281657671 0.4168123617 0.3484409550 0.4606943730
 0.3004077289 0.1083547627 0.2223582720 0.2256390038 0.0827521631 0.0447399736 0.3005806934 0.4126223330 0.7805094103 0.3091129395 0.2813535259 0.2882144098 0.0811868479 0.2453790000 0.6930230087 0.0204564470 0.2473843183 0.2319412211 0.1809683909 0.2833098610 0.4303761272 0.2091871567 0.0703227198 0.0422003141 0.3377274343 0.2896719102 0.3244325275 0.1615859401 0.5913931909 0.0567590923 0.0313472458 0.3424750296 0.6369866796 0.0945273323 0.2002885626 0.0813726346 0.2259858943 0.2923627743 0.0991338916 0.1551304217 0.0992516213 0.5069254342 0.0217984333 0.4352677140 0.3145633457 0.0845574272 0.7093025360 0.0570771533 0.0626273645 0.5000000000 0.8232984527 0.9498343516 0.9030797746 0.7955286096 0.9187856316 0.4660837694 0.8122176246 0.9784297170 0.9953264460 0.7540512306 0.8952374111 0.6179402098 0.8285445284 0.4248198940 0.7079745023 0.9833958154 0.9576464232 0.3229121744 0.7984785425 0.7029762034 0.7495691643 0.8947506298 0.4484660217 0.7328277973 0.8877857996 0.7463593128 0.7545935709 0.6343606590 0.4276252291 0.9378299800
 0.3009984282 0.0260488643 0.0725336704 0.0236302177 0.1475672105 0.4203590028 0.6561961129 0.6852399643 0.3368430296 0.6443186231 0.4153535089 0.4771907773 0.0131046449 0.0315770672 0.1420823918 0.3542955323 0.3028287685 0.0809411109 0.1511357889 0.4441693055 0.2342433568 0.7678622031 0.1521235609 0.5889643155 0.0759106020 0.0839767321 0.0307338643 0.1666788957 0.4898843928 0.6148337421 0.3159041210 0.7689591120 0.2731329330 0.2413580323 0.0321381532 0.3562206568 0.2843986315 0.3919689525 0.5079333724 0.3501892163 0.6525845337 0.4199405116 0.0504289539 0.3525875097 0.6676887431 0.2626421322 0.4861226832 0.4965978954 0.1570489932 0.1767015473 0.5000000000 0.9393898470 0.5235763121 0.6801132719 0.7694069075 0.7303586745 0.8084067644 0.9652521351 0.9474303910 0.7963949202 0.7629234416 0.9861764653 0.9972614298 0.5383093020 0.9022038988 0.8839460249 0.6670969911 0.7172101068 0.9651791593 0.8792663455 0.8350862782 0.7952182726 0.8241549937 0.9961231788 0.4282545824 0.6838775677 0.1160086526 0.4695889282 0.3827080399 0.9974264490
 0.4004641901 0.2800439413 0.1239964414 0.6442668479 0.2008301825 0.5764383496 0.1367169787 0.0707895735 0.4445175002 0.2939378479 0.1188283640 0.1671884200 0.5989272817 0.1795399660 0.5196166477 0.7023859546 0.2732646480 0.3137310702 0.3870833262 0.0131995651 0.0283609102 0.1380461538 0.4664578486 0.1704031221 0.0354625123 0.0521711923 0.4228717869 0.2233855097 0.2051439437 0.2963551009 0.2150457251 0.3331869810 0.7608593899 0.1434045066 0.4083663320 0.1374381711 0.5712888528 0.1195154078 0.1883855022 0.1184995474 0.1666717027 0.0250427115 0.0593732054 0.1166278880 0.3435997040 0.2231078116 0.0487038838 0.2354405422 0.0779436480 0.0501656484 0.0606101530 0.5000000000 0.7577436779 0.9690063544 0.9987144229 0.5740475020 0.9764307788 0.8745955943 0.8765496928 0.8005165578 0.8214642608 0.9336816048 0.5659774558 0.9819340799 0.6077580581 0.6022557663 0.8367311198 0.8439918397 0.7605470055 0.4491974290 0.9192029660 0.4238041341 0.5883018817 0.7811147132 0.9368883362 0.8614398076 0.8680829309 0.8079905459 0.6207752759 0.9005426900
 0.4813749629 0.0481002802 0.5552552029 0.2900354474 0.7263688627 0.4258070228 0.6439644733 0.3733984541 0.0767626693 0.2371976431 0.2223361942 0.2136882998 0.4433723925 0.1805796382 0.2026236506 0.0692308699 0.0777497899 0.1324292380 0.0354330510 0.4789351938 0.2181905071 0.1608079774 0.2436032625 0.0868124466 0.0247528932 0.2214282323 0.1844320661 0.1474313940 0.0367294582 0.0003473206 0.0216100545 0.0754729929 0.1881844149 0.2732626245 0.1347257949 0.5429561273 0.0275746922 0.3621246849 0.4401353759 0.3902381862 0.0986636355 0.1976602693 0.0417411043 0.1427470179 0.0884758434 0.1229956804 0.0089982017 0.2400401793 0.1087684874 0.0969202254 0.4764236879 0.2422563221 0.5000000000 0.8745737839 0.9305249182 0.6082370777 0.3556682663 0.3626024090 0.6105724259 0.7176881025 0.9081344011 0.9204751623 0.9673459075 0.6482443722 0.5549452116 0.9661874121 0.5353124943 0.7408939288 0.8513971690 0.5997226845 0.6190840435 0.6624591119 0.2596494980 0.7662758265 0.7070922879 0.7948681021 0.9625119641 0.9829939269 0.7815632042 0.8006700287
 0.0124842624 0.1801133051 0.1958858368 0.1907076038 0.0981358488 0.0949024647 0.0661634959 0.0002396819 0.4099431349 0.1730149034 0.4554646223 0.3922723095 0.1416531819 0.2542280450 0.0362890043 0.2009279230 0.7575231616 0.0700004754 0.0059999011 0.3046929697 0.5978585796 0.2097235767 0.1490647850 0.1174091166 0.2355082387 0.1666044102 0.3509301153 0.0321387434 0.5668987546 0.2147623547 0.0012083587 0.3273579428 0.6458639420 0.0023149969 0.6803774455 0.1476226184 0.0830431148 0.2330022593 0.1338989182 0.0367378725 0.0963747510 0.4344953390 0.0366636077 0.2251966558 0.1226140503 0.4198802882 0.2954528245 0.4223853305 0.3750817875 0.2044713904 0.3198867281 0.0309936456 0.1254262161 0.5000000000 0.6483158546 0.9408948802 0.9917227924 0.7344890780 0.7595767590 0.6810149800 0.4969972724 0.7727819776 0.7907154070 0.5536222154 0.7733306204 0.9561891734 0.4268465871 0.5664055304 0.6200086893 0.9999249258 0.8107227423 0.3088552679 0.9813929421 0.2226249822 0.3690501843 0.8639476579 0.8327959517 0.7728957287 0.4553145336 0.6888713292
 0.0289095597 0.1591609232 0.0897393100 0.1044268325 0.0296694336 0.4232672434 0.5974280520 0.3194383824 0.1917302980 0.1643255572 0.1315174732 0.5183399478 0.2968376368 0.0393834781 0.2272656204 0.4628750465 0.2859309699 0.0118976125 0.0804114568 0.0752373456 0.2463433156 0.1288962926 0.2245485757 0.7802311700 0.2371458908 0.0213174307 0.0803621183 0.0022800837 0.1615144663 0.2840691617 0.0458805086 0.0371083200 0.1952438179 0.7027060468 0.0726328856 0.1103600551 0.3368172475 0.5669797524 0.1169280699 0.0882803421 0.4094024703 0.3642729601 0.3674126332 0.4004984674 0.2128356542 0.5571242025 0.1015330342 0.0822531339 0.1583766793 0.0812143684 0.2305930925 0.0012855771 0.0694750818 0.3516841454 0.5000000000 0.7275441108 0.9259599229 0.7777835525 0.7880558999 0.8287842105 0.5945798623 0.6259361113 0.4480681048 0.5329041822 0.8320199005 0.8459342362 0.8695905122 0.7880102196 0.7905284534 0.7980444516 0.7655592546 0.7239295559 0.9119675307 0.9240127183 0.5789496131 0.8593786170 0.7305380278 0.9017439792 0.5168076619 0.9189964626
 0.0222423323 0.0754866580 0.8354895780 0.4156132075 0.3410278571 0.1410872023 0.2781913269 0.0702156377 0.2597635837 0.4010372910 0.4552609489 0.2819219904 0.3445325260 0.2528995302 0.0166019802 0.2835192729 0.3639569812 0.0492144696 0.1333971942 0.1883622704 0.6826023186 0.1639414408 0.1054571518 0.3785290342 0.3179602742 0.2161358455 0.0131210158 0.6103116754 0.8818720306 0.2003809925 0.1062025240 0.0547798358 0.1179725462 0.1435510287 0.3833349724 0.0166324823 0.0743764568 0.0235353069 0.4564851641 0.1725717842 0.0667722703 0.0248909894 0.3516332561 0.0708573609 0.3418651078 0.1535031971 0.0268980166 0.6574222373 0.3184569373 0.5339162306 0.2696413255 0.4259524980 0.3917629223 0.0591051198 0.2724558892 0.5000000000 0.7970476368 0.5821086160 0.8692790440 0.7564078323 0.7116591408 0.9734277170 0.6950241842 0.8816840995 0.6520967367 0.8396620908 0.7741735846 0.7013887735 0.8116610151 0.9421100243 0.9726231278 0.7446816435 0.9911932754 0.7703240486 0.7508932552 0.2848535967 0.5169545562 0.7918913206 0.8887415316 0.9759799638
 0.1144402129 0.1858441545 0.2587407671 0.5799957012 0.2211878844 0.5970824603 0.0234781204 0.0084145053 0.1139958446 0.1587655474 0.3475060184 0.0623355963 0.5818644506 0.1644291281 0.3381519916 0.4864521313 0.1564519466 0.2099796962 0.0691314911 0.2696383522 0.2263731610 0.1207536887 0.3692829127 0.1144332187 0.0506271213 0.2204448036 0.2824685845 0.0442527905 0.0282616482 0.0014383938 0.3154045370 0.0018888749 0.0747697667 0.1851342727 0.0009873767 0.2080654824 0.6358102800 0.0612237486 0.1525658630 0.2047658973 0.0237709912 0.0671971859 0.0086244886 0.2285288641 0.1684554716 0.2583570882 0.7621590626 0.0316188149 0.0553836423 0.1877823754 0.1915932356 0.0235692212 0.6443317337 0.0082772076 0.0740400771 0.2029523632 0.5000000000 0.9282683784 0.6700893384 0.8028662530 0.6550265830 0.9529133768 0.9265563240 0.8077946618 0.6383748318 0.9654275545 0.9739745930 0.8564226777 0.9922727825 0.4950501662 0.6572526630 0.7251750920 0.4720308009 0.8947627224 0.9044414639 0.7451023119 0.9052207795 0.7538428901 0.9275329583 0.7794807287
 0.4300690777 0.2674201632 0.2390261840 0.2425578801 0.1866825785 0.0284350999 0.0746858716 0.1987623544 0.4689663627 0.2209259889 0.1323875460 0.6964336691 0.4598550988 0.1719594608 0.5313712000 0.6830381289 0.0760719551 0.2680818310 0.5357513222 0.0113528691 0.3391542046 0.4445503031 0.6448339482 0.1877933651 0.3036246174 0.1908109406 0.0814852790 0.3725167374 0.5576614272 0.2476782680 0.0318657612 0.5356997125 0.2093311965 0.2458727877 0.0502363910 0.2871524244 0.2948753683 0.4040833162 0.0958171870 0.4591735642 0.5100165148 0.2320739897 0.0966841303 0.1556708769 0.2631272139 0.3497703244 0.0587176958 0.3200528763 0.6991442840 0.0215702830 0.0347478649 0.1254044057 0.6373975910 0.2655109220 0.2222164475 0.4178913840 0.0717316216 0.5000000000 0.9699353182 0.5374940350 0.8278470226 0.8378393668 0.8580039336 0.9692623707 0.7730748530 0.9904833353 0.6928449964 0.9307409193 0.7478520812 0.8452003296 0.8576958666 0.5926508886 0.6836287025 0.9082955864 0.7262821667 0.9171144049 0.2323450266 0.9743586588 0.9253073443 0.5122794175
 0.2743306687 0.2039600997 0.1539181731 0.2209678916 0.0055706607 0.8011232188 0.1090516002 0.0144548828 0.0615750573 0.6196464958 0.1453283420 0.3532999315 0.7393749471 0.0334709152 0.1449914763 0.0860005449 0.3148910905 0.2043349883 0.0982640511 0.2004905937 0.6770175223 0.1555342481 0.2711637553 0.4329077141 0.1854275502 0.4824571584 0.5273501369 0.5259824882 0.0151976941 0.2729856401 0.5048683501 0.1084557306 0.1521882267 0.3297477564 0.0854599594 0.1145861566 0.0908669276 0.0164580248 0.3136162438 0.4625654760 0.3252954095 0.2418603428 0.1958120934 0.1292423991 0.7731400247 0.2383721468 0.0840750274 0.1659692505 0.7503279747 0.0046735540 0.0525696090 0.1234503072 0.3894275741 0.2404232410 0.2119441001 0.1307209560 0.3299106616 0.0300646818 0.5000000000 0.5959221927 0.8923615598 0.8971016590 0.8736296344 0.4810422000 0.7698744785 0.7519973883 0.4564940098 0.7425581078 0.9986196965 0.9949624827 0.6541199145 0.3145986648 0.3664084951 0.6591570789 0.5436478471 0.8353490697 0.7670781552 0.7098153081 0.2816341905 0.6771340916
 0.2193570223 0.4229940922 0.3214314001 0.3760135402 0.5199861785 0.3542904870 0.5051353185 0.3765873494 0.3839709108 0.2724195290 0.1589672293 0.1485365323 0.4767811855 0.7359961860 0.6520510966 0.1018253090 0.0319065952 0.1354069380 0.3072138118 0.1529737217 0.4089510760 0.1035111206 0.3070986121 0.3985776661 0.2399110744 0.0965485575 0.4659338446 0.0397998142 0.2021949469 0.0154479336 0.2726439028 0.6055972896 0.3158952176 0.1620932515 0.1004365777 0.0781729379 0.0394989329 0.6210871106 0.4240363431 0.0012620900 0.0287885157 0.2338415288 0.3414131092 0.0720807406 0.0375274008 0.1245164530 0.7514966528 0.1098517372 0.4224499021 0.2459487694 0.2036050798 0.1994834422 0.2823118975 0.3189850200 0.1712157895 0.2435921677 0.1971337470 0.4625059650 0.4040778073 0.5000000000 0.9259702847 0.7956307578 0.7774712741 0.9627479030 0.6702096455 0.9978929743 0.7304341611 0.8647808817 0.9896583852 0.4929840023 0.8055361877 0.9471694162 0.5778543758 0.9847594970 0.6768561230 0.4648680875 0.6224320812 0.9468985473 0.9050786309 0.4930767843
 0.4157563783 0.2782983205 0.0217033032 0.0203333024 0.4555130649 0.4911830737 0.1535640435 0.3287244907 0.3059674087 0.1801281058 0.2954911172 0.0034370670 0.4172432833 0.2248157929 0.1295936799 0.3076185063 0.4735066674 0.5542776023 0.3905751004 0.2035343181 0.2322699077 0.2272456821 0.0983809990 0.8412921341 0.0447127857 0.0284972525 0.1680387647 0.0257227219 0.3821467616 0.3146160409 0.2658928406 0.3447048461 0.2237482241 0.1705711007 0.0191326059 0.1729936886 0.4155430612 0.0187331944 0.0168090057 0.1122009911 0.5761579548 0.4084946065 0.6807586658 0.1893717381 0.6647648208 0.1785200525 0.3849528490 0.2397330362 0.2894854682 0.1047625889 0.2370765584 0.1785357392 0.0918655989 0.5030027276 0.4054201377 0.2883408592 0.3449734170 0.1721529774 0.1076384402 0.0740297153 0.5000000000 0.7516735162 0.9594179578 0.4650943147 0.8443753677 0.4697442279 0.8499222010 0.8436958179 0.3904664010 0.7737882083 0.9177832588 0.3129729821 0.9620839582 0.9583166951 0.8847433395 0.9547258895 0.7942710283 0.5231435329 0.8777886798 0.9820312101
 0.2035143161 0.1813296001 0.2660468301 0.0605747751 0.1213394403 0.3055061266 0.4334525837 0.2787674827 0.3725977233 0.4400028398 0.4729479333 0.1676799581 0.2607202196 0.0026828971 0.3141197521 0.0113461231 0.0198470638 0.5996004797 0.1219291143 0.0213248946 0.2125426185 0.6452639935 0.2879485568 0.1358791218 0.1254969019 0.2504727589 0.0713228531 0.0468967210 0.2621412757 0.3254658261 0.0010809726 0.0444597482 0.2377646657 0.0398121730 0.4295576733 0.2762534230 0.2858059886 0.4959588017 0.3494334282 0.6296089099 0.0923484872 0.0082767659 0.5471943287 0.7225268936 0.1279098759 0.2310069980 0.2900464859 0.1751842794 0.0272750006 0.3820597902 0.0138235347 0.0663183952 0.0795248377 0.2272180224 0.3740638887 0.0265722830 0.0470866232 0.1621606332 0.1028983410 0.2043692422 0.2483264838 0.5000000000 0.8338266783 0.9416641790 0.9419610951 0.8855170161 0.7692316984 0.9003415230 0.9626310023 0.7696264678 0.4957434104 0.9901538317 0.8497010731 0.8304923604 0.5954961262 0.7281644078 0.9937501444 0.8142054917 0.9238574505 0.8071364036
 0.7861039598 0.3642912931 0.0081210329 0.1663255392 0.0656762603 0.2939247203 0.2643858274 0.2509198071 0.5244276967 0.3874618178 0.8137001280 0.0504980369 0.2344515149 0.4026428948 0.6122533658 0.2456717240 0.2794970046 0.2546207275 0.1733879688 0.1305257038 0.5731643203 0.0125030973 0.4199868417 0.0139721764 0.0744249449 0.0296317243 0.4368783816 0.1956021956 0.0454573334 0.1943296181 0.0277114086 0.3594630323 0.0345238244 0.3901454023 0.0685044837 0.1681909027 0.2892192426 0.4196599452 0.4621332081 0.4463607251 0.0272167104 0.1995948044 0.1577631934 0.1044864920 0.0402417745 0.2300333054 0.0064661628 0.3259668097 0.4313764411 0.1714554716 0.0027385702 0.4340225442 0.0326540925 0.2092845930 0.5519318952 0.3049758158 0.0734436760 0.1419960664 0.1263703656 0.2225287259 0.0405820422 0.1661733217 0.5000000000 0.8182998145 0.8149379456 0.6825193457 0.8757001169 0.7342490369 0.4268416132 0.8464475333 0.6210501960 0.8676270613 0.9856384571 0.8348030566 0.4401834207 0.6479293429 0.5754289453 0.8963796588 0.9526430579 0.9376215339
 0.2581312821 0.1868538436 0.5317757252 0.1825929927 0.5319582217 0.1417235644 0.0682865867 0.0657372408 0.1111294313 0.4013125256 0.0572238099 0.1746754285 0.1043080086 0.4707086685 0.3760709819 0.7094587735 0.0402607148 0.3730384983 0.4432668982 0.3364764467 0.2411838837 0.0617679165 0.1830665320 0.1179431884 0.2671357770 0.1138829184 0.1380938033 0.0884831384 0.1654475017 0.2855774411 0.0490420023 0.4095248625 0.4351386166 0.2300934071 0.2989314470 0.2193742811 0.0150396623 0.2222126006 0.5694669922 0.2680514782 0.1589646949 0.0074881635 0.0433344520 0.1136625200 0.7633693982 0.2156535900 0.4391977907 0.0072812957 0.2199566005 0.5751801060 0.4616906980 0.0180659201 0.3517556278 0.4463777846 0.4670958178 0.1183159005 0.1922053382 0.0307376293 0.5189578000 0.0372520970 0.5349056853 0.0583358210 0.1817001855 0.5000000000 0.4494948615 0.8076749806 0.9149602087 0.7943223207 0.5988118443 0.8148229141 0.9244167150 0.9180641542 0.5077827242 0.8635200320 0.6242244433 0.7839414591 0.7771691059 0.5037906061 0.7187442043 0.7029614950
 0.0412995780 0.5447314442 0.2683402259 0.3316948710 0.1652613017 0.3062686892 0.0036073438 0.0499545720 0.5101141887 0.4924105404 0.2378301955 0.5851974895 0.5564351111 0.2967060417 0.4898243404 0.0045369727 0.3016422616 0.0766842141 0.0079624508 0.3111610770 0.1612021759 0.1659230940 0.5955280998 0.6244431877 0.1055989591 0.1277705584 0.0276001532 0.4209049047 0.6131959981 0.1091807182 0.3305266509 0.2224113817 0.0509780783 0.6603008612 0.4581635049 0.2957431176 0.1770208007 0.3140705659 0.5353939538 0.6850915858 0.0599429572 0.0746258445 0.0396574546 0.2000688495 0.0730138416 0.1782120880 0.3733869344 0.0478316536 0.1568884549 0.2920254977 0.0977961012 0.3922419419 0.4450547884 0.2266693796 0.1679800995 0.3479032633 0.3616251682 0.2269251470 0.2301255215 0.3297903545 0.1556246323 0.0580389049 0.1850620544 0.5505051385 0.5000000000 0.5300946359 0.8738115840 0.8186597407 0.8168062582 0.9555429330 0.8578228181 0.5087401050 0.2978635628 0.9679818955 0.6356281410 0.6467754050 0.9934732629 0.6119284326 0.8420666836 0.3957688643
 0.1874233627 0.1125874195 0.3366735801 0.0357645068 0.3029341737 0.0708439064 0.4430422684 0.5510977197 0.4993405382 0.1998004620 0.2739362628 0.1642068716 0.0391738729 0.2106311978 0.0997461889 0.6088118725 0.7229416139 0.1426849915 0.0611127260 0.4636300253 0.1421017571 0.0024327403 0.4087355658 0.0354514859 0.2461462545 0.2900999916 0.2992878302 0.1804003433 0.1896108110 0.0364688989 0.2121950547 0.2576589600 0.2675039226 0.3117046750 0.0230429923 0.2178626196 0.1689775662 0.2440044808 0.4161408342 0.2160470718 0.0617575814 0.3369537516 0.2196738505 0.5669758683 0.1980293514 0.6857636819 0.1923354900 0.3253737160 0.7913939990 0.0166041846 0.1160539751 0.3977442337 0.0338125879 0.0438108266 0.1540657638 0.1603379092 0.0345724455 0.0095166647 0.2480026117 0.0021070257 0.5302557721 0.1144829839 0.3174806543 0.1923250194 0.4699053641 0.5000000000 0.2108374342 0.7372394260 0.9652904779 0.9888947369 0.4905618774 0.9896167790 0.7628568309 0.6114945126 0.8826684679 0.5987107027 0.6056015216 0.8699368463 0.4673956009 0.8836539417
 0.4395230754 0.3771721252 0.3599087860 0.3467528371 0.7686130963 0.8172066501 0.1220530454 0.1320776137 0.0760084257 0.0332422969 0.5851477505 0.3972889221 0.6836402452 0.3798889557 0.2616706619 0.7599408237 0.2976939912 0.4088582987 0.2518419092 0.1618304955 0.1186980326 0.5319140162 0.5480483994 0.4330372152 0.2251116036 0.1397763046 0.1874515609 0.0389976727 0.2870359317 0.4085841304 0.2758615079 0.1691144743 0.1147686115 0.1528514442 0.2629483206 0.7711836881 0.1051913709 0.0674270685 0.3736982899 0.2891914162 0.0143506815 0.2711156128 0.0426271835 0.3597615577 0.2343666391 0.2151086627 0.6237433314 0.0374442500 0.2710855166 0.0423535768 0.3329030089 0.1632688802 0.4646875057 0.5731534129 0.1304094878 0.2258264154 0.0260254070 0.3071550036 0.5435059902 0.2695658389 0.1500777990 0.2307683016 0.1242998831 0.0850397913 0.1261884160 0.7891625658 0.5000000000 0.7746182853 0.7339168019 0.4968864320 0.9365262922 0.8119522345 0.7654057568 0.5250258046 0.8544188575 0.6200561790 0.9338696321 0.7407468295 0.9405355042 0.9402852072
 0.0963032379 0.4867752700 0.6317150300 0.0716613016 0.6213527221 0.2991317196 0.2757666865 0.1199424359 0.0922027450 0.4213556975 0.5927719975 0.1071706525 0.5965707570 0.2293737170 0.0409870842 0.5175006029 0.0907668463 0.7738314864 0.1881697520 0.0502327388 0.0704697781 0.3674231412 0.4118446345 0.2839277157 0.3122933022 0.1299600471 0.0076401140 0.2644495298 0.4160432264 0.6003060726 0.1125811991 0.2050780381 0.5078327503 0.4648502935 0.0540031017 0.3982831773 0.0984170490 0.3873554872 0.0653879845 0.0527979550 0.0048764381 0.0192939099 0.2717106151 0.2024989727 0.1087167964 0.1555289829 0.0908574846 0.5042527119 0.0387536724 0.6770878256 0.2827898932 0.1560081603 0.2591060712 0.4335944696 0.2119897804 0.2986112265 0.1435773223 0.0692590807 0.2574418922 0.1352191183 0.1563041821 0.0996584770 0.2657509631 0.2056776793 0.1813402593 0.2627605740 0.2253817147 0.5000000000 0.9209309410 0.3568213085 0.8219430666 0.9442396072 0.6481256455 0.8000509330 0.8235303433 0.9696455669 0.7410224722 0.5017757597 0.9121614958 0.6063113068
 0.0754126627 0.3873796195 0.5090811076 0.7248661273 0.2331908506 0.3107389959 0.2191264430 0.7000333905 0.0748942407 0.0104997581 0.5815016314 0.7769200500 0.2570727907 0.5191217306 0.4719645464 0.0712428773 0.1658089581 0.3275009537 0.1227688441 0.4373836995 0.4034479043 0.0254677206 0.0533419918 0.0214258691 0.2794098877 0.1118990500 0.1495899328 0.0347277528 0.0297965197 0.3860270720 0.1097814463 0.5843553292 0.5550129608 0.1550798882 0.0791665827 0.5580840610 0.2790474883 0.2981855205 0.1363986730 0.2604968058 0.1825146294 0.2977245416 0.1403481426 0.2881812976 0.0428507384 0.3333865550 0.0227971336 0.2824437205 0.5850934660 0.2015214575 0.0348208407 0.2394529945 0.1486028310 0.3799913107 0.2094715466 0.1883389849 0.0077272175 0.2521479188 0.0013803035 0.0103416148 0.6095335990 0.0373689977 0.5731583868 0.4011881557 0.1831937418 0.0347095221 0.2660831981 0.0790690590 0.5000000000 0.9749363317 0.5314465314 0.8641003409 0.9047549708 0.7829976066 0.6386099657 0.7444217061 0.9686594176 0.7444521064 0.3704097409 0.8119943123
 0.0475542314 0.1031796011 0.0141120284 0.5848565140 0.2092517496 0.0775229108 0.1030134647 0.0349694152 0.5803869367 0.1335043049 0.0389908392 0.3545672308 0.0099044459 0.1574343625 0.1494142870 0.8210045620 0.5212307803 0.4043815363 0.1215957134 0.2680557117 0.0420945883 0.1906147095 0.2101240412 0.3735941628 0.5126154449 0.4313168692 0.4099909344 0.1646768134 0.1101110091 0.5393961882 0.7505902359 0.4185362889 0.2771302593 0.6935673060 0.3893851851 0.3737697068 0.2443827093 0.3954062405 0.2050354285 0.3076866152 0.4564426783 0.1760894530 0.5661939988 0.5064447040 0.0706255459 0.0542439465 0.3992825110 0.6400616872 0.2360056614 0.2970237966 0.1207336545 0.5508025710 0.4002773155 0.0000750742 0.2019555484 0.0578899757 0.5049498338 0.1547996704 0.0050375173 0.5070159977 0.2262117917 0.2303735322 0.1535524667 0.1851770859 0.0444570670 0.0111052631 0.5031135680 0.6431786915 0.0250636683 0.5000000000 0.9506132428 0.8999548894 0.7330922018 0.4687760765 0.3994809886 0.9653552823 0.9381004612 0.9715748998 0.5234687290 0.8321236050
 0.1949230421 0.1749543975 0.2227104398 0.3279736745 0.0108708657 0.0799086064 0.1875700989 0.2629028180 0.2267914436 0.2802369614 0.0876773815 0.2280129694 0.2342801856 0.2875387929 0.0274842916 0.6896399952 0.6289889664 0.1586334607 0.1493501978 0.3873360540 0.0576898441 0.0851899283 0.0008811112 0.0201849209 0.4968004074 0.7290879434 0.3499432185 0.1537867263 0.0958838531 0.6003604981 0.5737814916 0.3608633422 0.0050596528 0.1132977273 0.0105055171 0.2423360823 0.0721098975 0.8965641095 0.2877057438 0.2916838251 0.0912630902 0.1922586417 0.1510448020 0.0687313260 0.2231914785 0.1514246200 0.2945480328 0.1437762416 0.1707225994 0.2504308357 0.1649137218 0.0807970340 0.3809159565 0.1892772577 0.2344407454 0.0273768722 0.3427473370 0.1423041334 0.3458800855 0.1944638123 0.0822167412 0.5042565896 0.3789498040 0.0755832850 0.1421771819 0.5094381226 0.0634737078 0.1780569334 0.4685534686 0.0493867572 0.5000000000 0.6781886093 0.8219852676 0.5653061211 0.4041681580 0.8242272860 0.2649124612 0.7943082839 0.8313097382 0.6078219291
 0.3325528976 0.1287416212 0.1130855401 0.2041202761 0.2017051916 0.2214800327 0.1479885379 0.3721722271 0.2266465335 0.0465156227 0.2649312874 0.3377513282 0.1557207370 0.5813496689 0.3862285458 0.1693191052 0.5672187945 0.4088505428 0.5235001212 0.0090885699 0.0197485741 0.0133363899 0.0527788449 0.0647429521 0.0242468148 0.2212033645 0.0964457017 0.3707814160 0.0902497431 0.0704333767 0.0074026558 0.3135266259 0.1170493110 0.0943867024 0.1133192552 0.0119797690 0.1249554763 0.2166323786 0.3020621914 0.3874036833 0.1500121529 0.0742676666 0.3829948161 0.0442274298 0.1805959419 0.5884858783 0.0118194643 0.0230385882 0.0501523218 0.1052493702 0.2047817274 0.5761958659 0.3375408881 0.6911447321 0.2760704441 0.2553183565 0.2748249080 0.4073491114 0.6854013352 0.0528305838 0.6870270179 0.0098461683 0.1323729387 0.0819358458 0.4912598950 0.0103832210 0.1880477655 0.0557603928 0.1358996591 0.1000451106 0.3218113907 0.5000000000 0.9732847358 0.7582096707 0.9319191938 0.5714646816 0.8899916826 0.4387712301 0.8351856170 0.9822630287
 0.1067717467 0.3243286146 0.2704476891 0.0053009774 0.6060766230 0.1000820622 0.0862477551 0.6560768242 0.4426538730 0.1435253814 0.4018057065 0.2901047484 0.0065853122 0.5481322449 0.0583689353 0.1561473322 0.5570707758 0.5393398801 0.0866958001 0.4104828498 0.2078381540 0.1481083851 0.4792051017 0.0785379196 0.2107670563 0.2021243542 0.0868924453 0.5345519320 0.5268211515 0.2820535841 0.3395490069 0.5173822637 0.2583434621 0.1186192680 0.4725130658 0.2257623153 0.0247836262 0.0436969309 0.3680339139 0.6484987354 0.1820318011 0.5756124389 0.0804802971 0.0459222564 0.8279077517 0.2954005423 0.2566818607 0.2038158608 0.0293696667 0.5515339783 0.1758450063 0.4116981183 0.7403505020 0.0186070579 0.0880324693 0.0088067246 0.5279691991 0.3163712975 0.6335915049 0.4221456242 0.0379160418 0.1502989269 0.0143615429 0.4922172758 0.7021364372 0.2371431691 0.2345942432 0.3518743545 0.0952450292 0.2669077982 0.1780147324 0.0267152642 0.5000000000 0.7853663837 0.8766087037 0.9655009093 0.8258996124 0.5177118782 0.5148488678 0.5033011025
 0.2568214381 0.0452213950 0.1035191092 0.6988502287 0.6678756698 0.0311481692 0.6140887762 0.0875206270 0.5275160320 0.2341519113 0.1564503361 0.0842302295 0.6799730392 0.1376839714 0.4390065470 0.5782297539 0.0142810918 0.0037703580 0.0956460759 0.2427293298 0.1262475542 0.0699522825 0.5957471701 0.3236447987 0.2761066763 0.1028150311 0.3781280997 0.1671184112 0.3680769268 0.3165679834 0.7719962469 0.1274648518 0.0130875548 0.3319751764 0.0509179890 0.0757045032 0.0381358869 0.0546836294 0.2145323703 0.3853932636 0.6262943019 0.2652114967 0.0635241509 0.1335771256 0.3386907737 0.3886655450 0.1718734453 0.2228629924 0.1032557736 0.2671722027 0.0038768212 0.2188852868 0.2337241735 0.7773750178 0.0759872817 0.2296759514 0.1052372776 0.0917044136 0.3408429211 0.0152405030 0.0416833049 0.1695076396 0.1651969434 0.1364799680 0.0320181045 0.3885054874 0.4749741954 0.1999490670 0.2170023934 0.5312239235 0.4346938789 0.2417903293 0.2146336163 0.5000000000 0.7351156825 0.9134865352 0.8479984299 0.8680075037 0.7975793621 0.8457319635
 0.5523957981 0.0410122840 0.3584870728 0.0801524913 0.1530546919 0.4009820220 0.2707910861 0.0614479368 0.0508106632 0.0673053309 0.0544932628 0.3460287738 0.4578664882 0.2892117758 0.8411904229 0.5755498488 0.2161067935 0.0296888278 0.3337155384 0.5720026746 0.5188813691 0.2116206940 0.2071876857 0.0350146623 0.1764617863 0.0799544803 0.4525673570 0.0881275760 0.1455424824 0.3297890937 0.6679884040 0.2803423574 0.6293355790 0.4951282014 0.5409443006 0.8446902699 0.2156205186 0.3627517655 0.0866199964 0.0510146958 0.1530595854 0.0292613037 0.1710421672 0.2783059067 0.0007281309 0.0858079798 0.5999960806 0.3131915316 0.0296668622 0.1122142004 0.5717454176 0.0631116638 0.2929077121 0.6309498157 0.4210503869 0.2491067448 0.0955585361 0.2737178333 0.4563521529 0.3231438770 0.1152566605 0.4045038738 0.5598165793 0.3757755567 0.3643718590 0.1173315321 0.1455811425 0.1764696567 0.3613900343 0.6005190114 0.5958318420 0.0680808062 0.1233912963 0.2648843175 0.5000000000 0.5324538117 0.7239707595 0.7849931752 0.6362821365 0.8026951189
 0.1334635248 0.1828007390 0.1404298666 0.2019197289 0.2213462307 0.5108115105 0.0387815531 0.0661063143 0.0434782513 0.0297310221 0.0788865801 0.0916258748 0.4874766616 0.0233765616 0.1767784411 0.3075824221 0.1978362156 0.1021732947 0.1372348883 0.1250252367 0.2057649273 0.3798601273 0.1102746330 0.6014194507 0.1027128730 0.1577926749 0.4782214313 0.2684548102 0.0501858733 0.0389724862 0.0627090946 0.2865067305 0.4225961625 0.5036317708 0.0065671788 0.3491606051 0.0650273306 0.0914233873 0.0300203022 0.0688630790 0.0030583356 0.0310582817 0.2638200282 0.6093372719 0.3070388134 0.1484976483 0.6324971892 0.0232055320 0.1427632878 0.2536406872 0.3161224323 0.1385601924 0.2051318979 0.1360523421 0.1406213830 0.7151464033 0.2548976881 0.0828855951 0.1646509303 0.5351319125 0.0452741105 0.2718355922 0.3520706571 0.2160585409 0.3532245950 0.4012892973 0.3799438210 0.0303544331 0.2555782939 0.0346447177 0.1757727140 0.4285353184 0.0344990907 0.0865134648 0.4675461883 0.5000000000 0.7552375896 0.6905305354 0.5415008510 0.7452082341
 0.0646379079 0.2757970872 0.5432351057 0.0745278917 0.0200555135 0.2828903299 0.0123872796 0.5658536818 0.8033867649 0.2229248263 0.7990513344 0.1892074831 0.1461861880 0.0956230548 0.0954034788 0.0339641523 0.7975037010 0.0292386602 0.1029578326 0.1194780352 0.3852842175 0.1725448955 0.2374671755 0.2969729405 0.0758583182 0.1164582400 0.1070163796 0.2942240085 0.1083510036 0.1500903131 0.3812916914 0.0855871328 0.2279697215 0.2545579956 0.1558003903 0.1790303126 0.1603690041 0.1643389681 0.0831180392 0.0632195755 0.2245243948 0.3608892552 0.2645249914 0.4526021850 0.1133611833 0.0483040222 0.3843863943 0.0044519511 0.0718342329 0.2454064291 0.8839913474 0.1319170691 0.0374880359 0.1672040483 0.2694619722 0.4830454438 0.0947792205 0.7676549734 0.2329218448 0.3775679188 0.2057289717 0.0062498556 0.4245710547 0.2228308941 0.0065267371 0.3943984784 0.0661303679 0.2589775278 0.0313405824 0.0618995388 0.7350875388 0.1100083174 0.1741003876 0.1520015701 0.2760292405 0.2447624104 0.5000000000 0.9942089628 0.9075351994 0.9034323728
 0.0774116587 0.0361411815 0.0257286453 0.1755420597 0.2953051249 0.1033459719 0.4716352300 0.0329664656 0.0935199184 0.4038200199 0.0000283088 0.3284848687 0.1507378846 0.3006675682 0.6404163158 0.2951178716 0.5143197723 0.1325271465 0.0883211749 0.2111108202 0.0037954616 0.1699227800 0.3550138366 0.1863024731 0.3342352169 0.3693573090 0.0805641242 0.7471405352 0.1328196800 0.0124286477 0.2920620910 0.3584461517 0.5690461049 0.4427869140 0.1706511128 0.0473580342 0.1579036239 0.0627958722 0.2479423543 0.3614396389 0.0741257398 0.3072269486 0.0609186081 0.3506574530 0.2401381562 0.0932323745 0.2500337270 0.0649882354 0.5831876383 0.3656393410 0.5304110718 0.1920094541 0.0170060731 0.2271042713 0.0982560208 0.2081086794 0.2461571099 0.0256413412 0.2901846919 0.0531014527 0.4768564671 0.1857945083 0.1036203412 0.4962093939 0.3880715674 0.1300631537 0.2592531705 0.4982242403 0.2555478936 0.0284251002 0.2056917161 0.5612287699 0.4822881218 0.1319924963 0.2150068248 0.3094694646 0.0057910372 0.5000000000 0.4977470719 0.7459163323
 0.5233920536 0.5796810447 0.1030127143 0.0931704197 0.1175498295 0.0118111593 0.4598385143 0.0097439729 0.1020646224 0.0321130306 0.1922395448 0.1932078760 0.1609789127 0.0637347888 0.0200581329 0.1580657795 0.4259246695 0.4665888999 0.0576104136 0.4888663962 0.0227525070 0.3430235983 0.1373869086 0.4858735495 0.2551551379 0.3524765702 0.2924650712 0.4767093352 0.0081344785 0.1952769389 0.2778458214 0.0049924127 0.8388946916 0.7020422970 0.0573247267 0.3943747203 0.2165636685 0.0602568834 0.2816285363 0.0647319993 0.0081994172 0.1567327851 0.3499095503 0.2181320389 0.4764025418 0.4664489240 0.4593331232 0.1806079683 0.6515590450 0.5723747709 0.6172919601 0.3792247241 0.2184367958 0.5446854664 0.4831923381 0.1112584684 0.0724670417 0.0746926557 0.7183658095 0.0949213691 0.1222113202 0.0761425495 0.0473569421 0.2812557957 0.1579333164 0.5326043991 0.0594644958 0.0878385042 0.6295902591 0.4765312710 0.1686902618 0.1648143830 0.4851511322 0.2024206379 0.3637178635 0.4584991490 0.0924648006 0.5022529281 0.5000000000 0.7871148194
 0.3323137090 0.2113601873 0.5973399867 0.5237501967 0.1543469973 0.3895354628 0.0004119223 0.2170506468 0.0679386449 0.0603923040 0.0773815367 0.1423961289 0.3327674416 0.2996186586 0.0675776526 0.1397701889 0.5679920684 0.2699215314 0.3787799039 0.6879848923 0.4186020299 0.3654631410 0.4482935989 0.3408854360 0.0784813399 0.1714754115 0.2470233782 0.0101319636 0.6250237933 0.2767772563 0.1764741430 0.1731758133 0.3804381778 0.0423039895 0.1932639661 0.2859053016 0.0481167359 0.4019593704 0.2766818581 0.1051958664 0.0059151224 0.5601547515 0.0833246169 0.2578745010 0.1349884497 0.1843933422 0.2199403807 0.6810643972 0.5393056270 0.0621700200 0.0025735510 0.0994573100 0.1993299713 0.3111286708 0.0810035374 0.0240200362 0.2205192713 0.4877205825 0.3228659084 0.5069232157 0.0179687899 0.1928635964 0.0623784661 0.2970385050 0.6042311357 0.1163460583 0.0597147928 0.3936886932 0.1880056877 0.1678763950 0.3921780709 0.0177369713 0.4966988975 0.1542680365 0.1973048811 0.2547917659 0.0965676272 0.2540836677 0.2128851806 0.5000000000
]
