n: 80

c:
[
 0.5000000000 0.8057711700 0.6691134192 0.8599266892 0.6087067115 0.6554995152 0.7697911069 0.8310948297 0.9258987270 0.7928718824 0.8646940431 0.9887145893 0.8497970196 0.5535595413 0.8369840388 0.7116732615 0.8814788074 0.9330765762 0.2011744552 0.9238179372 0.8040882897 0.5270908732 0.8887495975 0.7450110418 0.9083387089 0.8167710262 0.6987194516 0.7178105436 0.8241511552 0.5675268964 0.7699786536 0.9657915536 0.7766957916 0.6684934516 0.5858419791 0.8464145327 0.4714662746 0.9306706123 0.8321196420 0.4031538106 0.4667796608 0.7441041789 0.4108791292 0.7493527929 0.4114618379 0.6393459933 0.3475875251 0.8487776423 0.8663826396 0.5020709631 0.9769881189 0.9300789324 0.6882293203 0.7041447394 0.4497258763 0.1674241158 0.6959382932 0.8760153178 0.8082007687 0.6957643920 0.8990098156 0.9016982445 0.9997892006 0.8287029351 0.9270464728 0.4602033836 0.6648224619 0.6467213291 0.4678041582 0.9260891513 0.7377961039 0.4320958949 0.5567539484 0.3087949741 0.4914528748 0.2846779645 0.3444652414 0.7277009827 0.9760985021 0.7961974246
 0.1942288300 0.5000000000 0.9769052927 0.6084408652 0.8536066226 0.7428586177 0.9909228795 0.6213761480 0.7136679008 0.9398792554 0.9182947508 0.9984370075 0.8520528732 0.9287132770 0.7941458724 0.9880273536 0.6201048230 0.2636570207 0.8309775954 0.8589984855 0.9466324396 0.8359943196 0.9397769424 0.8268726387 0.6885978882 0.2741278954 0.9689214617 0.7861106100 0.7339137525 0.5701283415 0.9191046101 0.9859373832 0.5845752307 0.5883907429 0.5015574935 0.0281841585 0.3085193314 0.9168966489 0.9890449473 0.6587529516 0.9245840793 0.7206256330 0.7205476896 0.8208676770 0.8616574360 0.8646551872 0.5139650355 0.9857132164 0.3033343027 0.6889680465 0.6909730299 0.8976715717 0.8913628039 0.8979777390 0.9145366566 0.8908789267 0.6464876721 0.9802401802 0.7205738878 0.8525649920 0.9226411605 0.6255497623 0.4816395385 0.5512397082 0.9544615756 0.9756636731 0.9154046729 0.6862557678 0.7404076168 0.7727879338 0.2720526927 0.7438037462 0.5707497917 0.9744821675 0.6673741823 0.9287109979 0.3218877097 0.8546989681 0.6135542194 0.4037526190
 0.3308865808 0.0230947073 0.5000000000 0.7867471420 0.8659642590 0.8955017382 0.4548329081 0.6595807634 0.8388340664 0.7813410033 0.7399459868 0.4845345718 0.7647897583 0.9596163694 0.6843496296 0.6789716560 0.9969763643 0.4323393800 0.5854380402 0.5994577777 0.7208047923 0.7801164076 0.6879128598 0.9667344789 0.8772712178 0.9386434444 0.9602345980 0.8559185921 0.9835519383 0.5872335491 0.8379003944 0.5835293500 0.7785625034 0.7207541672 0.8272458337 0.8851978954 0.4047854089 0.7458632616 0.7764301589 0.9983793864 0.8467138759 0.5789380253 0.5659109382 0.8737417375 0.7456146133 0.7835442391 0.8123581984 0.9754237743 0.9408892992 0.4831360944 0.7910664092 0.9034664604 0.5113786410 0.4573839928 0.8912518296 0.6579331056 0.9832920521 0.9154931245 0.9746195544 0.7323198765 0.8866683637 0.8271176804 0.9480257108 0.6698771640 0.4444313641 0.8858193532 0.4983559828 0.9858386845 0.8008376298 0.8064916377 0.6616371800 0.6118407589 0.5593243427 0.9898494645 0.7711035248 0.8936158306 0.6067020673 0.5541163938 0.7614075155 0.8441818917
 0.1400733108 0.3915591348 0.2132528580 0.5000000000 0.9312836225 0.8505260663 0.8968699428 0.9484354896 0.9626406819 0.8260517119 0.5582808805 0.6324714020 0.7506916457 0.7904918332 0.5346158452 0.9202529608 0.9469560299 0.1535261465 0.9798491078 0.7355905525 0.9063004837 0.8976201806 0.7343875887 0.7102138457 0.8358908931 0.9114410822 0.9626710060 0.6034063432 0.8062025292 0.1047927399 0.8190495114 0.9203834662 0.9143898438 0.6178520036 0.3934249409 0.8129566487 0.8994813124 0.4386374302 0.7537851785 0.9293527809 0.9974353019 0.9841137745 0.9695305061 0.8338132912 0.9868640341 0.9661033506 0.5080528527 0.8651276148 0.7789725904 0.7728180610 0.4974014149 0.9218401097 0.8702857727 0.7572795834 0.5785006551 0.8629430468 0.7831229381 0.5439552226 0.7994791247 0.4396147470 0.9079608522 0.9005930426 0.8026577407 0.7740423387 0.9546971785 0.9430734570 0.9828913275 0.8846676331 0.6421752753 0.2437375752 0.6376466476 0.9208104932 0.7935449372 0.7916471966 0.8042391200 0.8471339306 0.7908797359 0.9531753938 0.7454349570 0.5465720863
 0.3912932885 0.1463933774 0.1340357410 0.0687163775 0.5000000000 0.7482265334 0.8809577037 0.9778971493 0.9689174574 0.4320725659 0.9466008800 0.8645665970 0.7430104599 0.7206964046 0.9151583103 0.8778079172 0.9005295999 0.6537254185 0.9703344680 0.9704535270 0.7087996409 0.9276892092 0.7012413028 0.9881356780 0.6557950252 0.9832244491 0.8653923298 0.9833095010 0.8974370289 0.8517446952 0.8312768485 0.8472494590 0.9028993839 0.8142879893 0.5383338264 0.7492646979 0.7362528627 0.5701648081 0.7692430658 0.7513141146 0.3396017743 0.6813581852 0.9152772766 0.7963326984 0.9900822180 0.5333850092 0.7015064804 0.8700795132 0.9721632812 0.8713160868 0.9435293030 0.2358395045 0.3943496733 0.6838141929 0.9590161414 0.8198323993 0.9103131905 0.9239954657 0.6631592918 0.9444903456 0.9510704079 0.7103523115 0.9513026349 0.9805004307 0.9805772078 0.8811078344 0.2422119469 0.9220183051 0.9879539050 0.9517226983 0.7646384848 0.9390233803 0.4761769410 0.9460478526 0.7038435884 0.3400606310 0.8287768297 0.6840227668 0.4087094933 0.6447550808
 0.3445004848 0.2571413823 0.1044982618 0.1494739337 0.2517734666 0.5000000000 0.7315290647 0.9525486762 0.7607889884 0.7712899100 0.7143352761 0.4791344895 0.5209824680 0.8432142243 0.8937164438 0.4196378733 0.9776496332 0.9725829946 0.9722287268 0.8181424069 0.7192179703 0.9871356847 0.6877978031 0.8317166317 0.5605068404 0.7347469088 0.8268326567 0.9673040425 0.3512865029 0.4576260930 0.8406467745 0.6647467605 0.6657056052 0.8199788558 0.3492497363 0.9949941648 0.5264217578 0.9981355473 0.8391459907 0.7761907563 0.6812253630 0.0720746331 0.8425153175 0.7498749921 0.9565786080 0.4464763332 0.7702427233 0.8281600835 0.9514413203 0.9637460224 0.8778363319 0.8224969973 0.8230047343 0.7279383365 0.7304639903 0.8309594862 0.9348965814 0.8960224454 0.2997977957 0.3396951156 0.8236029504 0.8452615682 0.6425707884 0.9157348276 0.8414774372 0.2925402817 0.9844289700 0.7925065371 0.9690620078 0.8557339817 0.5180148372 0.4821345263 0.9688045769 0.7578229290 0.8901012251 0.9400146783 0.9554784040 0.2996149516 0.3329257042 0.9142369478
 0.2302088931 0.0090771205 0.5451670919 0.1031300572 0.1190422963 0.2684709353 0.5000000000 0.6532581399 0.3337607180 0.9742682160 0.8768707392 0.7708691303 0.7525731172 0.9223068105 0.9599037914 0.9498064814 0.9981040239 0.9270308527 0.6802619397 0.7608663217 0.7856472110 0.4296935498 0.9732354405 0.7366181069 0.9799676507 0.5710471698 0.1815333357 0.6889557150 0.8052103610 0.4521820408 0.9531209033 0.8752641889 0.5547218858 0.4892898137 0.5525114370 0.8580688532 0.8633101498 0.3983871255 0.9692096537 0.9096209726 0.5869801865 0.5517371567 0.8426615261 0.4765605973 0.7768400780 0.5874457051 0.7271477446 0.6900816710 0.6594594467 0.9780357853 0.6747351884 0.8707832184 0.8161066689 0.9769248899 0.5172406349 0.9317447756 0.9914520701 0.9092767209 0.6323894731 0.5288952571 0.7066900870 0.8571301558 0.6578208238 0.8782603155 0.6460922837 0.6682539232 0.8666908755 0.8625349120 0.7089003989 0.9366526755 0.9902427647 0.8728690671 0.9415339520 0.5293292861 0.6300856994 0.9861218680 0.7822009090 0.7615068456 0.9901962068 0.9407446611
 0.1689051703 0.3786238520 0.3404192366 0.0515645104 0.0221028507 0.0474513238 0.3467418601 0.5000000000 0.4763918154 0.8950672763 0.3900774317 0.4999062011 0.4890699794 0.6475546101 0.5438657393 0.6690329561 0.4788169031 0.8977503569 0.5686597936 0.4184804088 0.4108649207 0.4490929137 0.5956146873 0.8132461691 0.4877654673 0.9217226652 0.9426006060 0.8512085128 0.7140639269 0.8571341452 0.7954742346 0.9871979125 0.8265928093 0.5704413753 0.5492226677 0.9725355254 0.7258356680 0.8018713325 0.6366355787 0.6120084704 0.0708451144 0.7794457020 0.4622897231 0.9297652699 0.7912673398 0.8795340342 0.3993088072 0.8915946203 0.9044107796 0.8158467380 0.8682266321 0.7638487363 0.5938670660 0.5788460100 0.7492473299 0.9378240028 0.8190098205 0.9508678086 0.8583064150 0.8831307721 0.6511623083 0.5806202712 0.8265262767 0.6761602706 0.7912559557 0.5944321682 0.9357119394 0.7451917177 0.3820285595 0.9853927927 0.6945429686 0.7141042560 0.4019264325 0.5628788241 0.5595388276 0.8854754277 0.8435965085 0.3135263784 0.8113593409 0.6903978473
 0.0741012730 0.2863320992 0.1611659336 0.0373593181 0.0310825426 0.2392110116 0.6662392820 0.5236081846 0.5000000000 0.2807344675 0.6104439828 0.5536863258 0.7089974457 0.9942414489 0.8388445879 0.8658967718 0.7024067791 0.9537584914 0.9850209007 0.7578395698 0.8448486134 0.3593496831 0.9599405752 0.9941667169 0.9339612087 0.8371310146 0.9688880789 0.7684195133 0.7841230586 0.2171668411 0.7811188996 0.9219885681 0.9757027963 0.8451688030 0.9986103022 0.1449063653 0.9755811795 0.8777672757 0.4645249239 0.8889176297 0.8838148659 0.7619963307 0.7623439114 0.8126272955 0.5364298268 0.8006623226 0.9152661022 0.8264652547 0.9902665855 0.6870280291 0.7361509765 0.5366847723 0.7209903732 0.7649523715 0.4371983793 0.9085963575 0.9193043163 0.8442077145 0.7843544005 0.3376042648 0.4526721674 0.8520809496 0.7251431906 0.9538528114 0.9343582470 0.9217768079 0.5126395117 0.4424179422 0.6807874214 0.7674901328 0.6678251850 0.7198135269 0.9819263150 0.6690062632 0.6450085349 0.8368546629 0.9374944853 0.9012637369 0.8963837146 0.9254192864
 0.2071281176 0.0601207446 0.2186589967 0.1739482881 0.5679274341 0.2287100900 0.0257317840 0.1049327237 0.7192655325 0.5000000000 0.5123157098 0.9777165640 0.8635341096 0.8515085968 0.7633136981 0.8477900869 0.8688953376 0.4267426259 0.3649504725 0.9333171831 0.9026183632 0.9787581011 0.9112435157 0.4418603589 0.8613326982 0.8013408325 0.8944584864 0.2576829007 0.8446750051 0.5201012089 0.7651907494 0.8826704238 0.5696325564 0.9395441416 0.9013978880 0.6392833332 0.7119718426 0.8990024967 0.9872262117 0.3197289195 0.6337307373 0.6420946369 0.9742585519 0.9205659896 0.9867366935 0.3188380818 0.7680622429 0.4268252167 0.9693812210 0.8321507764 0.6096647902 0.9257657276 0.9276214912 0.4912159889 0.9541320634 0.9052977615 0.9893107675 0.8797765687 0.7591487238 0.2312137090 0.7036489187 0.6516702379 0.7737985050 0.4435433597 0.8896157646 0.8743861971 0.6365698813 0.9772299556 0.8399562595 0.9081563877 0.8805606759 0.8259638286 0.8113756750 0.7434269359 0.8225894948 0.6040736110 0.8269626822 0.8497109246 0.5177436336 0.2791194073
 0.1353059569 0.0817052492 0.2600540132 0.4417191195 0.0533991200 0.2856647239 0.1231292608 0.6099225683 0.3895560172 0.4876842902 0.5000000000 0.7742299953 0.7762817877 0.7409780576 0.9694348757 0.7143706193 0.6482359101 0.4935197431 0.7658642783 0.8278666446 0.7970486756 0.8353494179 0.6226667126 0.6197981513 0.5900162284 0.9098991693 0.9295584012 0.9198047660 0.7107283433 0.8639215746 0.7812599170 0.8799624170 0.7963318089 0.9055145481 0.7749808155 0.5606707534 0.6123126929 0.3443440467 0.9850182734 0.9769770906 0.4441321571 0.5617208144 0.7905208741 0.4355716517 0.8616055847 0.6194632387 0.6404229743 0.6840819671 0.6930769922 0.6209839416 0.8688013337 0.8861138101 0.8833289830 0.9828064836 0.6416681164 0.8232828723 0.5435830677 0.3198692115 0.5489487385 0.7252356716 0.8870618331 0.8844293176 0.8996639675 0.8690854219 0.3464973306 0.9334929418 0.6475622749 0.9800425474 0.9996151549 0.8303149190 0.6947482612 0.6419697567 0.2806905707 0.6464361339 0.7401092501 0.8758555615 0.8497357566 0.8135311237 0.8066274444 0.1708133052
 0.0112854107 0.0015629925 0.5154654282 0.3675285980 0.1354334030 0.5208655105 0.2291308697 0.5000937989 0.4463136742 0.0222834360 0.2257700047 0.5000000000 0.8350523603 0.5719102891 0.9635961197 0.9092129029 0.9040226944 0.9096206105 0.9387125643 0.7825665345 0.9144927502 0.9963038924 0.8172387689 0.8768243463 0.7797347063 0.7405578094 0.9628500244 0.9062582103 0.8294611603 0.8489862772 0.6660952628 0.6853411465 0.6352751328 0.6977340002 0.6529219424 0.8289692992 0.8280317889 0.9780266435 0.5632522395 0.8596425400 0.8936254202 0.4524665094 0.9580575881 0.2767422773 0.4078279544 0.6676284527 0.9253300800 0.9517631480 0.8574884904 0.8709501139 0.8689356484 0.8370724324 0.1808171611 0.8718282599 0.5795563387 0.9264441038 0.5376427901 0.5977851090 0.8931566936 0.9860162875 0.9190462841 0.6922212905 0.7795313348 0.8560541159 0.3733099931 0.5641074634 0.8195478591 0.9912593623 0.9597733518 0.8977244198 0.9165755364 0.9574295640 0.9441485787 0.7959047233 0.4334779911 0.5794888608 0.9020698832 0.8983308536 0.7458566851 0.8519015099
 0.1502029804 0.1479471268 0.2352102417 0.2493083543 0.2569895401 0.4790175320 0.2474268828 0.5109300206 0.2910025543 0.1364658904 0.2237182123 0.1649476397 0.5000000000 0.7295639782 0.6128843137 0.7700669359 0.8702655254 0.9909502844 0.7178757668 0.5027311214 0.6691692935 0.6320878268 0.8080283071 0.8898931348 0.9712857060 0.7562400546 0.4868911599 0.7897655705 0.8816622609 0.5091477389 0.6896105212 0.6386616998 0.9773150601 0.9356251571 0.5535617719 0.2714188840 0.9390550838 0.8801544889 0.8704806146 0.6497785222 0.9882641893 0.3157451967 0.7742180100 0.9843813863 0.7578465831 0.8065001603 0.7523153896 0.6390095747 0.5897233601 0.8440576331 0.6787842523 0.9533534448 0.8500928372 0.9614177211 0.6750388106 0.6957674029 0.9416244367 0.7196746826 0.7473128220 0.3875541799 0.6866462599 0.3335955717 0.8817407455 0.8574907973 0.6832499962 0.8873460184 0.5954695538 0.4498859171 0.7797398534 0.9966802856 0.7825213911 0.7624342928 0.9807574314 0.7095900444 0.3783734108 0.8549965464 0.9735493048 0.8866687808 0.8454600612 0.9542334922
 0.4464404587 0.0712867230 0.0403836306 0.2095081668 0.2793035954 0.1567857757 0.0776931895 0.3524453899 0.0057585511 0.1484914032 0.2590219424 0.4280897109 0.2704360218 0.5000000000 0.9721006732 0.9847702477 0.2038764481 0.8497794181 0.5197153375 0.7366910984 0.4846210184 0.8096372864 0.6003451940 0.8712718174 0.5782806226 0.6450980858 0.4644210316 0.9445348935 0.7958075235 0.8296536041 0.9236664526 0.9001447529 0.9837969377 0.9864428084 0.9577621442 0.5707766588 0.8807484371 0.6545516224 0.8499148413 0.8256008264 0.9546030671 0.9172659466 0.7042723324 0.9904994054 0.7626053710 0.6070634498 0.7579729690 0.9725961856 0.4369045027 0.9204758953 0.6046106786 0.6631371889 0.8854581239 0.8932029373 0.9021608200 0.6563466574 0.9084244877 0.6415204939 0.9862521412 0.8525989220 0.8199259889 0.6566957965 0.7795275813 0.8076264082 0.8492962534 0.3405451037 0.9738625053 0.7703636984 0.8966751559 0.6260654334 0.8983237992 0.8323583655 0.9014412643 0.7420161974 0.1585768597 0.8119746446 0.8033253603 0.5686401191 0.5676014961 0.4835232221
 0.1630159612 0.2058541276 0.3156503704 0.4653841548 0.0848416897 0.1062835562 0.0400962086 0.4561342607 0.1611554121 0.2366863019 0.0305651243 0.0364038803 0.3871156863 0.0278993268 0.5000000000 0.5386644626 0.5181244797 0.8931342393 0.7179920004 0.9574459489 0.4477194602 0.9732129945 0.7497896017 0.8766602335 0.7572358299 0.9017932118 0.7274346363 0.8666097334 0.8340620374 0.3560897717 0.8032017716 0.9967263523 0.8050609996 0.6222413877 0.5239833977 0.8607408658 0.6948299790 0.5049984257 0.3929700595 0.9307568619 0.3651791749 0.6736533278 0.5807040944 0.4956036728 0.3384844544 0.2587114442 0.6799073059 0.7893063166 0.9217481643 0.6436807604 0.2609295654 0.5417321099 0.5827867870 0.5321996418 0.1846977841 0.9940799740 0.6636867051 0.8585341459 0.8331757184 0.5258589505 0.9401843959 0.3734078591 0.3648078513 0.7998163622 0.9802688584 0.7745687563 0.8555083247 0.6878589914 0.8900170988 0.7933726803 0.8945444800 0.4675805381 0.9328567525 0.7634760615 0.4470708667 0.4999696498 0.7815852191 0.9386617742 0.8445203985 0.7630086054
 0.2883267385 0.0119726464 0.3210283440 0.0797470392 0.1221920828 0.5803621267 0.0501935186 0.3309670439 0.1341032282 0.1522099131 0.2856293807 0.0907870971 0.2299330641 0.0152297523 0.4613355374 0.5000000000 0.4852652822 0.3744119626 0.9024877926 0.8291361673 0.5252431169 0.5610163814 0.7880449590 0.3744797655 0.7572861905 0.9550028429 0.4334605975 0.8783575298 0.8882059073 0.8322201464 0.2765842164 0.6813416739 0.9532216633 0.8638910191 0.4158699667 0.9831518411 0.7523347863 0.8957768110 0.6832029968 0.6495749547 0.6675465934 0.8070181215 0.7031908458 0.6041999525 0.7227210070 0.9846969802 0.8298884485 0.7651547422 0.3757643033 0.8639877778 0.8664060300 0.9870269378 0.8630582250 0.6384916082 0.9433847865 0.8147823158 0.2082024539 0.3557997194 0.8419887269 0.9565167765 0.9812673496 0.5652782393 0.5804910882 0.9152108293 0.8971583562 0.9811268014 0.8661987220 0.2385462053 0.8765888301 0.6638066846 0.8238414469 0.9944876843 0.2824501843 0.8577070348 0.8033704899 0.7689200694 0.8045860070 0.4396943133 0.9604157792 0.5976792721
 0.1185211926 0.3798951770 0.0030236357 0.0530439701 0.0994704001 0.0223503668 0.0018959761 0.5211830969 0.2975932209 0.1311046624 0.3517640899 0.0959773056 0.1297344746 0.7961235519 0.4818755203 0.5147347178 0.5000000000 0.4862461126 0.5766557528 0.5734518770 0.6452283925 0.9823587524 0.6787393288 0.8483766403 0.7410773916 0.6417201516 0.5419298669 0.7421733865 0.3870104515 0.8391022782 0.8106894987 0.8884807367 0.5826742550 0.9223187884 0.8991858214 0.8705020222 0.9178738511 0.9351540663 0.8931730930 0.7961960001 0.9839498500 0.5874684468 0.7934274209 0.4368180908 0.9906477732 0.8462439562 0.8906656804 0.9895900941 0.8425223070 0.6190975724 0.9781891641 0.5886959010 0.6773216984 0.9531136355 0.3491279038 0.8566432476 0.3416326533 0.8174415170 0.8008284525 0.8130706749 0.9125018540 0.7573586705 0.4958602726 0.9843691982 0.5124629162 0.9175766866 0.7260332116 0.9142245922 0.8901213881 0.8678960124 0.8702564535 0.8207586048 0.7318186388 0.6993969177 0.7166470233 0.8732911654 0.4004622914 0.9443504830 0.7367449206 0.9412662593
 0.0669234238 0.7363429793 0.5676606200 0.8464738535 0.3462745815 0.0274170054 0.0729691473 0.1022496431 0.0462415086 0.5732573741 0.5064802569 0.0903793895 0.0090497156 0.1502205819 0.1068657607 0.6255880374 0.5137538874 0.5000000000 0.7469029105 0.8113315808 0.6847030845 0.6831314997 0.7119489102 0.9426128140 0.9669053166 0.9454260670 0.8051044580 0.5783804482 0.8756605784 0.8218226187 0.5169835301 0.5303981978 0.9679912885 0.9770551112 0.8149037187 0.7128588957 0.6530806447 0.9260312990 0.4559187446 0.5719922796 0.7781608470 0.9620462052 0.8696728967 0.5939823408 0.4718605597 0.5889915837 0.8441896814 0.6648917587 0.5870963032 0.7798037890 0.9854266166 0.9904119928 0.2083838211 0.9010920231 0.6756217464 0.7073801960 0.8114160114 0.5690436201 0.9214419578 0.8662863360 0.9269865652 0.1978157182 0.7861798511 0.7149956383 0.8134435612 0.7149482464 0.4459316990 0.6232189726 0.6106350153 0.7533663396 0.9809985772 0.8440218238 0.7912052334 0.5144105770 0.9648243848 0.7632468472 0.9403936113 0.8813469416 0.5119155949 0.9054647347
 0.7988255448 0.1690224046 0.4145619598 0.0201508922 0.0296655320 0.0277712732 0.3197380603 0.4313402064 0.0149790993 0.6350495275 0.2341357217 0.0612874357 0.2821242332 0.4802846625 0.2820079996 0.0975122074 0.4233442472 0.2530970895 0.5000000000 0.2872329851 0.5265744857 0.7008426756 0.8355075336 0.9510515257 0.7664586720 0.9684258883 0.7571070226 0.9816338321 0.8005772367 0.6715252155 0.9092473484 0.9335134659 0.8429422155 0.5205804818 0.5185182745 0.8400423835 0.6987632971 0.8282533440 0.4460441229 0.5818600356 0.8459688466 0.3629049800 0.9454526474 0.4637726881 0.6613559605 0.7000972443 0.8767785155 0.8351648719 0.7560215953 0.8031307515 0.9133586455 0.6088697923 0.8773808435 0.9726105522 0.8598020807 0.6056658552 0.2955661016 0.9984637354 0.3183117565 0.8480697631 0.6613046658 0.6122211052 0.9338605980 0.8393191182 0.7471053334 0.5502548864 0.4710483918 0.9450052333 0.2520987970 0.9790770687 0.4366994409 0.8851039762 0.8647454037 0.7185779829 0.8862366819 0.6840459737 0.9231048795 0.9540088522 0.7384973075 0.7877463734
 0.0761820628 0.1410015145 0.4005422223 0.2644094475 0.0295464730 0.1818575931 0.2391336783 0.5815195912 0.2421604302 0.0666828169 0.1721333554 0.2174334655 0.4972688786 0.2633089016 0.0425540511 0.1708638327 0.4265481230 0.1886684192 0.7127670149 0.5000000000 0.2232092459 0.7352675477 0.5663135459 0.8852128956 0.6362755868 0.5858953134 0.8402055943 0.9322892005 0.8151975294 0.7947028404 0.4395714210 0.7697757211 0.6628489792 0.2963874033 0.6288631650 0.7563109924 0.6878474956 0.2218146755 0.9114747375 0.9249802150 0.6977093126 0.7499402441 0.7474667094 0.8961453174 0.9138660102 0.8106047053 0.4353808516 0.9369705393 0.7025850060 0.6149680235 0.9874081771 0.9702170512 0.2020258293 0.7506697714 0.8983890451 0.6735162528 0.9792438758 0.7862536205 0.9088889830 0.8672712873 0.7743678558 0.7539735505 0.4420077311 0.9064572976 0.9391763439 0.8645168517 0.7461873609 0.9937150587 0.6051280798 0.3964962468 0.7359443692 0.9777484007 0.7913365845 0.9967299645 0.8136364326 0.3398175746 0.8753846619 0.9039366640 0.9664961867 0.8489096315
 0.1959117103 0.0533675604 0.2791952077 0.0936995163 0.2912003591 0.2807820297 0.2143527890 0.5891350793 0.1551513866 0.0973816368 0.2029513244 0.0855072498 0.3308307065 0.5153789816 0.5522805398 0.4747568831 0.3547716075 0.3152969155 0.4734255143 0.7767907541 0.5000000000 0.2989225237 0.9248804564 0.6671824497 0.9222158956 0.9333710190 0.5395046437 0.8485291799 0.9030663142 0.9359036997 0.4316547236 0.8657325838 0.6731794316 0.9017665113 0.7279215736 0.9984444288 0.5318427093 0.9274614189 0.6776226490 0.9261121710 0.9097964172 0.8139957849 0.7435330024 0.9725885082 0.6022226057 0.8459465747 0.9036888487 0.8742752100 0.8376799340 0.9861157271 0.8765532658 0.9766759110 0.8488727152 0.7373547501 0.7501653211 0.8892371733 0.6290142118 0.9023562890 0.6615123110 0.8237327364 0.8783179033 0.7298208411 0.7678881394 0.7374692650 0.9181799588 0.9457590037 0.2068350258 0.9997663313 0.9676616376 0.8796384703 0.4025799483 0.8053369723 0.8663128573 0.4993108680 0.8800261551 0.9125192720 0.6126258854 0.6745817364 0.7191783353 0.3412843027
 0.4729091268 0.1640056804 0.2198835924 0.1023798194 0.0723107908 0.0128643153 0.5703064502 0.5509070863 0.6406503169 0.0212418989 0.1646505821 0.0036961076 0.3679121732 0.1903627136 0.0267870055 0.4389836186 0.0176412476 0.3168685003 0.2991573244 0.2647324523 0.7010774763 0.5000000000 0.6367085366 0.7675449945 0.4868267558 0.4205362471 0.6355067886 0.9971155619 0.9385363254 0.7104256539 0.5062160655 0.8927284210 0.9540480079 0.6982440686 0.9873246879 0.7521467531 0.4826835411 0.5582665591 0.7175287333 0.6926400354 0.9150142367 0.5945074619 0.6612616678 0.9795447312 0.9682686037 0.8677790356 0.8522243959 0.7720873486 0.9641847008 0.8734451995 0.8689786690 0.9743444331 0.8759851991 0.6260367793 0.8841405401 0.2651553710 0.9304260884 0.8033350269 0.9364108137 0.6535097970 0.8846629733 0.8694570143 0.9571588219 0.9207110712 0.2521713403 0.5384412135 0.6796299302 0.9555536682 0.7177863296 0.8914000601 0.7614296722 0.7720721409 0.7145282127 0.8974868434 0.9453387905 0.5551948421 0.9283441134 0.6345833459 0.9805537651 0.4907923016
 0.1112504025 0.0602230576 0.3120871402 0.2656124113 0.2987586972 0.3122021969 0.0267645595 0.4043853127 0.0400594248 0.0887564843 0.3773332874 0.1827612311 0.1919716929 0.3996548060 0.2502103983 0.2119550410 0.3212606712 0.2880510898 0.1644924664 0.4336864541 0.0751195436 0.3632914634 0.5000000000 0.8212426939 0.9741386190 0.7468122828 0.7421281812 0.9647378267 0.9253813965 0.8292173299 0.7323637166 0.4696323944 0.9445432201 0.8374353602 0.9241706223 0.2404141591 0.8574075606 0.5509859045 0.9221913861 0.7217657281 0.4496893110 0.8740042910 0.9581298932 0.5355841686 0.8528107621 0.6239417510 0.5627326338 0.7582013965 0.9726084552 0.7353288542 0.9422356508 0.9023644923 0.6753273101 0.5713692988 0.5815125562 0.9284897884 0.6152787689 0.8232001670 0.9329437286 0.7391336053 0.7848441781 0.8682407674 0.4077785614 0.9739644168 0.9289545212 0.9602796113 0.8186302744 0.4694819390 0.8295373896 0.9797663511 0.7860005981 0.9483096215 0.9497562281 0.5445049494 0.9127554644 0.7644858044 0.7382748540 0.9709633834 0.6659884693 0.8215660994
 0.2549889582 0.1731273613 0.0332655211 0.2897861543 0.0118643220 0.1682833683 0.2633818931 0.1867538309 0.0058332831 0.5581396411 0.3802018487 0.1231756537 0.1101068652 0.1287281826 0.1233397665 0.6255202345 0.1516233597 0.0573871860 0.0489484743 0.1147871044 0.3328175503 0.2324550055 0.1787573061 0.5000000000 0.8607223911 0.8675741605 0.6683422784 0.7245092456 0.8001479907 0.6838635167 0.8641155256 0.6930098741 0.9939249397 0.9290286287 0.8108042926 0.8432614956 0.8649912019 0.1974183868 0.5351817557 0.4892966374 0.8563135191 0.4097075787 0.4608706301 0.9243453809 0.6395056328 0.9853543668 0.9179853411 0.8890388644 0.8796661809 0.8302430934 0.8493683015 0.3981827272 0.8476065902 0.4237903556 0.7778755347 0.7878252761 0.9556082935 0.4830023927 0.5123779170 0.8078341189 0.7874039531 0.4874636972 0.9304401354 0.8309208668 0.7424041861 0.5256580318 0.2720447675 0.8429282146 0.3827890157 0.9697640090 0.5353538619 0.9972568291 0.8047638354 0.7916139393 0.9754672741 0.9287614852 0.4664062917 0.5333143993 0.9383062350 0.9608539281
 0.0916612911 0.3114021118 0.1227287822 0.1641091069 0.3442049748 0.4394931596 0.0200323493 0.5122345327 0.0660387913 0.1386673018 0.4099837716 0.2202652937 0.0287142940 0.4217193774 0.2427641701 0.2427138095 0.2589226084 0.0330946834 0.2335413280 0.3637244132 0.0777841044 0.5131732442 0.0258613810 0.1392776089 0.5000000000 0.7685690747 0.7900829676 0.6066777465 0.8535076507 0.6357553558 0.6803419754 0.8038758994 0.7910599939 0.9540234739 0.7939406516 0.5577257251 0.7933147803 0.8022334994 0.9459906172 0.9867397843 0.3112155559 0.7337622295 0.8318444772 0.9179874628 0.9519379345 0.9847636612 0.3622077378 0.8619100015 0.3940877059 0.5793567630 0.7624746626 0.2886647151 0.6857598092 0.7856201772 0.8718956777 0.8419263918 0.6075281566 0.9101361474 0.8626632773 0.9902862776 0.9382318667 0.9729591232 0.2218506343 0.9253346430 0.9429576107 0.8437216507 0.8914116157 0.6119582723 0.8833028510 0.9773201357 0.9981275370 0.6031170008 0.6860300406 0.9890405536 0.9689553136 0.7677818399 0.3925552487 0.8614755566 0.6759724036 0.8683029007
 0.1832289738 0.7258721046 0.0613565556 0.0885589178 0.0167755509 0.2652530912 0.4289528302 0.0782773348 0.1628689854 0.1986591675 0.0901008307 0.2594421906 0.2437599454 0.3549019142 0.0982067882 0.0449971571 0.3582798484 0.0545739330 0.0315741117 0.4141046866 0.0666289810 0.5794637529 0.2531877172 0.1324258395 0.2314309253 0.5000000000 0.9233270045 0.4303096097 0.8308222684 0.7017391151 0.5731683576 0.4016363743 0.5672107674 0.9111445609 0.7580732797 0.9585206667 0.9782218118 0.9106671160 0.9420973200 0.5652047040 0.6530002665 0.7268893334 0.1852176305 0.9676024352 0.7496855281 0.8462699097 0.5499785051 0.7283550006 0.8742825121 0.5111868587 0.6229276114 0.3919648789 0.9980116378 0.4839655267 0.9251079667 0.7330469878 0.7951140251 0.9412648935 0.8070675223 0.8363418580 0.8157701149 0.8074009084 0.7712122506 0.6752933348 0.8655622296 0.9370940757 0.6583004642 0.7449448185 0.9416816645 0.7217659689 0.6016703363 0.8321930845 0.6198290386 0.7208039902 0.6446903536 0.9396320444 0.8351021030 0.7412243625 0.8844421644 0.8952433347
 0.3012805484 0.0310785383 0.0397654020 0.0373289940 0.1346076702 0.1731673433 0.8184666643 0.0573993940 0.0311119211 0.1055415136 0.0704415988 0.0371499756 0.5131088401 0.5355789684 0.2725653637 0.5665394025 0.4580701331 0.1948955420 0.2428929774 0.1597944057 0.4604953563 0.3644932114 0.2578718188 0.3316577216 0.2099170324 0.0766729955 0.5000000000 0.6542505972 0.9585113000 0.8896674028 0.5743077560 0.7280740542 0.4988377486 0.6294612752 0.3452023293 0.7022757731 0.7441791948 0.8599625326 0.8180717467 0.5576531623 0.7890755070 0.4162383765 0.8395418074 0.8843864515 0.7014539614 0.7257449419 0.4837555370 0.8019235370 0.9541542308 0.2901768065 0.7927664203 0.8454110436 0.9829393767 0.7453322092 0.6101974134 0.7336622025 0.7235991094 0.9287811027 0.5599579350 0.7710026629 0.3984921793 0.7278045113 0.7901701283 0.8997864978 0.9432695405 0.8851255313 0.6813087840 0.9917949450 0.7518674296 0.7409310016 0.0409750692 0.4263926178 0.9827888610 0.9495052039 0.7275695987 0.2115165339 0.9343938585 0.6136761352 0.4390753089 0.8872139721
 0.2821894564 0.2138893900 0.1440814079 0.3965936568 0.0166904990 0.0326959575 0.3110442850 0.1487914872 0.2315804867 0.7423170993 0.0801952340 0.0937417897 0.2102344295 0.0554651065 0.1333902666 0.1216424702 0.2578266135 0.4216195518 0.0183661679 0.0677107995 0.1514708201 0.0028844381 0.0352621733 0.2754907544 0.3933222535 0.5696903903 0.3457494028 0.5000000000 0.9457781552 0.9065120139 0.6792673905 0.8448658026 0.9542432612 0.9896351710 0.9918782462 0.8108469166 0.7682166728 0.9107175636 0.6674392648 0.9306622782 0.3843075829 0.9764083387 0.6414472321 0.6220849313 0.8910164423 0.6061310115 0.9201409835 0.9973534210 0.7033004852 0.7782512773 0.9648041253 0.8985586674 0.6045325060 0.7632326364 0.5020878887 0.5479639610 0.9043900781 0.8528163596 0.7395132887 0.9393690747 0.5257491792 0.9504386683 0.4965988904 0.6000535791 0.6912468542 0.8372758840 0.7852279028 0.6952270142 0.6130266674 0.7523095310 0.8611774852 0.4838114796 0.8944253550 0.7381858154 0.7235394347 0.5334543463 0.6140169511 0.9135133452 0.8366782013 0.5609823586
 0.1758488448 0.2660862475 0.0164480617 0.1937974708 0.1025629711 0.6487134971 0.1947896390 0.2859360731 0.2158769414 0.1553249949 0.2892716567 0.1705388397 0.1183377391 0.2041924765 0.1659379626 0.1117940927 0.6129895485 0.1243394216 0.1994227633 0.1848024706 0.0969336858 0.0614636746 0.0746186035 0.1998520093 0.1464923493 0.1691777316 0.0414887000 0.0542218448 0.5000000000 0.9623518844 0.8744194171 0.5418788979 0.8580174025 0.6367866949 0.7253834564 0.8861434907 0.6877749424 0.5623851121 0.4810661098 0.8860325926 0.4908067794 0.5885493831 0.6531871430 0.7624602980 0.6822919456 0.6254672576 0.9642243676 0.7349413991 0.9022757077 0.6287939416 0.8378394549 0.8706042877 0.9662766098 0.9989534463 0.8415897162 0.4922124231 0.7641218633 0.7805875412 0.8737314953 0.5360507736 0.7631454269 0.6893588566 0.2521288465 0.3119050569 0.8053160530 0.8685904432 0.8678602040 0.7230755711 0.6286474693 0.9564729586 0.9408705795 0.8919884127 0.7904103216 0.5597788327 0.7664552976 0.9004213951 0.6823891618 0.9257784357 0.5468260823 0.9661874269
 0.4324731036 0.4298716585 0.4127664509 0.8952072601 0.1482553048 0.5423739070 0.5478179592 0.1428658548 0.7828331589 0.4798987911 0.1360784254 0.1510137228 0.4908522611 0.1703463959 0.6439102283 0.1677798536 0.1608977218 0.1781773813 0.3284747845 0.2052971596 0.0640963003 0.2895743461 0.1707826701 0.3161364833 0.3642446442 0.2982608849 0.1103325972 0.0934879861 0.0376481156 0.5000000000 0.9341159191 0.3082433597 0.9660077258 0.7379804197 0.6945363705 0.7324763567 0.8277228418 0.8608508015 0.9821165515 0.5902365769 0.5074672638 0.9527192828 0.8810741147 0.6149437887 0.9370151110 0.5345647459 0.9320892290 0.9242486082 0.9708597603 0.9350577258 0.8556902995 0.9748338135 0.5775048068 0.9619971734 0.7345996709 0.1497657185 0.7603909062 0.8233239246 0.6594028664 0.7562919585 0.6747736977 0.6067043984 0.8028564892 0.8992867248 0.5261181153 0.8110093765 0.1669251736 0.8715008414 0.6105808517 0.7344550837 0.9828423416 0.9782700150 0.7494520561 0.7409925219 0.6386756734 0.7561193493 0.9213881545 0.5613522610 0.9940210926 0.9490639547
 0.2300213464 0.0808953899 0.1620996056 0.1809504886 0.1687231515 0.1593532255 0.0468790967 0.2045257654 0.2188811004 0.2348092506 0.2187400830 0.3339047372 0.3103894788 0.0763335474 0.1967982284 0.7234157836 0.1893105013 0.4830164699 0.0907526516 0.5604285790 0.5683452764 0.4937839345 0.2676362834 0.1358844744 0.3196580246 0.4268316424 0.4256922440 0.3207326095 0.1255805829 0.0658840809 0.5000000000 0.8418721534 0.2683137094 0.8016496878 0.7708417454 0.8559402992 0.9908768031 0.7287844711 0.3923287308 0.9595463747 0.8002085678 0.8204817736 0.9312731861 0.7244152779 0.8952285543 0.9310413709 0.7054271480 0.7663132683 0.9329505317 0.8312430096 0.8139046822 0.7415200258 0.9609660207 0.7811117685 0.8781895246 0.8772618528 0.7492047447 0.4069422709 0.5822741514 0.9885937669 0.7023014387 0.7526727794 0.9464532950 0.7780480107 0.8687747540 0.8090906919 0.8807285626 0.9760115569 0.7287517899 0.9503815485 0.7268260951 0.8500472148 0.9795519967 0.8744271373 0.7459113700 0.9380748787 0.5424028545 0.7955061486 0.4320377080 0.6471790479
 0.0342084464 0.0140626168 0.4164706500 0.0796165338 0.1527505410 0.3352532395 0.1247358111 0.0128020875 0.0780114319 0.1173295762 0.1200375830 0.3146588535 0.3613383002 0.0998552471 0.0032736477 0.3186583261 0.1115192633 0.4696018022 0.0664865341 0.2302242789 0.1342674162 0.1072715790 0.5303676056 0.3069901259 0.1961241006 0.5983636257 0.2719259458 0.1551341974 0.4581211021 0.6917566403 0.1581278466 0.5000000000 0.7957304330 0.6408844854 0.6863922042 0.7956643883 0.5844650388 0.4394554201 0.7308355933 0.7967709127 0.8084881839 0.5601286138 0.9942371685 0.9555400421 0.8930344832 0.8857949866 0.9515808939 0.8912857559 0.8398123887 0.9856680767 0.4469063952 0.8367770810 0.8997917642 0.7279117653 0.8073591910 0.9863483854 0.8190850370 0.5042239619 0.3743187397 0.9519805440 0.7747595181 0.6410298363 0.8765709163 0.6905530709 0.5340337958 0.7349902838 0.9460882824 0.7775901220 0.6944670797 0.6189021082 0.7072560503 0.7330519120 0.9122690972 0.8432953130 0.7174703933 0.8679520043 0.9149164018 0.3577491733 0.8440253512 0.9729678049
 0.2233042084 0.4154247693 0.2214374966 0.0856101562 0.0971006161 0.3342943948 0.4452781142 0.1734071907 0.0242972037 0.4303674436 0.2036681911 0.3647248672 0.0226849399 0.0162030623 0.1949390004 0.0467783367 0.4173257450 0.0320087115 0.1570577845 0.3371510208 0.3268205684 0.0459519921 0.0554567799 0.0060750603 0.2089400061 0.4327892326 0.5011622514 0.0457567388 0.1419825975 0.0339922742 0.7316862906 0.2042695670 0.5000000000 0.4694655398 0.7825793405 0.4464975683 0.8688415299 0.3586888683 0.6502461738 0.9209236531 0.6921925901 0.9825519220 0.6760217366 0.9950618095 0.6787372694 0.8871334008 0.8840284594 0.8811105499 0.7572950376 0.6666988412 0.5863472351 0.4363129909 0.9510725624 0.7477613021 0.7737465915 0.7375642738 0.8486641624 0.8396261239 0.6605532192 0.9674490406 0.2064655729 0.9703216953 0.5251011821 0.8814130356 0.8328849392 0.7038206602 0.3324413449 0.8241548386 0.2488998028 0.2616796709 0.8933204058 0.5843883701 0.9461109132 0.6834072099 0.5677138401 0.8185701754 0.8177110721 0.5769761415 0.9908023896 0.9228988511
 0.3315065484 0.4116092571 0.2792458328 0.3821479964 0.1857120107 0.1800211442 0.5107101863 0.4295586247 0.1548311970 0.0604558584 0.0944854519 0.3022659998 0.0643748429 0.0135571916 0.3777586123 0.1361089809 0.0776812116 0.0229448888 0.4794195182 0.7036125967 0.0982334887 0.3017559314 0.1625646398 0.0709713713 0.0459765261 0.0888554391 0.3705387248 0.0103648290 0.3632133051 0.2620195803 0.1983503122 0.3591155146 0.5305344602 0.5000000000 0.6571513503 0.6288146729 0.8562946805 0.6415247913 0.8543554456 0.4639556705 0.4368581684 0.7089112128 0.9261586258 0.8607386636 0.8669858018 0.9098547257 0.8739463561 0.7837220295 0.8838210886 0.9298780519 0.8057281159 0.7184155727 0.9413174855 0.4485757492 0.5055051740 0.8316669041 0.6819878620 0.9587821661 0.8999579157 0.9853597754 0.9947863441 0.9884243849 0.5565398919 0.7607959995 0.9905915001 0.8885076256 0.9350409450 0.8569659378 0.5178610152 0.5838168821 0.7685804719 0.8614500945 0.9646346171 0.8015097302 0.6437489817 0.3506090226 0.9044040948 0.9665437871 0.7648023075 0.7223486564
 0.4141580209 0.4984425065 0.1727541663 0.6065750591 0.4616661736 0.6507502637 0.4474885630 0.4507773323 0.0013896978 0.0986021120 0.2250191845 0.3470780576 0.4464382281 0.0422378558 0.4760166023 0.5841300333 0.1008141786 0.1850962813 0.4814817255 0.3711368350 0.2720784264 0.0126753121 0.0758293777 0.1891957074 0.2060593484 0.2419267203 0.6547976707 0.0081217538 0.2746165436 0.3054636295 0.2291582546 0.3136077958 0.2174206595 0.3428486497 0.5000000000 0.5712403756 0.7052392459 0.4988104552 0.7213892728 0.8922291861 0.8965300914 0.6939153169 0.7745355489 0.8160910391 0.3509501185 0.7621237361 0.9937521057 0.7532055301 0.8657148065 0.9409150570 0.5692914139 0.8111496079 0.9553637636 0.9853093634 0.9459221491 0.8416125849 0.6872059554 0.9352999062 0.7413741692 0.9674695762 0.6395641310 0.9878390492 0.8917299708 0.9334292787 0.8800240881 0.9672546434 0.7704048653 0.9941750129 0.8091656419 0.3731861935 0.9919337940 0.9603526724 0.8415054723 0.6695415273 0.6656514552 0.7192916839 0.7822327383 0.9487053779 0.6245654259 0.7661633082
 0.1535854673 0.9718158415 0.1148021046 0.1870433513 0.2507353021 0.0050058352 0.1419311468 0.0274644746 0.8550936347 0.3607166668 0.4393292466 0.1710307008 0.7285811160 0.4292233412 0.1392591342 0.0168481589 0.1294979778 0.2871411043 0.1599576165 0.2436890076 0.0015555712 0.2478532469 0.7595858409 0.1567385044 0.4422742749 0.0414793333 0.2977242269 0.1891530834 0.1138565093 0.2675236433 0.1440597008 0.2043356117 0.5535024317 0.3711853271 0.4287596244 0.5000000000 0.2118675683 0.3431718595 0.0983496967 0.7503937118 0.6464331506 0.5754543440 0.9691280058 0.7275231878 0.4011463374 0.8039172566 0.9893789413 0.3538801857 0.9416596126 0.9215592064 0.9427139277 0.4826526203 0.9332472282 0.6342658411 0.0704472128 0.8997055229 0.5867807989 0.3162497712 0.3551589790 0.8144715510 0.6258406828 0.9227797620 0.9796229945 0.7891563969 0.8103461650 0.6169575325 0.3200887094 0.5190733492 0.8048712969 0.9328847439 0.8581242410 0.7252835054 0.7841461596 0.8709621083 0.6406121162 0.8924514241 0.4204804227 0.4346722490 0.9013468058 0.7034141868
 0.5285337254 0.6914806686 0.5952145911 0.1005186876 0.2637471373 0.4735782422 0.1366898502 0.2741643320 0.0244188205 0.2880281574 0.3876873071 0.1719682111 0.0609449162 0.1192515629 0.3051700210 0.2476652137 0.0821261489 0.3469193553 0.3012367029 0.3121525044 0.4681572907 0.5173164589 0.1425924394 0.1350087981 0.2066852197 0.0217781882 0.2558208052 0.2317833272 0.3122250576 0.1722771582 0.0091231969 0.4155349612 0.1311584701 0.1437053195 0.2947607541 0.7881324317 0.5000000000 0.7766686173 0.8106749126 0.8927145863 0.8944795028 0.9043759110 0.9711223202 0.8618060892 0.9181895338 0.9162033040 0.9558099427 0.5420444782 0.7262094249 0.9835072361 0.9364330776 0.4211720578 0.8910627079 0.2550825749 0.8286232072 0.8894749741 0.9897288955 0.8820762109 0.3775848594 0.6423024054 0.7220214119 0.7181271724 0.9318862420 0.7886890413 0.1924529268 0.8987722760 0.7300761337 0.9918461766 0.9314433191 0.8975585593 0.9601408913 0.8640260680 0.9239129725 0.7410430828 0.7636382969 0.9700780711 0.5745647611 0.6045891699 0.8073808615 0.3762038354
 0.0693293877 0.0831033511 0.2541367384 0.5613625698 0.4298351919 0.0018644527 0.6016128745 0.1981286675 0.1222327243 0.1009975033 0.6556559533 0.0219733565 0.1198455111 0.3454483776 0.4950015743 0.1042231890 0.0648459337 0.0739687010 0.1717466560 0.7781853245 0.0725385811 0.4417334409 0.4490140955 0.8025816132 0.1977665006 0.0893328840 0.1400374674 0.0892824364 0.4376148879 0.1391491985 0.2712155289 0.5605445799 0.6413111317 0.3584752087 0.5011895448 0.6568281405 0.2233313827 0.5000000000 0.9769641855 0.8659505709 0.5884619615 0.7881008682 0.8106099543 0.9086227537 0.8214876736 0.9746725825 0.7089012728 0.8964694131 0.3662625020 0.6924889734 0.3966465467 0.5910081155 0.9953204621 0.9099398106 0.4973425544 0.9157173455 0.9922097611 0.9469715954 0.6039811697 0.9132297384 0.2917505758 0.5924244575 0.9207148420 0.8535469662 0.9986544874 0.8744620315 0.5461988533 0.9219111926 0.4413159831 0.9205058858 0.9138879401 0.4902832250 0.9895509722 0.8518884483 0.9573183510 0.4652967552 0.9908954608 0.6151426211 0.6813430756 0.7021789369
 0.1678803580 0.0109550527 0.2235698411 0.2462148215 0.2307569342 0.1608540093 0.0307903463 0.3633644213 0.5354750761 0.0127737883 0.0149817266 0.4367477605 0.1295193854 0.1500851587 0.6070299405 0.3167970032 0.1068269070 0.5440812554 0.5539558771 0.0885252625 0.3223773510 0.2824712667 0.0778086139 0.4648182443 0.0540093828 0.0579026800 0.1819282533 0.3325607352 0.5189338902 0.0178834485 0.6076712692 0.2691644067 0.3497538262 0.1456445544 0.2786107272 0.9016503033 0.1893250874 0.0230358145 0.5000000000 0.5316421178 0.8989193172 0.9559462430 0.6760873549 0.7199828633 0.3882752327 0.9358646402 0.9820016456 0.3321053973 0.8301103455 0.9758623701 0.6578091168 0.8306537291 0.9781196589 0.6700926474 0.5867697913 0.9879192256 0.4652888822 0.9890348779 0.3507610346 0.3435742191 0.9422855139 0.7916592892 0.8182660967 0.6675733666 0.8079768899 0.9265923905 0.9630264769 0.9353081868 0.9753473305 0.9046753017 0.9262173163 0.3244124341 0.8970965855 0.9292804175 0.3496051244 0.6714834171 0.9864302424 0.8823607682 0.2169153850 0.8335363257
 0.5968461894 0.3412470484 0.0016206136 0.0706472191 0.2486858854 0.2238092437 0.0903790274 0.3879915296 0.1110823703 0.6802710805 0.0230229094 0.1403574600 0.3502214778 0.1743991736 0.0692431381 0.3504250453 0.2038039999 0.4280077204 0.4181399644 0.0750197850 0.0738878290 0.3073599646 0.2782342719 0.5107033626 0.0132602157 0.4347952960 0.4423468377 0.0693377218 0.1139674074 0.4097634231 0.0404536253 0.2032290873 0.0790763469 0.5360443295 0.1077708139 0.2496062882 0.1072854137 0.1340494291 0.4683578822 0.5000000000 0.9549853136 0.3716304534 0.8499266958 0.8612313040 0.6270093495 0.9328287657 0.3973864785 0.6660342253 0.5622448083 0.9669306211 0.6909501899 0.8379541323 0.7806962954 0.6480777957 0.7413769597 0.9824552601 0.9289122735 0.8890160431 0.6954162718 0.7045559687 0.4539097388 0.7301981237 0.7005486184 0.9738247203 0.3472090477 0.9827639611 0.7696436593 0.7556851590 0.9626232364 0.7290391826 0.9993812341 0.8518342819 0.8403315001 0.8492581586 0.7914032507 0.8100677909 0.4619352527 0.8073159989 0.7401882037 0.8312321750
 0.5332203392 0.0754159207 0.1532861241 0.0025646981 0.6603982257 0.3187746370 0.4130198135 0.9291548856 0.1161851341 0.3662692627 0.5558678429 0.1063745798 0.0117358107 0.0453969329 0.6348208251 0.3324534066 0.0160501500 0.2218391530 0.1540311534 0.3022906874 0.0902035828 0.0849857633 0.5503106890 0.1436864809 0.6887844441 0.3469997335 0.2109244930 0.6156924171 0.5091932206 0.4925327362 0.1997914322 0.1915118161 0.3078074099 0.5631418316 0.1034699086 0.3535668494 0.1055204972 0.4115380385 0.1010806828 0.0450146864 0.5000000000 0.9549895182 0.6883087274 0.1827488073 0.5754822381 0.6088863076 0.8351628931 0.6294641942 0.8918080675 0.7306403868 0.6892083418 0.6838117820 0.8746733971 0.7996827578 0.8623944698 0.9020047181 0.6839872903 0.8260349435 0.7158091083 0.2329721562 0.7807713018 0.7610565325 0.9133339183 0.8251196396 0.7226601719 0.8574958346 0.9386661881 0.7521007913 0.7219152399 0.8209038402 0.7998101626 0.7854499922 0.7569540533 0.8167217530 0.3186939924 0.9773727141 0.8935103140 0.7567279721 0.8918598469 0.6542847659
 0.2558958211 0.2793743670 0.4210619747 0.0158862255 0.3186418148 0.9279253669 0.4482628433 0.2205542980 0.2380036693 0.3579053631 0.4382791856 0.5475334906 0.6842548033 0.0827340534 0.3263466722 0.1929818785 0.4125315532 0.0379537948 0.6370950200 0.2500597559 0.1860042151 0.4054925381 0.1259957090 0.5902924213 0.2662377705 0.2731106666 0.5837616235 0.0235916613 0.4114506169 0.0472807172 0.1795182264 0.4398713862 0.0174480780 0.2910887872 0.3060846831 0.4245456560 0.0956240890 0.2118991318 0.0440537570 0.6283695466 0.0450104818 0.5000000000 0.9357985629 0.8264171183 0.8519584849 0.9628567366 0.8809372528 0.7536804031 0.8771994215 0.9431402793 0.8192350148 0.2687209312 0.6721720510 0.6573926589 0.6554923694 0.9542054699 0.5701431435 0.8744281061 0.8480552406 0.6910631457 0.7759164710 0.8945126284 0.9873546577 0.5532187391 0.7443682191 0.9501461475 0.8613576049 0.8330116293 0.9342993086 0.8591712815 0.6909047487 0.3653065361 0.9245405303 0.8367044540 0.7724027000 0.4271505246 0.8349915246 0.9213261187 0.9140602807 0.7701539173
 0.5891208708 0.2794523104 0.4340890618 0.0304694939 0.0847227234 0.1574846825 0.1573384739 0.5377102769 0.2376560886 0.0257414481 0.2094791259 0.0419424119 0.2257819900 0.2957276676 0.4192959056 0.2968091542 0.2065725791 0.1303271033 0.0545473526 0.2525332906 0.2564669976 0.3387383322 0.0418701068 0.5391293699 0.1681555228 0.8147823695 0.1604581926 0.3585527679 0.3468128570 0.1189258853 0.0687268139 0.0057628315 0.3239782634 0.0738413742 0.2254644511 0.0308719942 0.0288776798 0.1893900457 0.3239126451 0.1500733042 0.3116912726 0.0642014371 0.5000000000 0.2230958135 0.8038045821 0.8742132112 0.9368743705 0.4313353170 0.9516296267 0.7327612091 0.9299601001 0.7582910721 0.9415527894 0.7914468044 0.6791338096 0.9846378475 0.7570806337 0.9969985644 0.9690453737 0.8442720515 0.5283116115 0.9778437986 0.2856708144 0.9110650201 0.9461354212 0.5545078326 0.9898732562 0.9836106522 0.7153482081 0.9837941413 0.4526279928 0.5352235792 0.6197449570 0.7673558402 0.9746225595 0.8792839252 0.8272538938 0.2517500079 0.9008075539 0.7703803314
 0.2506472071 0.1791323230 0.1262582625 0.1661867088 0.2036673016 0.2501250079 0.5234394027 0.0702347301 0.1873727045 0.0794340104 0.5644283483 0.7232577227 0.0156186137 0.0095005946 0.5043963272 0.3958000475 0.5631819092 0.4060176592 0.5362273119 0.1038546826 0.0274114918 0.0204552688 0.4644158314 0.0756546191 0.0820125372 0.0323975648 0.1156135485 0.3779150687 0.2375397020 0.3850562113 0.2755847221 0.0444599579 0.0049381905 0.1392613364 0.1839089609 0.2724768122 0.1381939108 0.0913772463 0.2800171367 0.1387686960 0.8172511927 0.1735828817 0.7769041865 0.5000000000 0.7131711534 0.8680222064 0.5883846924 0.4552538789 0.6752182069 0.5399737320 0.9763638284 0.7708405566 0.9155309959 0.6477821680 0.8726751407 0.8598753271 0.7898385074 0.6385717881 0.9827611280 0.9248514102 0.5106701222 0.9938400316 0.3567734541 0.8426366854 0.6222036319 0.7887635538 0.5511971760 0.7038763491 0.7470121949 0.6278375048 0.4431400551 0.6194551297 0.7966262814 0.8834409571 0.6031290911 0.8420473626 0.9973067986 0.8176997464 0.5916566094 0.9201211717
 0.5885381621 0.1383425640 0.2543853867 0.0131359659 0.0099177820 0.0434213920 0.2231599220 0.2087326602 0.4635701732 0.0132633065 0.1383944153 0.5921720456 0.2421534169 0.2373946290 0.6615155456 0.2772789930 0.0093522268 0.5281394403 0.3386440395 0.0861339898 0.3977773943 0.0317313963 0.1471892379 0.3604943672 0.0480620655 0.2503144719 0.2985460386 0.1089835577 0.3177080544 0.0629848890 0.1047714457 0.1069655168 0.3212627306 0.1330141982 0.6490498815 0.5988536626 0.0818104662 0.1785123264 0.6117247673 0.3729906505 0.4245177619 0.1480415151 0.1961954179 0.2868288466 0.5000000000 0.9908015776 0.6268663835 0.9460444765 0.8451925810 0.8817655702 0.8322568520 0.7637314117 0.5880032457 0.9278842498 0.9402097511 0.8690527429 0.8878179206 0.7726705519 0.7859704040 0.8257844617 0.8197053412 0.6645306567 0.9657239624 0.8995135873 0.9998017383 0.9995585605 0.7135892242 0.8453189852 0.8263569736 0.5648766984 0.9048856084 0.8583754523 0.3825142058 0.6891392990 0.9854306930 0.7892184261 0.2854123207 0.9672257838 0.4590295916 0.6177504712
 0.3606540067 0.1353448128 0.2164557609 0.0338966494 0.4666149908 0.5535236668 0.4125542949 0.1204659658 0.1993376774 0.6811619182 0.3805367613 0.3323715473 0.1934998397 0.3929365502 0.7412885558 0.0153030198 0.1537560438 0.4110084163 0.2999027557 0.1893952947 0.1540534253 0.1322209644 0.3760582490 0.0146456332 0.0152363388 0.1537300903 0.2742550581 0.3938689885 0.3745327424 0.4654352541 0.0689586291 0.1142050134 0.1128665992 0.0901452743 0.2378762639 0.1960827434 0.0837966960 0.0253274175 0.0641353598 0.0671712343 0.3911136924 0.0371432634 0.1257867888 0.1319777936 0.0091984224 0.5000000000 0.7807365085 0.5790004853 0.9888593539 0.1346220487 0.9578390095 0.7893256772 0.7746289117 0.7039450425 0.5848916708 0.6479642830 0.9238829947 0.4785460878 0.8188415724 0.4264385017 0.8555284078 0.9057350406 0.9728342046 0.8973658450 0.9179890916 0.8829737817 0.8429710430 0.8410130891 0.1846459706 0.8310612230 0.5134101141 0.5015044468 0.5992979280 0.9510485153 0.8342691774 0.9526454488 0.9827524387 0.7086463765 0.8155071496 0.8031130775
 0.6524124749 0.4860349645 0.1876418016 0.4919471473 0.2984935196 0.2297572767 0.2728522554 0.6006911928 0.0847338978 0.2319377571 0.3595770257 0.0746699200 0.2476846104 0.2420270310 0.3200926941 0.1701115515 0.1093343196 0.1558103186 0.1232214845 0.5646191484 0.0963111513 0.1477756041 0.4372673662 0.0820146589 0.6377922622 0.4500214949 0.5162444630 0.0798590165 0.0357756324 0.0679107710 0.2945728520 0.0484191061 0.1159715406 0.1260536439 0.0062478943 0.0106210587 0.0441900573 0.2910987272 0.0179983544 0.6026135215 0.1648371069 0.1190627472 0.0631256295 0.4116153076 0.3731336165 0.2192634915 0.5000000000 0.9783945200 0.8682987787 0.8118560826 0.8816516853 0.4578878952 0.4538540429 0.8002634006 0.8570381437 0.7038713880 0.6882740915 0.9713284188 0.8050072488 0.5464365397 0.8172555500 0.7555730794 0.8871603686 0.6844172407 0.3211233473 0.9663066448 0.7381925071 0.9346470864 0.9832088477 0.9840032099 0.7827932332 0.8729525477 0.6490875744 0.7199109785 0.6092199793 0.7765485090 0.9119565788 0.9114909193 0.7880353483 0.6983001945
 0.1512223577 0.0142867836 0.0245762257 0.1348723852 0.1299204868 0.1718399165 0.3099183290 0.1084053797 0.1735347453 0.5731747833 0.3159180329 0.0482368520 0.3609904253 0.0274038144 0.2106936834 0.2348452578 0.0104099059 0.3351082413 0.1648351281 0.0630294607 0.1257247900 0.2279126514 0.2417986035 0.1109611356 0.1380899985 0.2716449994 0.1980764630 0.0026465790 0.2650586009 0.0757513918 0.2336867317 0.1087142441 0.1188894501 0.2162779705 0.2467944699 0.6461198143 0.4579555218 0.1035305869 0.6678946027 0.3339657747 0.3705358058 0.2463195969 0.5686646830 0.5447461211 0.0539555235 0.4209995147 0.0216054800 0.5000000000 0.7289619759 0.6835028944 0.5447966665 0.9487795976 0.7904032881 0.7966429517 0.8015441062 0.6905627372 0.7863538547 0.7642767111 0.4786667964 0.9119980394 0.8248411316 0.7552906663 0.8316125320 0.6899638651 0.7927094816 0.7783438419 0.9500373102 0.4703196081 0.9974252745 0.5670563265 0.9621434447 0.7731234703 0.8714456391 0.6553086849 0.7735755220 0.9611267606 0.5782089670 0.5446908693 0.5975117294 0.9402922780
 0.1336173604 0.6966656973 0.0591107008 0.2210274096 0.0278367188 0.0485586797 0.3405405533 0.0955892204 0.0097334145 0.0306187790 0.3069230078 0.1425115096 0.4102766399 0.5630954973 0.0782518357 0.6242356967 0.1574776930 0.4129036968 0.2439784047 0.2974149940 0.1623200660 0.0358152992 0.0273915448 0.1203338191 0.6059122941 0.1257174879 0.0458457692 0.2966995148 0.0977242923 0.0291402397 0.0670494683 0.1601876113 0.2427049624 0.1161789114 0.1342851935 0.0583403874 0.2737905751 0.6337374980 0.1698896545 0.4377551917 0.1081919325 0.1228005785 0.0483703733 0.3247817931 0.1548074190 0.0111406461 0.1317012213 0.2710380241 0.5000000000 0.9896676841 0.7573374984 0.6364414768 0.2774929183 0.8482184744 0.7707758756 0.4372079442 0.4793842195 0.6978494734 0.7399775923 0.8364453060 0.7204971273 0.3024938345 0.8331874768 0.7066248369 0.7528311631 0.7792600776 0.8117657813 0.9134576731 0.5329571855 0.3618170990 0.5740392601 0.6902335214 0.6977520823 0.9020533149 0.8622378349 0.8731522628 0.3113208324 0.9071639545 0.9857730912 0.9632336830
 0.4979290369 0.3110319535 0.5168639056 0.2271819390 0.1286839132 0.0362539776 0.0219642147 0.1841532620 0.3129719709 0.1678492236 0.3790160584 0.1290498861 0.1559423669 0.0795241047 0.3563192396 0.1360122222 0.3809024276 0.2201962110 0.1968692485 0.3850319765 0.0138842729 0.1265548005 0.2646711458 0.1697569066 0.4206432370 0.4888131413 0.7098231935 0.2217487227 0.3712060584 0.0649422742 0.1687569904 0.0143319233 0.3333011588 0.0701219481 0.0590849430 0.0784407936 0.0164927639 0.3075110266 0.0241376299 0.0330693789 0.2693596132 0.0568597207 0.2672387909 0.4600262680 0.1182344298 0.8653779513 0.1881439174 0.3164971056 0.0103323159 0.5000000000 0.8497398201 0.9729361525 0.9349503975 0.6853175234 0.9042309688 0.8237349114 0.8225003291 0.5864582624 0.5187906107 0.4946929647 0.9966708133 0.9875749047 0.4353532649 0.8999419822 0.5617272845 0.7072079423 0.9202244213 0.5952760006 0.6633316901 0.8526390623 0.9043593602 0.8439627745 0.8882171511 0.3849563619 0.9962597321 0.8167781672 0.9377721716 0.7611001098 0.9401103341 0.8727408297
 0.0230118811 0.3090269701 0.2089335908 0.5025985851 0.0564706970 0.1221636681 0.3252648116 0.1317733679 0.2638490235 0.3903352098 0.1311986663 0.1310643516 0.3212157477 0.3953893214 0.7390704346 0.1335939700 0.0218108359 0.0145733834 0.0866413545 0.0125918229 0.1234467342 0.1310213310 0.0577643492 0.1506316985 0.2375253374 0.3770723886 0.2072335797 0.0351958747 0.1621605451 0.1443097005 0.1860953178 0.5530936048 0.4136527649 0.1942718841 0.4307085861 0.0572860723 0.0635669224 0.6033534533 0.3421908832 0.3090498101 0.3107916582 0.1807649852 0.0700398999 0.0236361716 0.1677431480 0.0421609905 0.1183483147 0.4552033335 0.2426625016 0.1502601799 0.5000000000 0.8770470601 0.8181560319 0.8167388037 0.8549158374 0.8686436142 0.5759162091 0.7645389793 0.9487019349 0.3589003841 0.9758868245 0.9066076878 0.8562281156 0.8532568042 0.6882412500 0.7069273238 0.7598103799 0.9420083033 0.6705576665 0.3651776144 0.9175716267 0.9920038225 0.7860547468 0.7962786205 0.6699825240 0.9576407407 0.7186286299 0.9116290937 0.9827795516 0.7931193862
 0.0699210676 0.1023284283 0.0965335396 0.0781598903 0.7641604955 0.1775030027 0.1292167816 0.2361512637 0.4633152277 0.0742342724 0.1138861899 0.1629275676 0.0466465552 0.3368628111 0.4582678901 0.0129730622 0.4113040990 0.0095880072 0.3911302077 0.0297829488 0.0233240890 0.0256555669 0.0976355077 0.6018172728 0.7113352849 0.6080351211 0.1545889564 0.1014413326 0.1293957123 0.0251661865 0.2584799742 0.1632229190 0.5636870091 0.2815844273 0.1888503921 0.5173473797 0.5788279422 0.4089918845 0.1693462709 0.1620458677 0.3161882180 0.7312790688 0.2417089279 0.2291594434 0.2362685883 0.2106743228 0.5421121048 0.0512204024 0.3635585232 0.0270638475 0.1229529399 0.5000000000 0.7377677823 0.9676229202 0.6509584563 0.9126615329 0.8698343583 0.9726356390 0.6299699576 0.7311016346 0.5403380183 0.6385828158 0.6515548704 0.8915954222 0.4053465067 0.8456233703 0.9020188526 0.9052510891 0.9880591668 0.6563764799 0.6890385917 0.8767792018 0.6652916520 0.9345419849 0.7025541482 0.8117252639 0.8240100598 0.7958882937 0.5746027124 0.7760863831
 0.3117706797 0.1086371961 0.4886213590 0.1297142273 0.6056503267 0.1769952657 0.1838933311 0.4061329340 0.2790096268 0.0723785088 0.1166710170 0.8191828389 0.1499071628 0.1145418761 0.4172132130 0.1369417750 0.3226783016 0.7916161789 0.1226191565 0.7979741707 0.1511272848 0.1240148009 0.3246726899 0.1523934098 0.3142401908 0.0019883622 0.0170606233 0.3954674940 0.0337233902 0.4224951932 0.0390339793 0.1002082358 0.0489274376 0.0586825145 0.0446362364 0.0667527718 0.1089372921 0.0046795379 0.0218803411 0.2193037046 0.1253266029 0.3278279490 0.0584472106 0.0844690041 0.4119967543 0.2253710883 0.5461459571 0.2095967119 0.7225070817 0.0650496025 0.1818439681 0.2622322177 0.5000000000 0.6418298456 0.8827211199 0.6148429360 0.7812502948 0.6904891077 0.5459738152 0.8993303889 0.7614598772 0.9382456351 0.7614935260 0.7290113326 0.5446411141 0.8787376280 0.8977026681 0.8713133785 0.6144091438 0.9762230181 0.7713753695 0.5594569676 0.7331619715 0.4623477702 0.9083013825 0.9223735110 0.7851175694 0.9043744827 0.4580321088 0.6637036976
 0.2958552606 0.1020222610 0.5426160072 0.2427204166 0.3161858071 0.2720616635 0.0230751101 0.4211539900 0.2350476285 0.5087840111 0.0171935164 0.1281717401 0.0385822789 0.1067970627 0.4678003582 0.3615083918 0.0468863645 0.0989079769 0.0273894478 0.2493302286 0.2626452499 0.3739632207 0.4286307012 0.5762096444 0.2143798228 0.5160344733 0.2546677908 0.2367673636 0.0010465537 0.0380028266 0.2188882315 0.2720882347 0.2522386979 0.5514242508 0.0146906366 0.3657341589 0.7449174251 0.0900601894 0.3299073526 0.3519222043 0.2003172422 0.3426073411 0.2085531956 0.3522178320 0.0721157502 0.2960549575 0.1997365994 0.2033570483 0.1517815256 0.3146824766 0.1832611963 0.0323770798 0.3581701544 0.5000000000 0.5462172843 0.3665021650 0.9567536030 0.9947325323 0.9808328173 0.8173452830 0.7959680170 0.6935658201 0.5217353553 0.8260772560 0.9226672550 0.8031134542 0.5701530707 0.8777881190 0.7388241970 0.8387279179 0.7510830066 0.5026414786 0.6262664967 0.9322819235 0.4945568995 0.9993136762 0.9881845301 0.8395182048 0.7672900889 0.8725576849
 0.5502741237 0.0854633434 0.1087481704 0.4214993449 0.0409838586 0.2695360097 0.4827593651 0.2507526701 0.5628016207 0.0458679366 0.3583318836 0.4204436613 0.3249611894 0.0978391800 0.8153022159 0.0566152135 0.6508720962 0.3243782536 0.1401979193 0.1016109549 0.2498346789 0.1158594599 0.4184874438 0.2221244653 0.1281043223 0.0748920333 0.3898025866 0.4979121113 0.1584102838 0.2654003291 0.1218104754 0.1926408090 0.2262534085 0.4944948260 0.0540778509 0.9295527872 0.1713767928 0.5026574456 0.4132302087 0.2586230403 0.1376055302 0.3445076306 0.3208661904 0.1273248593 0.0597902489 0.4151083292 0.1429618563 0.1984558938 0.2292241244 0.0957690312 0.1450841626 0.3490415437 0.1172788801 0.4537827157 0.5000000000 0.2915028150 0.9829179779 0.8657409259 0.6635961219 0.7198471665 0.4299792783 0.5547471272 0.9868072879 0.9167901100 0.6932216569 0.6196278492 0.9815971639 0.9099889941 0.9511434695 0.3770716512 0.8566125082 0.6116825169 0.5889211718 0.7222691563 0.9645406539 0.7794418845 0.9706783931 0.9798026475 0.7228556245 0.6349825318
 0.8325758842 0.1091210733 0.3420668944 0.1370569532 0.1801676007 0.1690405138 0.0682552244 0.0621759972 0.0914036425 0.0947022385 0.1767171277 0.0735558962 0.3042325971 0.3436533426 0.0059200260 0.1852176842 0.1433567524 0.2926198040 0.3943341448 0.3264837472 0.1107628267 0.7348446290 0.0715102116 0.2121747239 0.1580736082 0.2669530122 0.2663377975 0.4520360390 0.5077875769 0.8502342815 0.1227381472 0.0136516146 0.2624357262 0.1683330959 0.1583874151 0.1002944771 0.1105250259 0.0842826545 0.0120807744 0.0175447399 0.0979952819 0.0457945301 0.0153621525 0.1401246729 0.1309472571 0.3520357170 0.2961286120 0.3094372628 0.5627920558 0.1762650886 0.1313563858 0.0873384671 0.3851570640 0.6334978350 0.7084971850 0.5000000000 0.8096829970 0.9902270315 0.7868412643 0.9466971852 0.6316664925 0.8702071870 0.9642934810 0.7378150843 0.8207695076 0.7188069252 0.7377548166 0.9478994420 0.9709485764 0.5302733397 0.7940084912 0.9492308905 0.7506821078 0.7760565351 0.5300271492 0.6332604777 0.9040831266 0.9949943251 0.3734835710 0.1997600773
 0.3040617068 0.3535123279 0.0167079479 0.2168770619 0.0896868095 0.0651034186 0.0085479299 0.1809901795 0.0806956837 0.0106892325 0.4564169323 0.4623572099 0.0583755633 0.0915755123 0.3363132949 0.7917975461 0.6583673467 0.1885839886 0.7044338984 0.0207561242 0.3709857882 0.0695739116 0.3847212311 0.0443917065 0.3924718434 0.2048859749 0.2764008906 0.0956099219 0.2358781367 0.2396090938 0.2507952553 0.1809149630 0.1513358376 0.3180121380 0.3127940446 0.4132192011 0.0102711045 0.0077902389 0.5347111178 0.0710877265 0.3160127097 0.4298568565 0.2429193663 0.2101614926 0.1121820794 0.0761170053 0.3117259085 0.2136461453 0.5206157805 0.1774996709 0.4240837909 0.1301656417 0.2187497052 0.0432463970 0.0170820221 0.1903170030 0.5000000000 0.4877813357 0.8556231082 0.8315041578 0.8169251655 0.9996460069 0.5256226740 0.5507618652 0.5174008257 0.7396308408 0.9344104215 0.9372954935 0.3812780179 0.8937167725 0.6771651019 0.9802208893 0.6317111602 0.9585373376 0.7998176957 0.7392571441 0.6575425345 0.7695135117 0.7706285121 0.8668312737
 0.1239846822 0.0197598198 0.0845068755 0.4560447774 0.0760045343 0.1039775546 0.0907232791 0.0491321914 0.1557922855 0.1202234313 0.6801307885 0.4022148910 0.2803253174 0.3584795061 0.1414658541 0.6442002806 0.1825584830 0.4309563799 0.0015362646 0.2137463795 0.0976437110 0.1966649731 0.1767998330 0.5169976073 0.0898638526 0.0587351065 0.0712188973 0.1471836404 0.2194124588 0.1766760754 0.5930577291 0.4957760381 0.1603738761 0.0412178339 0.0647000938 0.6837502288 0.1179237891 0.0530284046 0.0109651221 0.1109839569 0.1739650565 0.1255718939 0.0030014356 0.3614282119 0.2273294481 0.5214539122 0.0286715812 0.2357232889 0.3021505266 0.4135417376 0.2354610207 0.0273643610 0.3095108923 0.0052674677 0.1342590741 0.0097729685 0.5122186643 0.5000000000 0.6087293787 0.6406633807 0.7986901103 0.8373066632 0.3902497895 0.4862769079 0.8822140842 0.9533173615 0.8790403234 0.2438363344 0.9644595960 0.8158335688 0.9155616443 0.9187215084 0.4733847481 0.5117121843 0.9189836249 0.6614728670 0.7955864237 0.9689596371 0.3390590448 0.8268937576
 0.1917992313 0.2794261122 0.0253804456 0.2005208753 0.3368407082 0.7002022043 0.3676105269 0.1416935850 0.2156455995 0.2408512762 0.4510512615 0.1068433064 0.2526871780 0.0137478588 0.1668242816 0.1580112731 0.1991715475 0.0785580422 0.6816882435 0.0911110170 0.3384876890 0.0635891863 0.0670562714 0.4876220830 0.1373367227 0.1929324777 0.4400420650 0.2604867113 0.1262685047 0.3405971336 0.4177258486 0.6256812603 0.3394467808 0.1000420843 0.2586258308 0.6448410210 0.6224151406 0.3960188303 0.6492389654 0.3045837282 0.2841908917 0.1519447594 0.0309546263 0.0172388720 0.2140295960 0.1811584276 0.1949927512 0.5213332036 0.2600224077 0.4812093893 0.0512980651 0.3700300424 0.4540261848 0.0191671827 0.3364038781 0.2131587357 0.1443768918 0.3912706213 0.5000000000 0.9229365532 0.6885198222 0.7946010431 0.9763477632 0.8961620591 0.3454577332 0.7923589137 0.7897013512 0.7049721926 0.9464957169 0.8116719036 0.7413932078 0.8109621658 0.2171815754 0.7240882678 0.9918557503 0.9459473555 0.7306035165 0.6350539583 0.8089479836 0.8753307430
 0.3042356080 0.1474350080 0.2676801235 0.5603852530 0.0555096544 0.6603048844 0.4711047429 0.1168692279 0.6623957352 0.7687862910 0.2747643284 0.0139837125 0.6124458201 0.1474010780 0.4741410495 0.0434832235 0.1869293251 0.1337136640 0.1519302369 0.1327287127 0.1762672636 0.3464902030 0.2608663947 0.1921658811 0.0097137224 0.1636581420 0.2289973371 0.0606309253 0.4639492264 0.2437080415 0.0114062331 0.0480194560 0.0325509594 0.0146402246 0.0325304238 0.1855284490 0.3576975946 0.0867702616 0.6564257809 0.2954440313 0.7670278438 0.3089368543 0.1557279485 0.0751485898 0.1742155383 0.5735614983 0.4535634603 0.0880019606 0.1635546940 0.5053070353 0.6410996159 0.2688983654 0.1006696111 0.1826547170 0.2801528335 0.0533028148 0.1684958422 0.3593366193 0.0770634468 0.5000000000 0.9050799895 0.7957493770 0.2323493867 0.5542477334 0.6351485604 0.7157777620 0.9305870908 0.4465563089 0.8922212531 0.9913234598 0.5057878499 0.1844325294 0.8270403718 0.9928631876 0.9226429950 0.4705871880 0.6527979392 0.9969139975 0.4816572610 0.7536922768
 0.1009901844 0.0773588395 0.1133316363 0.0920391478 0.0489295921 0.1763970496 0.2933099130 0.3488376917 0.5473278326 0.2963510813 0.1129381669 0.0809537159 0.3133537401 0.1800740111 0.0598156041 0.0187326504 0.0874981460 0.0730134348 0.3386953342 0.2256321442 0.1216820967 0.1153370267 0.2151558219 0.2125960469 0.0617681333 0.1842298851 0.6015078207 0.4742508208 0.2368545731 0.3252263023 0.2976985613 0.2252404819 0.7935344271 0.0052136559 0.3604358690 0.3741593172 0.2779785881 0.7082494242 0.0577144861 0.5460902612 0.2192286982 0.2240835290 0.4716883885 0.4893298778 0.1802946588 0.1444715922 0.1827444500 0.1751588684 0.2795028727 0.0033291867 0.0241131755 0.4596619817 0.2385401228 0.2040319830 0.5700207217 0.3683335075 0.1830748345 0.2013098897 0.3114801778 0.0949200105 0.5000000000 0.4713996872 0.3246984463 0.9037824297 0.9649555110 0.9011467938 0.6179737725 0.8583849052 0.5517440262 0.9584170268 0.9832330795 0.9284893647 0.8281890125 0.8978440517 0.9126539086 0.7437306612 0.8654448071 0.0754827254 0.6577464519 0.5688012734
 0.0983017555 0.3744502377 0.1728823196 0.0994069574 0.2896476885 0.1547384318 0.1428698442 0.4193797288 0.1479190504 0.3483297621 0.1155706824 0.3077787095 0.6664044283 0.3433042035 0.6265921409 0.4347217607 0.2426413295 0.8021842818 0.3877788948 0.2460264495 0.2701791589 0.1305429857 0.1317592326 0.5125363028 0.0270408768 0.1925990916 0.2721954887 0.0495613317 0.3106411434 0.3932956016 0.2473272206 0.3589701637 0.0296783047 0.0115756151 0.0121609508 0.0772202380 0.2818728276 0.4075755425 0.2083407108 0.2698018763 0.2389434675 0.1054873716 0.0221562014 0.0061599684 0.3354693433 0.0942649594 0.2444269206 0.2447093337 0.6975061655 0.0124250953 0.0933923122 0.3614171842 0.0617543649 0.3064341799 0.4452528728 0.1297928130 0.0003539931 0.1626933368 0.2053989569 0.2042506230 0.5286003128 0.5000000000 0.9007402108 0.6313893936 0.6434094306 0.7550568834 0.6983815302 0.8611661734 0.9243111215 0.6869636761 0.9802068040 0.9186137702 0.6201742080 0.4090146043 0.8336680326 0.6775001826 0.8642942930 0.5629189000 0.4077559361 0.9706233580
 0.0002107994 0.5183604615 0.0519742892 0.1973422593 0.0486973651 0.3574292116 0.3421791762 0.1734737233 0.2748568094 0.2262014950 0.1003360325 0.2204686652 0.1182592545 0.2204724187 0.6351921487 0.4195089118 0.5041397274 0.2138201489 0.0661394020 0.5579922689 0.2321118606 0.0428411781 0.5922214386 0.0695598646 0.7781493657 0.2287877494 0.2098298717 0.5034011096 0.7478711535 0.1971435108 0.0535467050 0.1234290837 0.4748988179 0.4434601081 0.1082700292 0.0203770055 0.0681137580 0.0792851580 0.1817339033 0.2994513816 0.0866660817 0.0126453423 0.7143291856 0.6432265459 0.0342760376 0.0271657954 0.1128396314 0.1683874680 0.1668125232 0.5646467351 0.1437718844 0.3484451296 0.2385064740 0.4782646447 0.0131927121 0.0357065190 0.4743773260 0.6097502105 0.0236522368 0.7676506133 0.6753015537 0.0992597892 0.5000000000 0.7438520212 0.8928636573 0.6253963125 0.9592332786 0.5315117305 0.7669585533 0.7646486985 0.3128284550 0.4354505255 0.3574803587 0.4535424407 0.9772315705 0.6955581435 0.9433209047 0.8181428025 0.5291532189 0.8966609348
 0.1712970649 0.4487602918 0.3301228360 0.2259576613 0.0194995693 0.0842651724 0.1217396845 0.3238397294 0.0461471886 0.5564566403 0.1309145781 0.1439458841 0.1425092027 0.1923735918 0.2001836378 0.0847891707 0.0156308018 0.2850043617 0.1606808818 0.0935427024 0.2625307350 0.0792889288 0.0260355832 0.1690791332 0.0746653570 0.3247066652 0.1002135022 0.3999464209 0.6880949431 0.1007132752 0.2219519893 0.3094469291 0.1185869644 0.2392040005 0.0665707213 0.2108436031 0.2113109587 0.1464530338 0.3324266334 0.0261752797 0.1748803604 0.4467812609 0.0889349799 0.1573633146 0.1004864127 0.1026341550 0.3155827593 0.3100361349 0.2933751631 0.1000580178 0.1467431958 0.1084045778 0.2709886674 0.1739227440 0.0832098900 0.2621849157 0.4492381348 0.5137230921 0.1038379409 0.4457522666 0.0962175703 0.3686106064 0.2561479788 0.5000000000 0.8232362373 0.7855977129 0.9733766573 0.8258079646 0.9567629495 0.8584651663 0.7041877968 0.4241420670 0.9310078511 0.8193998922 0.2178113589 0.3831183798 0.9252061105 0.7243422828 0.3525679206 0.4249687066
 0.0729535272 0.0455384244 0.5555686359 0.0453028215 0.0194227922 0.1585225628 0.3539077163 0.2087440443 0.0656417530 0.1103842354 0.6535026694 0.6266900069 0.3167500038 0.1507037466 0.0197311416 0.1028416438 0.4875370838 0.1865564388 0.2528946666 0.0608236561 0.0818200412 0.7478286597 0.0710454788 0.2575958139 0.0570423893 0.1344377704 0.0567304595 0.3087531458 0.1946839470 0.4738818847 0.1312252460 0.4659662042 0.1671150608 0.0094084999 0.1199759119 0.1896538350 0.8075470732 0.0013455126 0.1920231101 0.6527909523 0.2773398281 0.2556317809 0.0538645788 0.3777963681 0.0001982617 0.0820109084 0.6788766527 0.2072905184 0.2471688369 0.4382727155 0.3117587500 0.5946534933 0.4553588859 0.0773327450 0.3067783431 0.1792304924 0.4825991743 0.1177859158 0.6545422668 0.3648514396 0.0350444890 0.3565905694 0.1071363427 0.1767637627 0.5000000000 0.7961349018 0.9154374769 0.7053431991 0.6510071702 0.4129935566 0.6875096685 0.9620960259 0.6471891644 0.9679946978 0.3477945301 0.8155085350 0.6621536417 0.4450992608 0.9970564957 0.4044165019
 0.5397966164 0.0243363269 0.1141806468 0.0569265430 0.1188921656 0.7074597183 0.3317460768 0.4055678318 0.0782231921 0.1256138029 0.0665070582 0.4358925366 0.1126539816 0.6594548963 0.2254312437 0.0188731986 0.0824233134 0.2850517536 0.4497451136 0.1354831483 0.0542409963 0.4615587865 0.0397203887 0.4743419682 0.1562783493 0.0629059243 0.1148744687 0.1627241160 0.1314095568 0.1889906235 0.1909093081 0.2650097162 0.2961793398 0.1114923744 0.0327453566 0.3830424675 0.1012277240 0.1255379685 0.0734076095 0.0172360389 0.1425041654 0.0498538525 0.4454921674 0.2112364462 0.0004414395 0.1170262183 0.0336933552 0.2216561581 0.2207399224 0.2927920577 0.2930726762 0.1543766297 0.1212623720 0.1968865458 0.3803721508 0.2811930748 0.2603691592 0.0466826385 0.2076410863 0.2842222380 0.0988532062 0.2449431166 0.3746036875 0.2144022871 0.2038650982 0.5000000000 0.7839509151 0.4162729168 0.7327279862 0.6379446946 0.1638066526 0.8620562260 0.8548282815 0.8728082480 0.7121869815 0.4330496443 0.7210971819 0.5200296408 0.8966955827 0.6000969653
 0.3351775381 0.0845953271 0.5016440172 0.0171086725 0.7577880531 0.0155710300 0.1333091245 0.0642880606 0.4873604883 0.3634301187 0.3524377251 0.1804521409 0.4045304462 0.0261374947 0.1444916753 0.1338012780 0.2739667884 0.5540683010 0.5289516082 0.2538126391 0.7931649742 0.3203700698 0.1813697256 0.7279552325 0.1085883843 0.3416995358 0.3186912160 0.2147720972 0.1321397960 0.8330748264 0.1192714374 0.0539117176 0.6675586551 0.0649590550 0.2295951347 0.6799112906 0.2699238663 0.4538011467 0.0369735231 0.2303563407 0.0613338119 0.1386423951 0.0101267438 0.4488028240 0.2864107758 0.1570289570 0.2618074929 0.0499626898 0.1882342187 0.0797755787 0.2401896201 0.0979811474 0.1022973319 0.4298469293 0.0184028361 0.2622451834 0.0655895785 0.1209596766 0.2102986488 0.0694129092 0.3820262275 0.3016184698 0.0407667214 0.0266233427 0.0845625231 0.2160490849 0.5000000000 0.7706499894 0.9999840749 0.8128762217 0.9499955235 0.7902436074 0.6850284742 0.9829899294 0.9527706749 0.6619275872 0.9019182753 0.9428614277 0.7235092488 0.9783340784
 0.3532786709 0.3137442322 0.0141613155 0.1153323669 0.0779816949 0.2074934629 0.1374650880 0.2548082823 0.5575820578 0.0227700444 0.0199574526 0.0087406377 0.5501140829 0.2296363016 0.3121410086 0.7614537947 0.0857754078 0.3767810274 0.0549947667 0.0062849413 0.0002336687 0.0444463318 0.5305180610 0.1570717854 0.3880417277 0.2550551815 0.0082050550 0.3047729858 0.2769244289 0.1284991586 0.0239884431 0.2224098780 0.1758451614 0.1430340622 0.0058249871 0.4809266508 0.0081538234 0.0780888074 0.0646918132 0.2443148410 0.2478992087 0.1669883707 0.0163893478 0.2961236509 0.1546810148 0.1589869109 0.0653529136 0.5296803919 0.0865423269 0.4047239994 0.0579916967 0.0947489109 0.1286866215 0.1222118810 0.0900110059 0.0521005580 0.0627045065 0.7561636656 0.2950278074 0.5534436911 0.1416150948 0.1388338266 0.4684882695 0.1741920354 0.2946568009 0.5837270832 0.2293500106 0.5000000000 0.6241287467 0.9207628398 0.6733977590 0.9227329088 0.9035180274 0.9778022777 0.3417180571 0.9505953312 0.9795913775 0.5268029604 0.5225233809 0.9690498411
 0.5321958418 0.2595923832 0.1991623702 0.3578247247 0.0120460950 0.0309379922 0.2910996011 0.6179714405 0.3192125786 0.1600437405 0.0003848451 0.0402266482 0.2202601466 0.1033248441 0.1099829012 0.1234111699 0.1098786119 0.3893649847 0.7479012030 0.3948719202 0.0323383624 0.2822136704 0.1704626104 0.6172109843 0.1166971490 0.0583183355 0.2481325704 0.3869733326 0.3713525307 0.3894191483 0.2712482101 0.3055329203 0.7511001972 0.4821389848 0.1908343581 0.1951287031 0.0685566809 0.5586840169 0.0246526695 0.0373767636 0.2780847601 0.0657006914 0.2846517919 0.2529878051 0.1736430264 0.8153540294 0.0167911523 0.0025747255 0.4670428145 0.3366683099 0.3294423335 0.0119408332 0.3855908562 0.2611758030 0.0488565305 0.0290514236 0.6187219821 0.0355404040 0.0535042831 0.1077787469 0.4482559738 0.0756888785 0.2330414467 0.0432370505 0.3489928298 0.2672720138 0.0000159251 0.3758712533 0.5000000000 0.5582922674 0.6332968821 0.9921043175 0.9724251625 0.6733667752 0.7511649203 0.6603392496 0.6136453545 0.9067665903 0.6859400360 0.8388126729
 0.0739108487 0.2272120662 0.1935083623 0.7562624248 0.0482773017 0.1442660183 0.0633473245 0.0146072073 0.2325098672 0.0918436123 0.1696850810 0.1022755802 0.0033197144 0.3739345666 0.2066273197 0.3361933154 0.1321039876 0.2466336604 0.0209229313 0.6035037532 0.1203615297 0.1085999399 0.0202336489 0.0302359910 0.0226798643 0.2782340311 0.2590689984 0.2476904690 0.0435270414 0.2655449163 0.0496184515 0.3810978918 0.7383203291 0.4161831179 0.6268138065 0.0671152561 0.1024414407 0.0794941142 0.0953246983 0.2709608174 0.1790961598 0.1408287185 0.0162058587 0.3721624952 0.4351233016 0.1689387770 0.0159967901 0.4329436735 0.6381829010 0.1473609377 0.6348223856 0.3436235201 0.0237769819 0.1612720821 0.6229283488 0.4697266603 0.1062832275 0.1841664312 0.1883280964 0.0086765402 0.0415829732 0.3130363239 0.2353513015 0.1415348337 0.5870064434 0.3620553054 0.1871237783 0.0792371602 0.4417077326 0.5000000000 0.6206147433 0.8733732565 0.7050638561 0.5473062281 0.9940550875 0.6859146831 0.9801174058 0.9034254058 0.9388729749 0.3741353359
 0.2622038961 0.7279473073 0.3383628200 0.3623533524 0.2353615152 0.4819851628 0.0097572353 0.3054570314 0.3321748150 0.1194393241 0.3052517388 0.0834244636 0.2174786089 0.1016762008 0.1054555200 0.1761585531 0.1297435465 0.0190014228 0.5633005591 0.2640556308 0.5974200517 0.2385703278 0.2139994019 0.4646461381 0.0018724630 0.3983296637 0.9590249308 0.1388225148 0.0591294205 0.0171576584 0.2731739049 0.2927439497 0.1066795942 0.2314195281 0.0080662060 0.1418757590 0.0398591087 0.0861120599 0.0737826837 0.0006187659 0.2001898374 0.3090952513 0.5473720072 0.5568599449 0.0951143916 0.4865898859 0.2172067668 0.0378565553 0.4259607399 0.0956406398 0.0824283733 0.3109614083 0.2286246305 0.2489169934 0.1433874918 0.2059915088 0.3228348981 0.0844383557 0.2586067922 0.4942121501 0.0167669205 0.0197931960 0.6871715450 0.2958122032 0.3124903315 0.8361933474 0.0500044765 0.3266022410 0.3667031179 0.3793852567 0.5000000000 0.5485032034 0.8575650941 0.6026172512 0.5627273024 0.7786989816 0.7701387950 0.8153823303 0.4573150481 0.3650708069
 0.5679041051 0.2561962538 0.3881592411 0.0791895068 0.0609766197 0.5178654737 0.1271309329 0.2858957440 0.2801864731 0.1740361714 0.3580302433 0.0425704360 0.2375657072 0.1676416345 0.5324194619 0.0055123157 0.1792413952 0.1559781762 0.1148960238 0.0222515993 0.1946630277 0.2279278591 0.0516903785 0.0027431709 0.3968829992 0.1678069155 0.5736073822 0.5161885204 0.1080115873 0.0217299850 0.1499527852 0.2669480880 0.4156116299 0.1385499055 0.0396473276 0.2747164946 0.1359739320 0.5097167750 0.6755875659 0.1481657181 0.2145500078 0.6346934639 0.4647764208 0.3805448703 0.1416245477 0.4984955532 0.1270474523 0.2268765297 0.3097664786 0.1560372255 0.0079961775 0.1232207982 0.4405430324 0.4973585214 0.3883174831 0.0507691095 0.0197791107 0.0812784916 0.1890378342 0.8155674706 0.0715106353 0.0813862298 0.5645494745 0.5758579330 0.0379039741 0.1379437740 0.2097563926 0.0772670912 0.0078956825 0.1266267435 0.4514967966 0.5000000000 0.6240177249 0.3608121566 0.8158577537 0.8730663721 0.7537089263 0.9964306254 0.4421180998 0.7268307527
 0.4432460516 0.4292502083 0.4406756573 0.2064550628 0.5238230590 0.0311954231 0.0584660480 0.5980735675 0.0180736850 0.1886243250 0.7193094293 0.0558514213 0.0192425686 0.0985587357 0.0671432475 0.7175498157 0.2681813612 0.2087947666 0.1352545963 0.2086634155 0.1336871427 0.2854717873 0.0502437719 0.1952361646 0.3139699594 0.3801709614 0.0172111390 0.1055746450 0.2095896784 0.2505479439 0.0204480033 0.0877309028 0.0538890868 0.0353653829 0.1584945277 0.2158538404 0.0760870275 0.0104490278 0.1029034145 0.1596684999 0.2430459467 0.0754594697 0.3802550430 0.2033737186 0.6174857942 0.4007020720 0.3509124256 0.1285543609 0.3022479177 0.1117828489 0.2139452532 0.3347083480 0.2668380285 0.3737335033 0.4110788282 0.2493178922 0.3682888398 0.5266152519 0.7828184246 0.1729596282 0.1718109875 0.3798257920 0.6425196413 0.0689921489 0.3528108356 0.1451717185 0.3149715258 0.0964819726 0.0275748375 0.2949361439 0.1424349059 0.3759822751 0.5000000000 0.9032060391 0.9994259216 0.9752560899 0.9463601350 0.6677823263 0.2050585701 0.1532048304
 0.6912050259 0.0255178325 0.0101505355 0.2083528034 0.0539521474 0.2421770710 0.4706707139 0.4371211759 0.3309937368 0.2565730641 0.3535638661 0.2040952767 0.2904099556 0.2579838026 0.2365239385 0.1422929652 0.3006030823 0.4855894230 0.2814220171 0.0032700355 0.5006891320 0.1025131566 0.4554950506 0.2083860607 0.0109594464 0.2791960098 0.0504947961 0.2618141846 0.4402211673 0.2590074781 0.1255728627 0.1567046870 0.3165927901 0.1984902698 0.3304584727 0.1290378917 0.2589569172 0.1481115517 0.0707195825 0.1507418414 0.1832782470 0.1632955460 0.2326441598 0.1165590429 0.3108607010 0.0489514847 0.2800890215 0.3446913151 0.0979466851 0.6150436381 0.2037213795 0.0654580151 0.5376522298 0.0677180765 0.2777308437 0.2239434649 0.0414626624 0.4882878157 0.2759117322 0.0071368124 0.1021559483 0.5909853957 0.5464575593 0.1806001078 0.0320053022 0.1271917520 0.0170100706 0.0221977223 0.3266332248 0.4526937719 0.3973827488 0.6391878434 0.0967939609 0.5000000000 0.5714716860 0.8748419941 0.7965189324 0.7042069199 0.9945906515 0.9480671139
 0.5085471252 0.3326258177 0.2288964752 0.1957608800 0.2961564116 0.1098987749 0.3699143006 0.4404611724 0.3549914651 0.1774105052 0.2598907499 0.5665220089 0.6216265892 0.8414231403 0.5529291333 0.1966295101 0.2833529767 0.0351756152 0.1137633181 0.1863635674 0.1199738449 0.0546612095 0.0872445356 0.0245327259 0.0310446864 0.3553096464 0.2724304013 0.2764605653 0.2335447024 0.3613243266 0.2540886300 0.2825296067 0.4322861599 0.3562510183 0.3343485448 0.3593878838 0.2363617031 0.0426816490 0.6503948756 0.2085967493 0.6813060076 0.2275973000 0.0253774405 0.3968709089 0.0145693070 0.1657308226 0.3907800207 0.2264244780 0.1377621651 0.0037402679 0.3300174760 0.2974458518 0.0916986175 0.5054431005 0.0354593461 0.4699728508 0.2001823043 0.0810163751 0.0081442497 0.0773570050 0.0873460914 0.1663319674 0.0227684295 0.7821886411 0.6522054699 0.2878130185 0.0472293251 0.6582819429 0.2488350797 0.0059449125 0.4372726976 0.1841422463 0.0005740784 0.4285283140 0.5000000000 0.5342018891 0.8037894459 0.3949634165 0.6292526348 0.6914526828
 0.7153220355 0.0712890021 0.1063841694 0.1528660694 0.6599393690 0.0599853217 0.0138781320 0.1145245723 0.1631453371 0.3959263890 0.1241444385 0.4205111392 0.1450034536 0.1880253554 0.5000303502 0.2310799306 0.1267088346 0.2367531528 0.3159540263 0.6601824254 0.0874807280 0.4448051579 0.2355141956 0.0712385148 0.2322181601 0.0603679556 0.7884834661 0.4665456537 0.0995786049 0.2438806507 0.0619251213 0.1320479957 0.1814298246 0.6493909774 0.2807083161 0.1075485759 0.0299219289 0.5347032448 0.3285165829 0.1899322091 0.0226272859 0.5728494754 0.1207160748 0.1579526374 0.2107815739 0.0473545512 0.2234514910 0.0388732394 0.1268477372 0.1832218328 0.0423592593 0.1882747361 0.0776264890 0.0006863238 0.2205581155 0.3667395223 0.2607428559 0.3385271330 0.0540526445 0.5294128120 0.2562693388 0.3224998174 0.3044418565 0.6168816202 0.1844914650 0.5669503557 0.3380724128 0.0494046688 0.3396607504 0.3140853169 0.2213010184 0.1269336279 0.0247439101 0.1251580059 0.4657981109 0.5000000000 0.8507676181 0.9751590645 0.9806087229 0.8914066585
 0.6555347586 0.6781122903 0.3932979327 0.2091202641 0.1712231703 0.0445215960 0.2177990910 0.1564034915 0.0625055147 0.1730373178 0.1502642434 0.0979301168 0.0264506952 0.1966746397 0.2184147809 0.1954139930 0.5995377086 0.0596063887 0.0768951205 0.1246153381 0.3873741146 0.0716558866 0.2617251460 0.5335937083 0.6074447513 0.1648978970 0.0656061415 0.3859830489 0.3176108382 0.0786118455 0.4575971455 0.0850835982 0.1822889279 0.0955959052 0.2177672617 0.5795195773 0.4254352389 0.0091045392 0.0135697576 0.5380647473 0.1064896860 0.1650084754 0.1727461062 0.0026932014 0.7145876793 0.0172475613 0.0880434212 0.4217910330 0.6886791676 0.0622278284 0.2813713701 0.1759899402 0.2148824306 0.0118154699 0.0293216069 0.0959168734 0.3424574655 0.2044135763 0.2693964835 0.3472020608 0.1345551929 0.1357057070 0.0566790953 0.0747938895 0.3378463583 0.2789028181 0.0980817247 0.0204086225 0.3863546455 0.0198825942 0.2298612050 0.2462910737 0.0536398650 0.2034810676 0.1962105541 0.1492323819 0.5000000000 0.8536863306 0.8505744409 0.8206080773
 0.2722990173 0.1453010319 0.4458836062 0.0468246062 0.3159772332 0.7003850484 0.2384931544 0.6864736216 0.0987362631 0.1502890754 0.1864688763 0.1016691464 0.1133312192 0.4313598809 0.0613382258 0.5603056867 0.0556495170 0.1186530584 0.0459911478 0.0960633360 0.3254182636 0.3654166541 0.0290366166 0.4666856007 0.1385244434 0.2587756375 0.3863238648 0.0864866548 0.0742215643 0.4386477390 0.2044938514 0.6422508267 0.4230238585 0.0334562129 0.0512946221 0.5653277510 0.3954108301 0.3848573789 0.1176392318 0.1926840011 0.2432720279 0.0786738813 0.7482499921 0.1823002536 0.0327742162 0.2913536235 0.0885090807 0.4553091307 0.0928360455 0.2388998902 0.0883709063 0.2041117063 0.0956255173 0.1604817952 0.0201973525 0.0050056749 0.2304864883 0.0310403629 0.3649460417 0.0030860025 0.9245172746 0.4370811000 0.1818571975 0.2756577172 0.5549007392 0.4799703592 0.0571385723 0.4731970396 0.0932334097 0.0965745942 0.1846176697 0.0035693746 0.3322176737 0.2957930801 0.6050365835 0.0248409355 0.1463136694 0.5000000000 0.9049215128 0.9418559382
 0.0239014979 0.3864457806 0.2385924845 0.2545650430 0.5912905067 0.6670742958 0.0098037932 0.1886406591 0.1036162854 0.4822563664 0.1933725556 0.2541433149 0.1545399388 0.4323985039 0.1554796015 0.0395842208 0.2632550794 0.4880844051 0.2615026925 0.0335038133 0.2808216647 0.0194462349 0.3340115307 0.0616937650 0.3240275964 0.1155578356 0.5609246911 0.1633217987 0.4531739177 0.0059789074 0.5679622920 0.1559746488 0.0091976104 0.2351976925 0.3754345741 0.0986531942 0.1926191385 0.3186569244 0.7830846150 0.2598117963 0.1081401531 0.0859397193 0.0991924461 0.4083433906 0.5409704084 0.1844928504 0.2119646517 0.4024882706 0.0142269088 0.0598896659 0.0172204484 0.4253972876 0.5419678912 0.2327099111 0.2771443755 0.6265164290 0.2293714879 0.6609409552 0.1910520164 0.5183427390 0.3422535481 0.5922440639 0.4708467811 0.6474320794 0.0029435043 0.1033044173 0.2764907512 0.4774766191 0.3140599640 0.0611270251 0.5426849519 0.5578819002 0.7949414299 0.0054093485 0.3707473652 0.0193912771 0.1494255591 0.0950784872 0.5000000000 0.9596308436
 0.2038025754 0.5962473810 0.1558181083 0.4534279137 0.3552449192 0.0857630522 0.0592553389 0.3096021527 0.0745807136 0.7208805927 0.8291866948 0.1480984901 0.0457665078 0.5164767779 0.2369913946 0.4023207279 0.0587337407 0.0945352653 0.2122536266 0.1510903685 0.6587156973 0.5092076984 0.1784339006 0.0391460719 0.1316970993 0.1047566653 0.1127860279 0.4390176414 0.0338125731 0.0509360453 0.3528209521 0.0270321951 0.0771011489 0.2776513436 0.2338366918 0.2965858132 0.6237961646 0.2978210631 0.1664636743 0.1687678250 0.3457152341 0.2298460827 0.2296196686 0.0798788283 0.3822495288 0.1968869225 0.3016998055 0.0597077220 0.0367663170 0.1272591703 0.2068806138 0.2239136169 0.3362963024 0.1274423151 0.3650174682 0.8002399227 0.1331687263 0.1731062424 0.1246692570 0.2463077232 0.4311987266 0.0293766420 0.1033390652 0.5750312934 0.5955834981 0.3999030347 0.0216659216 0.0309501589 0.1611873271 0.6258646641 0.6349291931 0.2731692473 0.8467951696 0.0519328861 0.3085473172 0.1085933415 0.1793919227 0.0581440618 0.0403691564 0.5000000000
]
