n: 20

c:
[
 0.5000000000 0.7719447086 0.8551627611 0.3527084365 0.8491777832 0.9462284002 0.7917815615 0.7645354380 0.7427189423 0.3700126475 0.6883163536 0.9536300937 0.9068512019 0.9982098703 0.8885605815 0.5909885002 0.5174848035 0.8328859254 0.5761671794 0.5132023363
 0.2280552914 0.5000000000 0.9623909949 0.5994538045 0.9728285126 0.6501465526 0.3598645933 0.6735787337 0.5763741280 0.5345468574 0.6029415023 0.8736095337 0.5301439127 0.8653393554 0.8968186112 0.8063359640 0.7417815733 0.9397128010 0.7032864990 0.8630983548
 0.1448372389 0.0376090051 0.5000000000 0.5468787560 0.9549691954 0.9710907180 0.6107086901 0.8079459136 0.3305603312 0.7888864207 0.9575464960 0.6659300061 0.9014735849 0.2310390809 0.7919920033 0.7418262428 0.9298023505 0.9424848765 0.7437698760 0.5864875397
 0.6472915635 0.4005461955 0.4531212440 0.5000000000 0.4391961423 0.9235551068 0.7103047331 0.9382893507 0.8729677328 0.6932903018 0.9321790105 0.5988616205 0.2688828007 0.7261904649 0.9892356582 0.9215384217 0.6196379045 0.5084483016 0.9207808987 0.9046850343
 0.1508222168 0.0271714874 0.0450308046 0.5608038577 0.5000000000 0.1389837152 0.8776677648 0.6887950390 0.5837554475 0.7092598725 0.6753825555 0.6265538699 0.6081674714 0.6809292551 0.7020030400 0.7953524534 0.7282425698 0.8711073049 0.9734492183 0.9132140534
 0.0537715998 0.3498534474 0.0289092820 0.0764448932 0.8610162848 0.5000000000 0.2665698887 0.6411176812 0.7394482250 0.9321295128 0.8882089761 0.5746636516 0.7831866101 0.4238907642 0.8250132564 0.9811042231 0.4500400404 0.9305035597 0.2723019247 0.9319929026
 0.2082184385 0.6401354067 0.3892913099 0.2896952669 0.1223322352 0.7334301113 0.5000000000 0.5756329137 0.5414018871 0.8987986818 0.8998351741 0.6805969728 0.4404601529 0.5274523925 0.9166034242 0.6718970871 0.8169751125 0.6601927389 0.9466536166 0.9543649761
 0.2354645620 0.3264212663 0.1920540864 0.0617106493 0.3112049610 0.3588823188 0.4243670863 0.5000000000 0.9979304190 0.8698851963 0.6285370594 0.9756677568 0.7783762914 0.7997319291 0.2873679928 0.2715635048 0.4838931091 0.6320563200 0.6389732375 0.5075137170
 0.2572810577 0.4236258720 0.6694396688 0.1270322672 0.4162445525 0.2605517750 0.4585981129 0.0020695810 0.5000000000 0.4771824517 0.3850050660 0.7731117600 0.3685811990 0.7564937206 0.8663258228 0.8053459084 0.5003052889 0.4818471601 0.9042948572 0.3978981843
 0.6299873525 0.4654531426 0.2111135793 0.3067096982 0.2907401275 0.0678704872 0.1012013182 0.1301148037 0.5228175483 0.5000000000 0.8010305428 0.8334854806 0.6681965258 0.8333623370 0.9051219582 0.9722301245 0.7543671753 0.7897416478 0.9928399702 0.9682136378
 0.3116836464 0.3970584977 0.0424535040 0.0678209895 0.3246174445 0.1117910239 0.1001648259 0.3714629406 0.6149949340 0.1989694572 0.5000000000 0.8048822345 0.9319713906 0.9773143878 0.8992302226 0.6359741029 0.9833405302 0.4612349078 0.7928563578 0.9016183923
 0.0463699063 0.1263904663 0.3340699939 0.4011383795 0.3734461301 0.4253363484 0.3194030272 0.0243322432 0.2268882400 0.1665145194 0.1951177655 0.5000000000 0.6997327424 0.9843791539 0.9968986033 0.9331348018 0.9958444593 0.9105364665 0.7113836048 0.2050127769
 0.0931487981 0.4698560873 0.0985264151 0.7311171993 0.3918325286 0.2168133899 0.5595398471 0.2216237086 0.6314188010 0.3318034742 0.0680286094 0.3002672576 0.5000000000 0.7355926938 0.9919147327 0.6919665079 0.9851873097 0.8748875870 0.8382225469 0.9237872808
 0.0017901297 0.1346606446 0.7689609191 0.2738095351 0.3190707449 0.5761092358 0.4725476075 0.2002680709 0.2435062794 0.1666376630 0.0226856122 0.0156208461 0.2644073062 0.5000000000 0.8766196090 0.7338384079 0.8898524933 0.7722037002 0.6889708972 0.8926752020
 0.1114394185 0.1031813888 0.2080079967 0.0107643418 0.2979969600 0.1749867436 0.0833965758 0.7126320072 0.1336741772 0.0948780418 0.1007697774 0.0031013967 0.0080852673 0.1233803910 0.5000000000 0.6581853372 0.9816604742 0.8938481066 0.6956309116 0.6069709457
 0.4090114998 0.1936640360 0.2581737572 0.0784615783 0.2046475466 0.0188957769 0.3281029129 0.7284364952 0.1946540916 0.0277698755 0.3640258971 0.0668651982 0.3080334921 0.2661615921 0.3418146628 0.5000000000 0.3378298214 0.8562101438 0.5938326553 0.7220727103
 0.4825151965 0.2582184267 0.0701976495 0.3803620955 0.2717574302 0.5499599596 0.1830248875 0.5161068909 0.4996947111 0.2456328247 0.0166594698 0.0041555407 0.0148126903 0.1101475067 0.0183395258 0.6621701786 0.5000000000 0.9292610166 0.2793844613 0.7617369742
 0.1671140746 0.0602871990 0.0575151235 0.4915516984 0.1288926951 0.0694964403 0.3398072611 0.3679436800 0.5181528399 0.2102583522 0.5387650922 0.0894635335 0.1251124130 0.2277962998 0.1061518934 0.1437898562 0.0707389834 0.5000000000 0.7210176020 0.9396288759
 0.4238328206 0.2967135010 0.2562301240 0.0792191013 0.0265507817 0.7276980753 0.0533463834 0.3610267625 0.0957051428 0.0071600298 0.2071436422 0.2886163952 0.1617774531 0.3110291028 0.3043690884 0.4061673447 0.7206155387 0.2789823980 0.5000000000 0.8189681641
 0.4867976637 0.1369016452 0.4135124603 0.0953149657 0.0867859466 0.0680070974 0.0456350239 0.4924862830 0.6021018157 0.0317863622 0.0983816077 0.7949872231 0.0762127192 0.1073247980 0.3930290543 0.2779272897 0.2382630258 0.0603711241 0.1810318359 0.5000000000
]
