n: 80

c:
[
 0.5000000000 0.6859096386 0.9929003882 0.7729656316 0.9287314836 0.9084891610 0.7202469441 0.2277925323 0.9860856184 0.9228447920 0.9104838270 0.9952288570 0.8834287397 0.8002476656 0.7753629505 0.8346641536 0.8466723217 0.3774874589 0.8400057904 0.2305989140 0.8991619134 0.7788574841 0.5188757668 0.9322180193 0.7933780996 0.8805747567 0.8787997481 0.9652909982 0.5212271595 0.8227884370 0.8156694245 0.6831040387 0.9623025909 0.7210891793 0.5472172141 0.9098924380 0.5888643964 0.8372903745 0.9867014738 0.8759660105 0.9770500587 0.4438492312 0.9385406550 0.8438965001 0.7109303804 0.7077847226 0.9725865618 0.5177116628 0.6614937901 0.6507487595 0.4361584536 0.6934417562 0.7288762192 0.9165836065 0.9277377263 0.7954609047 0.5512121490 0.9940286148 0.9016561683 0.9662471081 0.6085538612 0.8551442016 0.9463853097 0.6256344638 0.8708883000 0.5538017183 0.5686563454 0.8054887391 0.9895871724 0.6140025388 0.6497662680 0.8358850077 0.5259555534 0.8807648344 0.5393692001 0.4373612386 0.8955692864 0.9097980100 0.8043450081 0.9844572705
 0.3140903614 0.5000000000 0.8072255859 0.6159411636 0.6024849106 0.4752413716 0.7350287520 0.6714776879 0.9008358518 0.8703394628 0.7876449497 0.9877275776 0.7838854196 0.7862983808 0.8070728121 0.9980204648 0.9660515503 0.8729687363 0.8755352056 0.9708889369 0.5475613333 0.9181241631 0.7887004581 0.9994554926 0.9442000096 0.9940153016 0.9028208321 0.9862130169 0.4298065535 0.7836602835 0.8579929526 0.8357993297 0.4872665934 0.8706454104 0.9207468475 0.9902210835 0.5767231907 0.7202024506 0.3891899320 0.6417384784 0.1336929136 0.9538220867 0.8283388729 0.9913578826 0.6429082765 0.8784874140 0.5181215315 0.7508882404 0.5553683093 0.7643788694 0.5036220703 0.3365478233 0.8491172121 0.6176922078 0.9500688562 0.8075767371 0.7447101141 0.7726595879 0.8127563887 0.7669969309 0.7279614178 0.7527612514 0.7841570517 0.9514517249 0.7015774281 0.8800690759 0.8836357083 0.5883053663 0.8082876196 0.6939654627 0.5018322531 0.9157330245 0.9723538843 0.8493565536 0.3445518366 0.6085223066 0.8847127560 0.9849561652 0.9244403934 0.8029177148
 0.0070996118 0.1927744141 0.5000000000 0.9225404093 0.7420114574 0.9717793054 0.4880588502 0.4800757677 0.8766317513 0.8862448018 0.8941118960 0.9001066079 0.4550854218 0.8143865132 0.8024045237 0.6603407356 0.6020306391 0.8333695393 0.5222930808 0.9447960039 0.5073652021 0.8747379848 0.6141793535 0.8325322872 0.5937589431 0.8113624766 0.9933788572 0.9207916306 0.4332071410 0.6678277354 0.8365136155 0.8142739788 0.7099835979 0.9373743926 0.6200891132 0.7968804008 0.7627359029 0.6703465387 0.4156231026 0.7806586932 0.9253333352 0.3540609399 0.7578290679 0.7908169230 0.5605180000 0.8983776602 0.9762103379 0.7553138484 0.7789915169 0.7193734016 0.7016478557 0.5002872692 0.8179922987 0.6051246695 0.4105586768 0.9780208092 0.9123468898 0.4032353301 0.8530532394 0.5926132296 0.9462605766 0.8188809714 0.9277199457 0.8009048420 0.5773688934 0.8214017849 0.3813065276 0.8725428322 0.6248649523 0.9092094489 0.8744014305 0.6129053120 0.4053074735 0.9862575171 0.8647181326 0.8335639986 0.8324417904 0.4897078442 0.9794928597 0.4315859439
 0.2270343684 0.3840588364 0.0774595907 0.5000000000 0.6868459712 0.8488417606 0.9651578286 0.5008842037 0.9504693900 0.6072232329 0.9002040538 0.8143809052 0.8012731677 0.5330465629 0.9548833984 0.9396678137 0.5747294608 0.9559543376 0.9275724744 0.7168775545 0.5466959667 0.8742350367 0.7787003269 0.7736019107 0.5056421850 0.5342598243 0.9353455150 0.9767887383 0.9859113694 0.8334109303 0.8192756551 0.4353201065 0.6788180839 0.7999135727 0.6379243888 0.9807104644 0.7715046604 0.9319287810 0.9764354829 0.6787901199 0.3334535556 0.6126007550 0.4720846815 0.4879174861 0.9685824460 0.7074802345 0.9734715166 0.9264284587 0.6997257321 0.8571328259 0.9421684343 0.7142709552 0.8639298817 0.7851163049 0.6809471579 0.7892882876 0.9999782562 0.7680248375 0.7859975911 0.8087233688 0.9602685756 0.6296790398 0.3835607688 0.7703415495 0.9304271612 0.5194519179 0.9191280073 0.7398273040 0.6884848230 0.6679694141 0.8280985617 0.9852285962 0.6774228786 0.8656710253 0.8624960875 0.9378531480 0.7356636674 0.6337332642 0.4509831005 0.7449909107
 0.0712685164 0.3975150894 0.2579885426 0.3131540288 0.5000000000 0.7936399286 0.9415750758 0.7443484135 0.6271113000 0.9409335321 0.9261639221 0.5297556628 0.9328755565 0.9001956684 0.9460714372 0.6403408635 0.9290987581 0.8504780965 0.7210103736 0.9820120994 0.6659446689 0.7174406722 0.6848260881 0.6478334853 0.9963617674 0.9379962168 0.4929499933 0.9876568129 0.2847397556 0.7735619572 0.6365261182 0.3934334329 0.9817632532 0.8509643896 0.8733125484 0.4551798981 0.3853416710 0.7322783560 0.9663082762 0.9088609782 0.8322580321 0.6840736059 0.5138105805 0.9387816143 0.9438551267 0.4439040208 0.8706780441 0.6137730395 0.8818924174 0.9509325010 0.7216537661 0.9911460304 0.6463650474 0.6503213271 0.9424160004 0.3885442734 0.9907046425 0.9720676347 0.7948838378 0.8406724952 0.5298524711 0.8652320339 0.5959249401 0.4451694038 0.4722757766 0.9030578516 0.8983213904 0.8954475950 0.7149033499 0.7984145084 0.5696818820 0.8885040844 0.9819902368 0.6355147384 0.6678705616 0.4899674244 0.9189130733 0.4535266612 0.9676714954 0.6185461507
 0.0915108390 0.5247586284 0.0282206946 0.1511582394 0.2063600714 0.5000000000 0.8362910417 0.9183601297 0.9676841329 0.8296978637 0.6710110388 0.1289124383 0.9647908151 0.5891038742 0.4873250427 0.9458475905 0.7155988586 0.6901687267 0.7995604835 0.7810779454 0.6530431469 0.7546880784 0.6404071681 0.8766702137 0.5920197093 0.7304656724 0.6845962695 0.9795050757 0.7961961789 0.9305226655 0.7960667901 0.3192719051 0.6729187487 0.7720160091 0.8243117723 0.8914448039 0.3656595683 0.2915458628 0.7483587146 0.5336324177 0.6648445447 0.9614097976 0.9785181074 0.4002307071 0.8516017936 0.9799631796 0.6768666984 0.6684497161 0.4597105720 0.5502581504 0.6018657241 0.8102854237 0.7910994828 0.9707565621 0.7746129462 0.5564818962 0.9271933279 0.9412825359 0.9483453303 0.8567710515 0.5464903044 0.8142354424 0.9884455451 0.5900548310 0.8528986810 0.6803780087 0.9360579270 0.9047971065 0.8858890374 0.3219387392 0.6261798310 0.6020611956 0.5371469813 0.4584132670 0.8846890346 0.4841929305 0.9789001932 0.5167095883 0.6067584148 0.4126275339
 0.2797530559 0.2649712480 0.5119411498 0.0348421714 0.0584249242 0.1637089583 0.5000000000 0.6258461437 0.8414306024 0.9318704695 0.6807131671 0.6465121115 0.4556813092 0.9334781216 0.9811515234 0.8496559711 0.9341243586 0.8344130850 0.9341800388 0.9926643441 0.7603917709 0.9761703401 0.9912817418 0.7138550617 0.6513043690 0.9722383377 0.7203512707 0.9389506475 0.3494310136 0.7484742099 0.7151974289 0.9978364248 0.2475281195 0.7399239944 0.6308383087 0.3401377993 0.8764607524 0.6852197654 0.5113135315 0.9695348684 0.9821657958 0.8455253458 0.9198183299 0.9486289786 0.7660572930 0.9539644570 0.7208623394 0.9539032956 0.6273768209 0.5722785237 0.8450820752 0.9770597436 0.8382086372 0.6666185682 0.9748290100 0.2484109498 0.2934578031 0.3442065409 0.8150026920 0.8870576240 0.8937569563 0.9027094853 0.7098364722 0.3773531220 0.7788102510 0.9208064338 0.9204201244 0.9270874150 0.8863337878 0.7606391087 0.9717644536 0.5802968010 0.7709193487 0.9566358111 0.8413121764 0.5480717201 0.8350100984 0.8508352994 0.8232451778 0.6652482132
 0.7722074677 0.3285223121 0.5199242323 0.4991157963 0.2556515865 0.0816398703 0.3741538563 0.5000000000 0.8349916444 0.7604700414 0.9912151191 0.9270822564 0.8056478305 0.8925869102 0.7929057869 0.5585929080 0.4430356664 0.6998674513 0.8661851380 0.9479957690 0.8330159934 0.9627994307 0.8766796271 0.5833294917 0.6334916310 0.9635032403 0.9143215039 0.6256774591 0.3926707527 0.8389635563 0.7313167000 0.9914176484 0.9830868961 0.8739933370 0.9167411008 0.8167833761 0.6454394644 0.4827119120 0.6664759294 0.3784157865 0.7770487550 0.9652609348 0.4065594089 0.7279208495 0.8949052516 0.5208584098 0.4512620128 0.8694812005 0.8246580604 0.6591345018 0.3450205547 0.8414243862 0.4226870552 0.9700802350 0.4184801488 0.5331109595 0.6968162244 0.8732111806 0.7021638932 0.8381547784 0.9326338820 0.8386257348 0.3891515188 0.5673683223 0.6454100470 0.2637766141 0.8954735728 0.6177275500 0.6240692225 0.7903717944 0.6282698853 0.4895307583 0.4436862063 0.8927251920 0.5963576733 0.7869531619 0.5094304034 0.3613142828 0.8649139203 0.2151117531
 0.0139143816 0.0991641482 0.1233682487 0.0495306100 0.3728887000 0.0323158671 0.1585693976 0.1650083556 0.5000000000 0.8926466301 0.9892217969 0.7484733380 0.4243676306 0.8815498014 0.7665558504 0.9313815533 0.6699658250 0.8283634978 0.8853447062 0.4938312266 0.9288047518 0.6583650220 0.7873684592 0.5538923709 0.9854256218 0.9221023054 0.8177983449 0.3420412672 0.4673271432 0.3809162217 0.9674985579 0.8935689602 0.7180957349 0.9131435876 0.7443196317 0.9312322171 0.9772222753 0.8903439575 0.4687413843 0.8769070915 0.5049577822 0.9211964890 0.6170039409 0.2810605523 0.9902574618 0.8816471150 0.9321736937 0.6217256587 0.9104362255 0.9316216561 0.4769914555 0.6569602027 0.7272193096 0.5683245483 0.3610603109 0.7444754332 0.8612133287 0.7203081526 0.6200002614 0.9550009758 0.9864862452 0.3957473374 0.6402911243 0.9134711879 0.7762616047 0.2871158121 0.8402168244 0.7967708105 0.8226106869 0.4404464903 0.8008453962 0.7597310841 0.8888826240 0.8397229974 0.7844927640 0.9519927257 0.8606510948 0.3286255195 0.9194657786 0.9395355399
 0.0771552080 0.1296605372 0.1137551982 0.3927767671 0.0590664679 0.1703021363 0.0681295305 0.2395299586 0.1073533699 0.5000000000 0.8822700570 0.6918362185 0.9512983718 0.4177420563 0.7723210866 0.7179966365 0.8788343230 0.9115432422 0.5552166826 0.6310441246 0.8266000139 0.6951851862 0.9234491461 0.7252506478 0.9083353486 0.8548905500 0.5230976233 0.4944376039 0.9096482534 0.6214250336 0.9376016071 0.9742106579 0.7007676774 0.5088300765 0.5407146475 0.6630484059 0.8658358366 0.5134881072 0.7954211916 0.6812305364 0.2997197031 0.8353378014 0.4499664608 0.9940421369 0.9430915625 0.9887937733 0.4804366725 0.6358532706 0.9682443692 0.6619298899 0.8320616965 0.7298417816 0.6322017488 0.6892446354 0.8644300446 0.5593445371 0.8224313793 0.5133549333 0.8799707936 0.9222119708 0.4863605413 0.9144873278 0.5691406197 0.7633873882 0.7637943878 0.3996861665 0.9263474730 0.9948745266 0.5434598483 0.7985301342 0.9251287385 0.8771904612 0.9413177196 0.8318495397 0.9047594835 0.9145951069 0.9489519844 0.7055858836 0.8487221393 0.5585001944
 0.0895161730 0.2123550503 0.1058881040 0.0997959462 0.0738360779 0.3289889612 0.3192868329 0.0087848809 0.0107782031 0.1177299430 0.5000000000 0.5549196138 0.4348299979 0.6043670981 0.7016366952 0.9376902056 0.4377088132 0.5097916145 0.2837837993 0.4279052999 0.9518913677 0.2940773947 0.7291030247 0.8327425725 0.9613177704 0.3349481185 0.6702154241 0.5880644919 0.9350681076 0.1155012173 0.9165995766 0.8764842451 0.9686594120 0.9372197980 0.8790595710 0.7086100483 0.6394312469 0.8985231170 0.1707996607 0.9526733421 0.9721320088 0.6075065751 0.7052546401 0.8758946314 0.6485692806 0.8155003091 0.7787183160 0.7496380683 0.8010355351 0.4244920669 0.8241778722 0.7430136895 0.4621326725 0.8565726937 0.4854329319 0.8396125677 0.7549395971 0.5128093545 0.7961076053 0.8933039689 0.9454252246 0.9572948887 0.8102794272 0.7533666679 0.9541600127 0.6637585282 0.6083583708 0.8048736717 0.7538761438 0.1766085916 0.8701561991 0.7227832621 0.6087482361 0.6495369870 0.8938769027 0.6905240683 0.8537380010 0.8496171429 0.6435518580 0.7837594451
 0.0047711430 0.0122724224 0.0998933921 0.1856190948 0.4702443372 0.8710875617 0.3534878885 0.0729177436 0.2515266620 0.3081637815 0.4450803862 0.5000000000 0.3155323142 0.4672177511 0.8907744561 0.8844864221 0.4648276785 0.9317589422 0.3920704007 0.8755546499 0.9700243011 0.7934716801 0.5656187891 0.9077258300 0.9986391899 0.5698398152 0.9453025885 0.6378422809 0.6835125780 0.5803059039 0.5634725836 0.3736737725 0.9293194649 0.9410105581 0.9801472321 0.7331575582 0.8546635105 0.9566826726 0.8017829585 0.9338409584 0.4349111771 0.6496162746 0.4180590786 0.4568919397 0.4445605582 0.9913511400 0.8500368592 0.9221078958 0.9649138904 0.8416270147 0.7816880957 0.4001126300 0.7796579492 0.7835720873 0.8555876305 0.3874293258 0.6619061982 0.4756939696 0.5940705498 0.8821780692 0.7409674725 0.9703755355 0.9820257601 0.8528977331 0.5809391490 0.6609741710 0.4635536321 0.9282049186 0.6112258620 0.5059073024 0.5063497763 0.7439163223 0.9252173908 0.5923360226 0.1940426271 0.7926887050 0.3169071676 0.8232965966 0.7623782092 0.7873455787
 0.1165712603 0.2161145804 0.5449145782 0.1987268323 0.0671244435 0.0352091849 0.5443186908 0.1943521695 0.5756323694 0.0487016282 0.5651700021 0.6844676858 0.5000000000 0.5602690685 0.8355058988 0.7534007739 0.5380174186 0.9479966977 0.6579045099 0.3815782646 0.6164151494 0.9165991749 0.8309230579 0.9013060022 0.8230268452 0.4309616455 0.8432010949 0.7486879534 0.9200684504 0.7617052848 0.9872585404 0.8601180209 0.8241236612 0.7619685238 0.8943020427 0.9968220722 0.3614270819 0.9397677391 0.8065068059 0.6275324541 0.5250065329 0.7076626475 0.4684997068 0.6347572687 0.8454078140 0.5627669252 0.9414515399 0.6577459179 0.4650429687 0.9048451981 0.7495025970 0.8062064182 0.7537458778 0.6540999000 0.9620232920 0.6800133680 0.5740028737 0.9310071123 0.5962438518 0.9540813810 0.9052397089 0.8216472401 0.7079659091 0.9137171070 0.8449739826 0.8422646724 0.9879080577 0.5265784988 0.8879387992 0.8877686566 0.6790683395 0.8776801388 0.5502316095 0.6772883841 0.7643206777 0.7235084294 0.4096741393 0.8169136425 0.9353612691 0.8316586584
 0.1997523344 0.2137016192 0.1856134868 0.4669534371 0.0998043316 0.4108961258 0.0665218784 0.1074130898 0.1184501986 0.5822579437 0.3956329019 0.5327822489 0.4397309315 0.5000000000 0.8095212224 0.6719151217 0.8568165696 0.4967275141 0.9254843778 0.3740744494 0.7390985760 0.6764594127 0.8433433237 0.9556345422 0.3481873794 0.4564104132 0.4881224091 0.9378397022 0.5215483774 0.8999504196 0.8294820074 0.4654220892 0.9720305952 0.6422164868 0.9110070617 0.8562557733 0.9552231444 0.5242376977 0.4529826217 0.7329140400 0.5818185466 0.5051902839 0.3424198281 0.8651031736 0.4874937508 0.6969721307 0.7746554510 0.8198509228 0.9397372678 0.9433967063 0.9681506986 0.4596093681 0.7959671305 0.9809671327 0.4860684646 0.9356906066 0.5477681833 0.7454570485 0.9809087765 0.7812162995 0.7272477348 0.9325705882 0.6743552334 0.6703339773 0.9310581280 0.8929505268 0.8557382338 0.8339541153 0.9435654560 0.8157630719 0.9747020630 0.9053659770 0.8021890286 0.9829011145 0.7505521808 0.4259873150 0.5821384409 0.6255918216 0.9184540661 0.8994280916
 0.2246370495 0.1929271879 0.1975954763 0.0451166016 0.0539285628 0.5126749573 0.0188484766 0.2070942131 0.2334441496 0.2276789134 0.2983633048 0.1092255439 0.1644941012 0.1904787776 0.5000000000 0.7289994925 0.3830794417 0.6346146767 0.7653472604 0.7939855967 0.6091171102 0.9239305733 0.9170901683 0.7397102357 0.7115711846 0.6007244888 0.9605620687 0.7391868227 0.8519699599 0.7085202832 0.7966057297 0.9812687035 0.6003594153 0.8548021424 0.7849345836 0.7794185368 0.8564442654 0.4932381336 0.9632156873 0.8946558219 0.7105164333 0.7428898900 0.8798643686 0.6597143519 0.8895894794 0.4796378961 0.5647958159 0.6096739291 0.8079781775 0.6266394387 0.9196033932 0.9485295337 0.7861493730 0.8656566263 0.9540119094 0.6967713219 0.9759432730 0.7504738622 0.9863550497 0.6253829078 0.7511627177 0.9103101028 0.5193312915 0.9037619260 0.9920463425 0.8201476647 0.8926894166 0.6610877740 0.6426244448 0.9768490352 0.5498490391 0.2719844286 0.8906720292 0.7343194586 0.6615993259 0.4514233326 0.9016560022 0.3928172018 0.5840292807 0.9870745271
 0.1653358464 0.0019795352 0.3396592644 0.0603321863 0.3596591365 0.0541524095 0.1503440289 0.4414070920 0.0686184467 0.2820033635 0.0623097944 0.1155135779 0.2465992261 0.3280848783 0.2710005075 0.5000000000 0.3703553481 0.6534020252 0.8678609704 0.4214749919 0.9093834472 0.8515847136 0.7308132387 0.8834017890 0.4858003120 0.8812499136 0.9527916893 0.7117121580 0.9501592492 0.8183479056 0.8945226813 0.7985963368 0.8802947157 0.9058156564 0.6172880980 0.9875063308 0.8918805542 0.3810393571 0.8557777169 0.6392633207 0.9476050647 0.3825255143 0.9496947820 0.9554698650 0.6191227678 0.9699569440 0.4240834893 0.4558355483 0.7636760407 0.8609577193 0.9906010000 0.9970013022 0.7033552263 0.5282710810 0.6673215636 0.9011262162 0.8997995471 0.9546417167 0.5262042293 0.4919397131 0.7572726048 0.9630215176 0.8523601926 0.6135697193 0.4253107085 0.8702070605 0.9470941772 0.9436729153 0.5031994142 0.6612214555 0.8065854134 0.9103728248 0.7032892918 0.3535107735 0.9320226239 0.9841169343 0.3643206444 0.8874443027 0.8570013678 0.9572565917
 0.1533276783 0.0339484497 0.3979693609 0.4252705392 0.0709012419 0.2844011414 0.0658756414 0.5569643336 0.3300341750 0.1211656770 0.5622911868 0.5351723215 0.4619825814 0.1431834304 0.6169205583 0.6296446519 0.5000000000 0.9563556475 0.8443830213 0.9747244824 0.4269549629 0.9571413557 0.5320119438 0.4930219961 0.6585815982 0.6594362568 0.9841239818 0.7099138910 0.9350479969 0.9144583674 0.7799609805 0.8197642080 0.7681202583 0.7961742860 0.5627479518 0.6819564555 0.9568383590 0.7186274425 0.9775076897 0.7956751981 0.3338903199 0.9233792914 0.6848972900 0.8778517920 0.7321897763 0.9338039687 0.7912831229 0.7612538592 0.9255418964 0.6579626319 0.9574718469 0.6897118586 0.9632131018 0.7563100550 0.7466682278 0.5200794681 0.1874125066 0.8060933920 0.8773445792 0.3543340865 0.9959224837 0.8860102943 0.7305209140 0.5625011234 0.6119853040 0.7052894197 0.9090513518 0.5953896163 0.8930088936 0.8079629671 0.8586676647 0.9507045993 0.7423843730 0.6948579383 0.7131315899 0.5030837996 0.8440155591 0.8828695129 0.8835358499 0.6811848763
 0.6225125411 0.1270312637 0.1666304607 0.0440456624 0.1495219035 0.3098312733 0.1655869150 0.3001325487 0.1716365022 0.0884567578 0.4902083855 0.0682410578 0.0520033023 0.5032724859 0.3653853233 0.3465979748 0.0436443525 0.5000000000 0.9358066332 0.9291398117 0.5846464171 0.8526621630 0.7455952701 0.8904537632 0.9354261186 0.2961490101 0.9412192783 0.9354347373 0.7951407333 0.7447564064 0.7222430374 0.5056013361 0.8644404927 0.4265756180 0.6707579747 0.7978096741 0.6600448282 0.9802293053 0.9437426719 0.8380109712 0.5491870991 0.8492352162 0.8217865774 0.3743334089 0.6299939406 0.6128659603 0.9938101367 0.3104148313 0.9142584516 0.6027880241 0.6583481396 0.6838931495 0.5426666350 0.7018052564 0.8779260369 0.9918012506 0.5548428541 0.9587165263 0.9560254159 0.5724445020 0.7063423393 0.9381313909 0.5974801473 0.2627034359 0.8709003599 0.8065745901 0.9630256992 0.7323348481 0.5976833682 0.9617349951 0.2450445134 0.5177428554 0.6592169497 0.3224994780 0.7252899507 0.9684732772 0.9513888064 0.9263712048 0.7207024439 0.8869986975
 0.1599942096 0.1244647944 0.4777069192 0.0724275256 0.2789896264 0.2004395165 0.0658199612 0.1338148620 0.1146552938 0.4447833174 0.7162162007 0.6079295993 0.3420954901 0.0745156222 0.2346527396 0.1321390296 0.1556169787 0.0641933668 0.5000000000 0.9931861423 0.6260115845 0.9829561968 0.9164801952 0.8728718584 0.7689815603 0.9919878339 0.8187623818 0.7517230564 0.6435098224 0.9456751032 0.6923606934 0.6859887075 0.9984876732 0.9581090009 0.8280538862 0.9380107035 0.8904898974 0.7008361312 0.4245342760 0.4061786327 0.8619558358 0.1431931247 0.9450550679 0.7598925027 0.8542547699 0.9835832259 0.7875273654 0.7649007037 0.9113750647 0.8347698858 0.9159451363 0.9982962259 0.5258504731 0.9851982657 0.9713085862 0.8710671339 0.8405556748 0.8420626499 0.7600511436 0.9065081064 0.9751875090 0.9513039340 0.7178671622 0.7930112356 0.8955108737 0.9326614014 0.5147289272 0.4005093678 0.9584976975 0.5915012560 0.7699198941 0.7324322773 0.9700278133 0.7642889196 0.9767579086 0.9810385415 0.4125915719 0.6001554242 0.9962839491 0.9824802479
 0.7694010860 0.0291110631 0.0552039961 0.2831224455 0.0179879006 0.2189220546 0.0073356559 0.0520042310 0.5061687734 0.3689558754 0.5720947001 0.1244453501 0.6184217354 0.6259255506 0.2060144033 0.5785250081 0.0252755176 0.0708601883 0.0068138577 0.5000000000 0.7699572693 0.6906693780 0.5631561025 0.9397337155 0.1907245622 0.5632979168 0.2677110048 0.7307051257 0.7488469576 0.8570453542 0.9024393093 0.3976181895 0.5987110069 0.4989923075 0.8082314368 0.8621252275 0.4567236427 0.9043444574 0.7935789480 0.8176487545 0.7787517012 0.7051371540 0.7682220776 0.7438702230 0.9862776390 0.8230515585 0.9150919758 0.8446920726 0.8329949388 0.5332422122 0.9896174161 0.5852179400 0.2143255867 0.6079141324 0.7931809971 0.7790970592 0.8186085580 0.6033295784 0.8070776765 0.8285768157 0.9636598255 0.9611703421 0.7547272757 0.6365664844 0.8443520956 0.5682526639 0.4438314781 0.8707116097 0.4343654754 0.9708566452 0.7660363968 0.9597576513 0.7001860858 0.9209680907 0.8284514490 0.5041422234 0.6339025379 0.7476364954 0.7419933209 0.8887925801
 0.1008380866 0.4524386667 0.4926347979 0.4533040333 0.3340553311 0.3469568531 0.2396082291 0.1669840066 0.0711952482 0.1733999861 0.0481086323 0.0299756989 0.3835848506 0.2609014240 0.3908828898 0.0906165528 0.5730450371 0.4153535829 0.3739884155 0.2300427307 0.5000000000 0.7304347160 0.9716165483 0.5625864916 0.9366438691 0.8556473412 0.9698857689 0.7888231479 0.7570176080 0.6618927563 0.6312753918 0.4727901150 0.5670608467 0.8142091663 0.4510883646 0.6693276347 0.8515432137 0.9647741347 0.5956798064 0.8307881046 0.7033902799 0.7604020682 0.1395081648 0.9150038225 0.7501518617 0.7494166644 0.3848084808 0.6060329404 0.9379129903 0.4336704672 0.7309227694 0.8091331927 0.9687700870 0.9604205652 0.7139415242 0.9982329620 0.9907229368 0.6775796416 0.6995814025 0.9367132489 0.7526944031 0.7145739854 0.9676223510 0.9402173755 0.8980437134 0.7445817248 0.1900532437 0.7945835976 0.9343117002 0.9358856311 0.5756259987 0.7658329144 0.9987154128 0.8917662949 0.8153232565 0.5766672158 0.2148201649 0.7763351840 0.6656505674 0.7347684293
 0.2211425159 0.0818758369 0.1252620152 0.1257649633 0.2825593278 0.2453119216 0.0238296599 0.0372005693 0.3416349780 0.3048148138 0.7059226053 0.2065283199 0.0834008251 0.3235405873 0.0760694267 0.1484152864 0.0428586443 0.1473378370 0.0170438032 0.3093306220 0.2695652840 0.5000000000 0.7777522541 0.9806266434 0.9071334520 0.8948857816 0.8058772616 0.6824053924 0.9473042563 0.9371784870 0.7951193764 0.8535126530 0.8310957420 0.6419372835 0.7933809966 0.9423386627 0.9241279806 0.9604329898 0.6703665614 0.6224285083 0.7918450397 0.8888869501 0.6689388952 0.7552378196 0.7797680479 0.8627591822 0.8041350354 0.7579261653 0.6776996690 0.4596907393 0.3426402092 0.3330353338 0.8805552700 0.8727501495 0.7211534980 0.6068532122 0.5736200356 0.8578129902 0.8310845955 0.2461848891 0.8271880989 0.9846503760 0.6203405895 0.9509363874 0.8147509102 0.2524469511 0.9592697734 0.6979442843 0.7201193837 0.7267098902 0.9397278227 0.9270707928 0.7554920334 0.7075918256 0.7962442090 0.9861715498 0.6223055307 0.5958236974 0.9216193723 0.9693391711
 0.4811242332 0.2112995419 0.3858206465 0.2212996731 0.3151739119 0.3595928319 0.0087182582 0.1233203729 0.2126315408 0.0765508539 0.2708969753 0.4343812109 0.1690769421 0.1566566763 0.0829098317 0.2691867613 0.4679880562 0.2544047299 0.0835198048 0.4368438975 0.0283834517 0.2222477459 0.5000000000 0.8372811818 0.4274163468 0.9864246245 0.9653768174 0.5182183126 0.8013371481 0.9318074680 0.5789676179 0.4054422017 0.6953989865 0.9368128052 0.9420670454 0.7916438588 0.8051733911 0.5337845779 0.8891039265 0.4202812656 0.8213365177 0.4777254788 0.9342316137 0.8590041559 0.6219767149 0.7239583686 0.5977189171 0.6638640665 0.4463084105 0.9772281556 0.9125467180 0.3469053706 0.9791617239 0.3598715880 0.8722461291 0.7236987572 0.4332145988 0.7819596688 0.9483910787 0.4382116964 0.5137201602 0.9110692354 0.7792095395 0.9837763935 0.6116800869 0.6886286754 0.7891316657 0.6182626931 0.3563368010 0.7771917667 0.6576678819 0.9616186303 0.9266782382 0.8909591051 0.9685454883 0.5340878136 0.6629741169 0.6685508270 0.5068402994 0.4620175597
 0.0677819807 0.0005445074 0.1674677128 0.2263980893 0.3521665147 0.1233297863 0.2861449383 0.4166705083 0.4461076291 0.2747493522 0.1672574275 0.0922741700 0.0986939978 0.0443654578 0.2602897643 0.1165982110 0.5069780039 0.1095462368 0.1271281416 0.0602662845 0.4374135084 0.0193733566 0.1627188182 0.5000000000 0.5378293867 0.6738020435 0.6568630382 0.5198901801 0.8738022172 0.6459361785 0.8955429920 0.9489461982 0.4428730735 0.7557880317 0.8078946618 0.6388288953 0.9065219537 0.9297373895 0.7029405315 0.5851356111 0.7198076708 0.9367224817 0.9976024678 0.5543187556 0.6410959856 0.8836259743 0.8034952748 0.5350769238 0.9451455264 0.4189994403 0.6499983657 0.7260580436 0.7861960424 0.6031832854 0.7196690432 0.9887387841 0.9134239750 0.7129165391 0.9043153189 0.8046384612 0.9189655358 0.7207918450 0.9519836665 0.8764784411 0.6282174664 0.5416732928 0.8672865110 0.7620487890 0.9569922164 0.6851245792 0.9697695144 0.9820540153 0.7419593495 0.9664683928 0.7465307985 0.5587297382 0.7907058740 0.3150018460 0.7474736035 0.9812025165
 0.2066219004 0.0557999904 0.4062410569 0.4943578150 0.0036382326 0.4079802907 0.3486956310 0.3665083690 0.0145743782 0.0916646514 0.0386822296 0.0013608101 0.1769731548 0.6518126206 0.2884288154 0.5141996880 0.3414184018 0.0645738814 0.2310184397 0.8092754378 0.0633561309 0.0928665480 0.5725836532 0.4621706133 0.5000000000 0.7284693011 0.8259006227 0.8227254410 0.9571410672 0.3679901133 0.8661632008 0.8821093672 0.6840559497 0.8636932111 0.9375478229 0.1378834022 0.8420405114 0.7455796363 0.9526763841 0.6847263712 0.9534239930 0.9567003052 0.9669977611 0.9598235506 0.8540882104 0.8856298385 0.9413253865 0.7788023960 0.8976807889 0.2202504638 0.9357712699 0.4726566926 0.9989249732 0.9879333205 0.3173457383 0.7459701624 0.5472023102 0.7162825514 0.8397459499 0.7691042762 0.9591983621 0.9109605248 0.9838184677 0.5101861852 0.9649132744 0.4764660609 0.4553734846 0.7822262017 0.9705816172 0.9800856174 0.4754680934 0.6626890290 0.9785849264 0.9667423604 0.8578699420 0.8673857166 0.7538119000 0.9704678878 0.7492842659 0.8770490247
 0.1194252433 0.0059846984 0.1886375234 0.4657401757 0.0620037832 0.2695343276 0.0277616623 0.0364967597 0.0778976946 0.1451094500 0.6650518815 0.4301601848 0.5690383545 0.5435895868 0.3992755112 0.1187500864 0.3405637432 0.7038509899 0.0080121661 0.4367020832 0.1443526588 0.1051142184 0.0135753755 0.3261979565 0.2715306989 0.5000000000 0.5376775476 0.8919201783 0.8677835634 0.9976196656 0.5518822373 0.5359258321 0.6919487185 0.8929129414 0.8234238939 0.8993808696 0.2734234308 0.4850027779 0.9024371664 0.8890253165 0.8393918076 0.9093810624 0.9281818351 0.5614841876 0.9034988163 0.5921121140 0.6949035985 0.4530661028 0.8722750996 0.8005753848 0.3260259435 0.8760764276 0.5086627138 0.7568956981 0.5816897941 0.9760032925 0.6945836915 0.9207444227 0.8800185427 0.8527838109 0.8164228080 0.9108730300 0.7730813778 0.7481088878 0.7850317465 0.6888354996 0.7060718537 0.4072914265 0.3631897024 0.7951369631 0.5417179698 0.5751946858 0.8191841476 0.5486352170 0.9345077587 0.9989658703 0.7270728699 0.8744951623 0.8004673787 0.7946618746
 0.1212002519 0.0971791679 0.0066211428 0.0646544850 0.5070500067 0.3154037305 0.2796487293 0.0856784961 0.1822016551 0.4769023767 0.3297845759 0.0546974115 0.1567989051 0.5118775909 0.0394379313 0.0472083107 0.0158760182 0.0587807217 0.1812376182 0.7322889952 0.0301142311 0.1941227384 0.0346231826 0.3431369618 0.1740993773 0.4623224524 0.5000000000 0.7264894348 0.9970370483 0.8981016133 0.8333021840 0.6624556463 0.5575192252 0.9693177797 0.6233769014 0.9230866954 0.9331772066 0.7019363226 0.8051296647 0.8901426665 0.9826407917 0.9928234927 0.9493691840 0.8616639940 0.7043407663 0.9292888477 0.7801588339 0.9507066835 0.6280429490 0.4384629168 0.9835865807 0.5249536097 0.7859805903 0.9128442567 0.7957526839 0.6749775240 0.7603186946 0.4235637208 0.8631455897 0.7464330296 0.9985556810 0.9578378825 0.8747863421 0.9118544309 0.7685289268 0.9960775620 0.5616780198 0.6020404694 0.8631011003 0.9759458702 0.9517294930 0.6683914193 0.8391084810 0.6836533110 0.7318763311 0.5284987685 0.7921824530 0.7667035599 0.9128746950 0.8818777353
 0.0347090018 0.0137869831 0.0792083694 0.0232112617 0.0123431871 0.0204949243 0.0610493525 0.3743225409 0.6579587328 0.5055623961 0.4119355081 0.3621577191 0.2513120466 0.0621602978 0.2608131773 0.2882878420 0.2900861090 0.0645652627 0.2482769436 0.2692948743 0.2111768521 0.3175946076 0.4817816874 0.4801098199 0.1772745590 0.1080798217 0.2735105652 0.5000000000 0.9534491136 0.6106012160 0.9333465289 0.2195611083 0.5925413082 0.9575410891 0.8092955023 0.7769211479 0.8316199260 0.8759156792 0.9616458997 0.9262452188 0.9875526766 0.9927137117 0.7194165608 0.6589480123 0.8131401174 0.9249635991 0.4644034994 0.7856358282 0.7304113149 0.9670367392 0.8231823163 0.8978706806 0.8875701150 0.9026512391 0.9504135858 0.6684498737 0.8027932992 0.8948576872 0.7884588828 0.9148101916 0.8160320086 0.5696239127 0.9678042006 0.3363184928 0.5727819722 0.9597973563 0.8351159318 0.8899712932 0.7723326883 0.4201480913 0.8441445199 0.5352560806 0.5030460217 0.3747569613 0.9831896818 0.8688186272 0.5500129360 0.7367314320 0.5698758847 0.4531473474
 0.4787728405 0.5701934465 0.5667928590 0.0140886306 0.7152602444 0.2038038211 0.6505689864 0.6073292473 0.5326728568 0.0903517466 0.0649318924 0.3164874220 0.0799315496 0.4784516226 0.1480300401 0.0498407508 0.0649520031 0.2048592667 0.3564901776 0.2511530424 0.2429823920 0.0526957437 0.1986628519 0.1261977828 0.0428589328 0.1322164366 0.0029629517 0.0465508864 0.5000000000 0.6579432888 0.9234102402 0.6694694553 0.9108332614 0.1808381010 0.6065375654 0.2626571184 0.9795349015 0.9846262435 0.5328299028 0.8920551461 0.5478494292 0.9385116094 0.7289443290 0.9498476615 0.7383460877 0.5767655063 0.9687534150 0.4951322121 0.7845863417 0.4595722852 0.8960334740 0.3737930077 0.5463185754 0.6532288522 0.8288620717 0.9369531543 0.7582462642 0.9969962628 0.5049584209 0.6796023151 0.9309165403 0.9118901295 0.9305415002 0.5507503682 0.3643175713 0.9483307747 0.6379716741 0.8615595353 0.5673126569 0.7961500119 0.8841928590 0.5041657066 0.3220572284 0.6778378498 0.8230232865 0.9718834351 0.9013464109 0.5105437204 0.4602520293 0.7179524451
 0.1772115630 0.2163397165 0.3321722646 0.1665890697 0.2264380428 0.0694773345 0.2515257901 0.1610364437 0.6190837783 0.3785749664 0.8844987827 0.4196940961 0.2382947152 0.1000495804 0.2914797168 0.1816520944 0.0855416326 0.2552435936 0.0543248968 0.1429546458 0.3381072437 0.0628215130 0.0681925320 0.3540638215 0.6320098867 0.0023803344 0.1018983867 0.3893987840 0.3420567112 0.5000000000 0.2648395067 0.9321034801 0.9549554572 0.8303328654 0.7840703907 0.9320933523 0.4143456975 0.9157573548 0.8388430299 0.5773462675 0.7852473252 0.7747784676 0.7475550569 0.7226453223 0.3497417799 0.9228991146 0.7191280360 0.7259853329 0.9440735810 0.9542958394 0.8272103811 0.9934862198 0.4067670573 0.6634929109 0.9046588888 0.6562141940 0.6202257344 0.7664600403 0.8829675001 0.9693954229 0.8482074279 0.8871558818 0.7949601508 0.9599471731 0.7827875442 0.8451252224 0.9668108374 0.1481979321 0.5526191087 0.8293580416 0.8505222731 0.8039954378 0.9242900455 0.6214787999 0.7332944991 0.9302704477 0.9824383617 0.8521981141 0.5127093171 0.9941610882
 0.1843305755 0.1420070474 0.1634863845 0.1807243449 0.3634738818 0.2039332099 0.2848025711 0.2686833000 0.0325014421 0.0623983929 0.0834004234 0.4365274164 0.0127414596 0.1705179926 0.2033942703 0.1054773187 0.2200390195 0.2777569626 0.3076393066 0.0975606907 0.3687246082 0.2048806236 0.4210323821 0.1044570080 0.1338367992 0.4481177627 0.1666978160 0.0666534711 0.0765897598 0.7351604933 0.5000000000 0.9942285316 0.8190245356 0.8028310630 0.8277527734 0.7658880008 0.6907303781 0.4591199950 0.3543413814 0.7914637949 0.7316436907 0.8490747222 0.6732481684 0.2676276892 0.6861648857 0.9917480687 0.7656154684 0.7171383454 0.4694511251 0.4735445771 0.5328889736 0.6980452683 0.8642603420 0.9643725549 0.8042788417 0.9650149938 0.8179815658 0.4636882678 0.9647634946 0.9935650394 0.4910275957 0.6522101959 0.7055294902 0.8345970165 0.6439861680 0.4701624179 0.7537648338 0.5073586546 0.8879606605 0.9263963367 0.9577590355 0.7289914534 0.1998819670 0.4236255168 0.4466463556 0.5116959241 0.7016177128 0.7153784267 0.8985756585 0.9345093897
 0.3168959613 0.1642006703 0.1857260212 0.5646798935 0.6065665671 0.6807280949 0.0021635752 0.0085823516 0.1064310398 0.0257893421 0.1235157549 0.6263262275 0.1398819791 0.5345779108 0.0187312965 0.2014036632 0.1802357920 0.4943986639 0.3140112925 0.6023818105 0.5272098850 0.1464873470 0.5945577983 0.0510538018 0.1178906328 0.4640741679 0.3375443537 0.7804388917 0.3305305447 0.0678965199 0.0057714684 0.5000000000 0.9058387766 0.7262080727 0.7629893090 0.8598043520 0.7298798324 0.5351287168 0.9754911675 0.5473291293 0.5495857638 0.8174054503 0.9007847486 0.8569593239 0.5169192809 0.8640233203 0.6711638310 0.4739811352 0.7284925197 0.9133022361 0.7541463369 0.6533614966 0.9587398197 0.9791558698 0.9486656883 0.7493244858 0.7079620405 0.5931963490 0.2753180431 0.7351259207 0.6997022155 0.8424290272 0.9880799331 0.9188723979 0.7017750487 0.4976283385 0.9843078695 0.9977005710 0.6176095243 0.6666377271 0.7560089575 0.9658349108 0.7805477169 0.7427920254 0.9899160537 0.9452595464 0.9482985837 0.9300652206 0.8071207591 0.9567029991
 0.0376974091 0.5127334066 0.2900164021 0.3211819161 0.0182367468 0.3270812513 0.7524718805 0.0169131039 0.2819042651 0.2992323226 0.0313405880 0.0706805351 0.1758763388 0.0279694048 0.3996405847 0.1197052843 0.2318797417 0.1355595073 0.0015123268 0.4012889931 0.4329391533 0.1689042580 0.3046010135 0.5571269265 0.3159440503 0.3080512815 0.4424807748 0.4074586918 0.0891667386 0.0450445428 0.1809754644 0.0941612234 0.5000000000 0.9327095672 0.6973460167 0.5774948888 0.8667751607 0.7862510926 0.7623416703 0.5125267448 0.8443319461 0.7271953301 0.9551563830 0.5393108824 0.9095410086 0.5469411058 0.7866015722 0.9433963145 0.9636414018 0.7770992582 0.6146160852 0.9859983958 0.6110815005 0.9311235004 0.9790115128 0.6595437456 0.8672139061 0.6111154464 0.9402515908 0.7802925346 0.8294216233 0.9475336450 0.7220164849 0.9498971049 0.3362165988 0.9481499104 0.8557806878 0.8054972505 0.9161539603 0.7875795367 0.9510751709 0.3873724767 0.3548341064 0.3607857311 0.8779245762 0.8328864483 0.9577729754 0.6064744554 0.5661534184 0.7692330555
 0.2789108207 0.1293545896 0.0626256074 0.2000864273 0.1490356104 0.2279839909 0.2600760056 0.1260066630 0.0868564124 0.4911699235 0.0627802020 0.0589894419 0.2380314762 0.3577835132 0.1451978576 0.0941843436 0.2038257140 0.5734243820 0.0418909991 0.5010076925 0.1857908337 0.3580627165 0.0631871948 0.2442119683 0.1363067889 0.1070870586 0.0306822203 0.0424589109 0.8191618990 0.1696671346 0.1971689370 0.2737919273 0.0672904328 0.5000000000 0.7299904826 0.7733186393 0.8178082286 0.7210096788 0.8174804916 0.8610527749 0.9388086564 0.7624229908 0.7663676851 0.8231901354 0.3763285039 0.0640598511 0.8362659646 0.6692513609 0.8464683766 0.9556856453 0.8790769786 0.8806758849 0.7186524923 0.9223039012 0.7615711376 0.8093456555 0.8239123598 0.4727742515 0.1954106802 0.9337561997 0.4877770705 0.8476445717 0.2196169366 0.7252897556 0.6429552114 0.7238964038 0.6007024609 0.9550983722 0.9616140505 0.7309425626 0.5683484213 0.8519065230 0.9341045651 0.7541159722 0.6332064778 0.6016965252 0.8083124933 0.7800966649 0.9587501629 0.8208059951
 0.4527827859 0.0792531525 0.3799108868 0.3620756112 0.1266874516 0.1756882277 0.3691616913 0.0832588992 0.2556803683 0.4592853525 0.1209404290 0.0198527679 0.1056979573 0.0889929383 0.2150654164 0.3827119020 0.4372520482 0.3292420253 0.1719461138 0.1917685632 0.5489116354 0.2066190034 0.0579329546 0.1921053382 0.0624521771 0.1765761061 0.3766230986 0.1907044977 0.3934624346 0.2159296093 0.1722472266 0.2370106910 0.3026539833 0.2700095174 0.5000000000 0.7503884741 0.7950974433 0.9738455715 0.8889240593 0.9732810172 0.9528308903 0.8717742823 0.9176160255 0.5127636080 0.8651870255 0.7820629964 0.4942302244 0.5315659580 0.7652664352 0.6169798241 0.4860286821 0.4871711828 0.8639502634 0.7184035966 0.6475715363 0.9436107174 0.8141142415 0.9047356462 0.9813897304 0.9511933291 0.9924490773 0.7877161198 0.5283428932 0.9185812621 0.7425265259 0.8683741343 0.7179410503 0.9805549710 0.7660103994 0.9155584638 0.8810588309 0.5178299949 0.7898230632 0.9030890654 0.6490063187 0.4167585006 0.7510196148 0.5764470241 0.9361167881 0.7961309181
 0.0901075620 0.0097789165 0.2031195992 0.0192895356 0.5448201019 0.1085551961 0.6598622007 0.1832166239 0.0687677829 0.3369515941 0.2913899517 0.2668424418 0.0031779278 0.1437442267 0.2205814632 0.0124936692 0.3180435445 0.2021903259 0.0619892965 0.1378747725 0.3306723653 0.0576613373 0.2083561412 0.3611711047 0.8621165978 0.1006191304 0.0769133046 0.2230788521 0.7373428816 0.0679066477 0.2341119992 0.1401956480 0.4225051112 0.2266813607 0.2496115259 0.5000000000 0.9766359790 0.9346534400 0.7144830252 0.8221759824 0.9152531263 0.9832266398 0.8940979611 0.8684954652 0.8347811602 0.9435812114 0.8616568823 0.7332151441 0.7510369361 0.8293706549 0.9714995413 0.8623349471 0.9139139527 0.9210748062 0.9086370323 0.1893018870 0.7837846887 0.9221813380 0.9892467958 0.8613409349 0.3451226575 0.5840968741 0.8028801649 0.9917850285 0.3688452279 0.7469179057 0.5962733221 0.9630388910 0.6906793772 0.9086675832 0.4396357436 0.9249077529 0.7034790411 0.9225490798 0.8704825823 0.6109523879 0.4536328282 0.8198109241 0.9410401382 0.5851027180
 0.4111356036 0.4232768093 0.2372640971 0.2284953396 0.6146583290 0.6343404317 0.1235392476 0.3545605356 0.0227777247 0.1341641634 0.3605687531 0.1453364895 0.6385729181 0.0447768556 0.1435557346 0.1081194458 0.0431616410 0.3399551718 0.1095101026 0.5432763573 0.1484567863 0.0758720194 0.1948266089 0.0934780463 0.1579594886 0.7265765692 0.0668227934 0.1683800740 0.0204650985 0.5856543025 0.3092696219 0.2701201676 0.1332248393 0.1821917714 0.2049025567 0.0233640210 0.5000000000 0.6454347826 0.1433532583 0.8629004131 0.8808052796 0.7767191941 0.7770131846 0.7874317751 0.5964196504 0.7020391476 0.9341010624 0.8617409865 0.8255621143 0.5315722823 0.9707772754 0.3277482502 0.8426973605 0.7938460375 0.5431181584 0.8927487931 0.9167783937 0.4493390552 0.6732242068 0.9609531736 0.8698321401 0.9339817663 0.2749611553 0.9903115306 0.8770847669 0.6726278875 0.7343477283 0.6800826993 0.9075872980 0.5791059744 0.6715760726 0.9167371528 0.5968233840 0.7269478766 0.7609175367 0.8461102885 0.4638523863 0.9524348166 0.9222196656 0.7433510558
 0.1627096255 0.2797975494 0.3296534613 0.0680712190 0.2677216440 0.7084541372 0.3147802346 0.5172880880 0.1096560425 0.4865118928 0.1014768830 0.0433173274 0.0602322609 0.4757623023 0.5067618664 0.6189606429 0.2813725575 0.0197706947 0.2991638688 0.0956555426 0.0352258653 0.0395670102 0.4662154221 0.0702626105 0.2544203637 0.5149972221 0.2980636774 0.1240843208 0.0153737565 0.0842426452 0.5408800050 0.4648712832 0.2137489074 0.2789903212 0.0261544285 0.0653465600 0.3545652174 0.5000000000 0.9475118575 0.9213432353 0.9721652332 0.9627204525 0.4815726189 0.9489666542 0.6791598947 0.3222317545 0.9866978764 0.9203750620 0.9603565778 0.8026548603 0.9571775147 0.4050293010 0.9744945807 0.9299905482 0.4496817594 0.6569118496 0.6862110802 0.5089674938 0.6212100355 0.3708245966 0.6915083716 0.8982411265 0.9319650356 0.7741165963 0.8159005469 0.6311208685 0.9855892330 0.7519503102 0.8790329458 0.7350698091 0.3097240227 0.7748873127 0.8716635548 0.9958320435 0.8041822622 0.9610066718 0.3081527468 0.7562206599 0.6992876402 0.7892825910
 0.0132985262 0.6108100680 0.5843768974 0.0235645171 0.0336917238 0.2516412854 0.4886864685 0.3335240706 0.5312586157 0.2045788084 0.8292003393 0.1982170415 0.1934931941 0.5470173783 0.0367843127 0.1442222831 0.0224923103 0.0562573281 0.5754657240 0.2064210520 0.4043201936 0.3296334386 0.1108960735 0.2970594685 0.0473236159 0.0975628336 0.1948703353 0.0383541003 0.4671700972 0.1611569701 0.6456586186 0.0245088325 0.2376583297 0.1825195084 0.1110759407 0.2855169748 0.8566467417 0.0524881425 0.5000000000 0.4269779491 0.7308128498 0.7507719025 0.5816414631 0.5657934292 0.9993336762 0.9890957173 0.8385039890 0.7417297213 0.9787514341 0.5777245050 0.9902171680 0.8115736668 0.6228395698 0.9495725592 0.7835720908 0.9289944843 0.6443445849 0.6842108882 0.9521271119 0.4132190362 0.9656031823 0.7766931216 0.4388913328 0.9655241266 0.6228251184 0.8499845068 0.9932656382 0.8467963526 0.3422728405 0.9368622805 0.8811894647 0.8854738328 0.8477512584 0.6969582895 0.8333452679 0.9844595553 0.7491489856 0.9055638185 0.2327447612 0.7571935861
 0.1240339895 0.3582615216 0.2193413068 0.3212098801 0.0911390218 0.4663675823 0.0304651316 0.6215842135 0.1230929085 0.3187694636 0.0473266579 0.0661590416 0.3724675459 0.2670859600 0.1053441781 0.3607366793 0.2043248019 0.1619890288 0.5938213673 0.1823512455 0.1692118954 0.3775714917 0.5797187344 0.4148643889 0.3152736288 0.1109746835 0.1098573335 0.0737547812 0.1079448539 0.4226537325 0.2085362051 0.4526708707 0.4874732552 0.1389472251 0.0267189828 0.1778240176 0.1370995869 0.0786567647 0.5730220509 0.5000000000 0.7921008645 0.9278409090 0.9770734825 0.9742027138 0.8280610484 0.1996919618 0.9786301604 0.5092850018 0.7676057651 0.3912863443 0.8329636405 0.9513046486 0.7681394387 0.6770141538 0.7856342512 0.8025903572 0.7929544488 0.9623439855 0.9319206047 0.6284897814 0.7921444727 0.5686550404 0.8307011103 0.9396961293 0.9104600775 0.7220015994 0.8971821254 0.4160925798 0.0607907030 0.9919168250 0.5351778527 0.8948933298 0.9501188602 0.8251034524 0.7412968485 0.6954421006 0.8713248058 0.4442970928 0.9319777556 0.4258312064
 0.0229499413 0.8663070864 0.0746666648 0.6665464444 0.1677419679 0.3351554553 0.0178342042 0.2229512450 0.4950422178 0.7002802969 0.0278679912 0.5650888229 0.4749934671 0.4181814534 0.2894835667 0.0523949353 0.6661096801 0.4508129009 0.1380441642 0.2212482988 0.2966097201 0.2081549603 0.1786634823 0.2801923292 0.0465760070 0.1606081924 0.0173592083 0.0124473234 0.4521505708 0.2147526748 0.2683563093 0.4504142362 0.1556680539 0.0611913436 0.0471691097 0.0847468737 0.1191947204 0.0278347668 0.2691871502 0.2078991355 0.5000000000 0.8406907013 0.7144127137 0.9648850053 0.9340442236 0.6411451456 0.7013156785 0.9830372820 0.5133258050 0.9056922066 0.9910017022 0.9904285394 0.6213972105 0.8336108025 0.3604192362 0.9342041596 0.7697231734 0.8173667463 0.8583589327 0.8870221987 0.4360706088 0.5525913388 0.7640066710 0.6446576730 0.5921481131 0.6622375720 0.5927459919 0.4862835943 0.8818570101 0.3606387751 0.8844995930 0.8640200077 0.7903492190 0.7486701219 0.6624084456 0.7541604476 0.1571293689 0.7679510447 0.4570258648 0.9589388012
 0.5561507688 0.0461779133 0.6459390601 0.3873992450 0.3159263941 0.0385902024 0.1544746542 0.0347390652 0.0788035110 0.1646621986 0.3924934249 0.3503837254 0.2923373525 0.4948097161 0.2571101100 0.6174744857 0.0766207086 0.1507647838 0.8568068753 0.2948628460 0.2395979318 0.1111130499 0.5222745212 0.0632775183 0.0432996948 0.0906189376 0.0071765073 0.0072862883 0.0614883906 0.2252215324 0.1509252778 0.1825945497 0.2728046699 0.2375770092 0.1282257177 0.0167733602 0.2232808059 0.0372795475 0.2492280975 0.0721590910 0.1593092987 0.5000000000 0.9696608388 0.7613805893 0.9098038976 0.5906172940 0.7545149145 0.9750595223 0.8561735934 0.7078963853 0.5403467964 0.8873085432 0.5059952735 0.8282203189 0.8638245876 0.9674706108 0.9434498555 0.8912885127 0.7668959692 0.9018028654 0.2198189183 0.8696867134 0.8836519335 0.9408069529 0.9049751291 0.9576334179 0.6989635467 0.7874463864 0.8614570629 0.6599540632 0.1625015503 0.9843875183 0.8503002402 0.6634759581 0.3382475478 0.5333695677 0.9198757480 0.8861542024 0.7720528418 0.8027228282
 0.0614593450 0.1716611271 0.2421709321 0.5279153185 0.4861894195 0.0214818926 0.0801816701 0.5934405911 0.3829960591 0.5500335392 0.2947453599 0.5819409214 0.5315002932 0.6575801719 0.1201356314 0.0503052180 0.3151027100 0.1782134226 0.0549449321 0.2317779224 0.8604918352 0.3310611048 0.0657683863 0.0023975322 0.0330022389 0.0718181649 0.0506308160 0.2805834392 0.2710556710 0.2524449431 0.3267518316 0.0992152514 0.0448436170 0.2336323149 0.0823839745 0.1059020389 0.2229868154 0.5184273811 0.4183585369 0.0229265175 0.2855872863 0.0303391612 0.5000000000 0.7524668658 0.9745486511 0.2783845248 0.4436256578 0.9782335530 0.8223296156 0.7507752693 0.9759874780 0.8703962537 0.9912552169 0.9648421240 0.8225176259 0.9415293392 0.9537493298 0.8708108019 0.8617030986 0.6860785021 0.8343487455 0.4630398993 0.7752347375 0.8237657924 0.4371502981 0.5241452384 0.8343094548 0.8581871380 0.7498835798 0.9312973552 0.6446748364 0.7368351371 0.7467153271 0.9986842301 0.8148364527 0.5434466707 0.9815599073 0.9183532014 0.8563503962 0.9534464228
 0.1561034999 0.0086421174 0.2091830770 0.5120825139 0.0612183857 0.5997692929 0.0513710214 0.2720791505 0.7189394477 0.0059578631 0.1241053686 0.5431080603 0.3652427313 0.1348968264 0.3402856481 0.0445301350 0.1221482080 0.6256665911 0.2401074973 0.2561297770 0.0849961775 0.2447621804 0.1409958441 0.4456812444 0.0401764494 0.4385158124 0.1383360060 0.3410519877 0.0501523385 0.2773546777 0.7323723108 0.1430406761 0.4606891176 0.1768098646 0.4872363920 0.1315045348 0.2125682249 0.0510333458 0.4342065708 0.0257972862 0.0351149947 0.2386194107 0.2475331342 0.5000000000 0.8060065958 0.8739344825 0.6721531845 0.5978823366 0.8673658755 0.9698493017 0.7911505965 0.7952957772 0.4791563891 0.9653254412 0.3118276633 0.9117359068 0.5990351454 0.9623482465 0.4052414485 0.7210727526 0.7329739959 0.7008129656 0.2923239315 0.6719835080 0.9895337422 0.9366612274 0.6937106766 0.7043105813 0.8286606430 0.8480051097 0.8536898909 0.8708670526 0.6907094773 0.7788553413 0.6063782836 0.8432801688 0.8535176174 0.6272346867 0.6414483523 0.4298696608
 0.2890696196 0.3570917235 0.4394820000 0.0314175540 0.0561448733 0.1483982064 0.2339427070 0.1050947484 0.0097425382 0.0569084375 0.3514307194 0.5554394418 0.1545921860 0.5125062492 0.1104105206 0.3808772322 0.2678102237 0.3700060594 0.1457452301 0.0137223610 0.2498481383 0.2202319521 0.3780232851 0.3589040144 0.1459117896 0.0965011837 0.2956592337 0.1868598826 0.2616539123 0.6502582201 0.3138351143 0.4830807191 0.0904589914 0.6236714961 0.1348129745 0.1652188398 0.4035803496 0.3208401053 0.0006663238 0.1719389516 0.0659557764 0.0901961024 0.0254513489 0.1939934042 0.5000000000 0.7896390032 0.7296351682 0.6303983290 0.7217964214 0.7576163201 0.3949332463 0.3140657441 0.4566791511 0.8903327403 0.8080054536 0.9735475434 0.9309014590 0.7975612349 0.6828607990 0.9200768992 0.9344022634 0.6781989131 0.8427809845 0.4204449457 0.9525112735 0.6651884037 0.9574486118 0.5971961113 0.9761683027 0.5472007952 0.4654664024 0.7901373088 0.7310503698 0.8401612172 0.3732698871 0.7262719979 0.6482648292 0.7747345767 0.8778244177 0.7727411191
 0.2922152774 0.1215125860 0.1016223398 0.2925197655 0.5560959792 0.0200368204 0.0460355430 0.4791415902 0.1183528850 0.0112062267 0.1844996909 0.0086488600 0.4372330748 0.3030278693 0.5203621039 0.0300430560 0.0661960313 0.3871340397 0.0164167741 0.1769484415 0.2505833356 0.1372408178 0.2760416314 0.1163740257 0.1143701615 0.4078878860 0.0707111523 0.0750364009 0.4232344937 0.0771008854 0.0082519313 0.1359766797 0.4530588942 0.9359401489 0.2179370036 0.0564187886 0.2979608524 0.6777682455 0.0109042827 0.8003080382 0.3588548544 0.4093827060 0.7216154752 0.1260655175 0.2103609968 0.5000000000 0.9426017291 0.9219822320 0.9034731152 0.7028226326 0.4074268264 0.9340342414 0.8922256471 0.4324270103 0.8316286808 0.7237893980 0.9409878327 0.7680956926 0.6520397648 0.9700947440 0.9964271618 0.8552222707 0.8225475472 0.9012173815 0.5988634146 0.7413352594 0.9591071394 0.9586002708 0.9606056481 0.9038269897 0.4978360409 0.9779759304 0.7894208253 0.7237924998 0.8138715716 0.6084530328 0.3879557925 0.8392002126 0.9398262501 0.4664272774
 0.0274134382 0.4818784685 0.0237896621 0.0265284834 0.1293219559 0.3231333016 0.2791376606 0.5487379872 0.0678263063 0.5195633275 0.2212816840 0.1499631408 0.0585484601 0.2253445490 0.4352041841 0.5759165107 0.2087168771 0.0061898633 0.2124726346 0.0849080242 0.6151915192 0.1958649646 0.4022810829 0.1965047252 0.0586746135 0.3050964015 0.2198411661 0.5355965006 0.0312465850 0.2808719640 0.2343845316 0.3288361690 0.2133984278 0.1637340354 0.5057697756 0.1383431177 0.0658989376 0.0133021236 0.1614960110 0.0213698396 0.2986843215 0.2454850855 0.5563743422 0.3278468155 0.2703648318 0.0573982709 0.5000000000 0.6647952037 0.9730473697 0.8842151785 0.8944650088 0.8385284084 0.8981127691 0.9777374887 0.4655481346 0.5917101809 0.4841163032 0.8742602004 0.7212019806 0.9926093192 0.9980420744 0.7325710455 0.9907780672 0.8383258734 0.7140573100 0.8682966520 0.8449980063 0.8975815924 0.6136474585 0.8138027719 0.5682633531 0.7045250419 0.6730270124 0.7534284786 0.5305489139 0.8191356671 0.5616028399 0.6442523356 0.6676627344 0.5080216869
 0.4822883372 0.2491117596 0.2446861516 0.0735715413 0.3862269605 0.3315502839 0.0460967044 0.1305187995 0.3782743413 0.3641467294 0.2503619317 0.0778921042 0.3422540821 0.1801490772 0.3903260709 0.5441644517 0.2387461408 0.6895851687 0.2350992963 0.1553079274 0.3939670596 0.2420738347 0.3361359335 0.4649230762 0.2211976040 0.5469338972 0.0492933165 0.2143641718 0.5048677879 0.2740146671 0.2828616546 0.5260188648 0.0566036855 0.3307486391 0.4684340420 0.2667848559 0.1382590135 0.0796249380 0.2582702787 0.4907149982 0.0169627180 0.0249404777 0.0217664470 0.4021176634 0.3696016710 0.0780177680 0.3352047963 0.5000000000 0.6404730722 0.9217456092 0.9475613120 0.6692091599 0.7349910125 0.8113513339 0.7689956506 0.9985050696 0.8094358363 0.8755692678 0.9717287131 0.7238716254 0.6771339811 0.9516415445 0.9038136290 0.8648162722 0.7254835883 0.3978815729 0.9409054284 0.7572062754 0.9261434825 0.9538904686 0.8525609017 0.7694082737 0.6846835147 0.7766334532 0.6263538433 0.8081750055 0.7147443666 0.8826479323 0.9982201139 0.9151487157
 0.3385062099 0.4446316907 0.2210084831 0.3002742679 0.1181075826 0.5402894280 0.3726231791 0.1753419396 0.0895637745 0.0317556308 0.1989644649 0.0350861096 0.5349570313 0.0602627322 0.1920218225 0.2363239593 0.0744581036 0.0857415484 0.0886249353 0.1670050612 0.0620870097 0.3223003310 0.5536915895 0.0548544736 0.1023192111 0.1277249004 0.3719570510 0.2695886851 0.2154136583 0.0559264190 0.5305488749 0.2715074803 0.0363585982 0.1535316234 0.2347335648 0.2489630639 0.1744378857 0.0396434222 0.0212485659 0.2323942349 0.4866741950 0.1438264066 0.1776703844 0.1326341245 0.2782035786 0.0965268848 0.0269526303 0.3595269278 0.5000000000 0.8042152902 0.5370157649 0.9169734914 0.6210383473 0.9555016603 0.3731854817 0.9948196551 0.5268456753 0.9724515482 0.8638824982 0.6290463423 0.8187548422 0.7327955526 0.6918089589 0.4660552344 0.7903305450 0.3873518190 0.6323122927 0.8441410530 0.7457201881 0.5822135993 0.7629692468 0.9955193078 0.6274694780 0.5195534627 0.9871759457 0.9380428752 0.8126634236 0.4124772355 0.3618614703 0.9162038789
 0.3492512405 0.2356211306 0.2806265984 0.1428671741 0.0490674990 0.4497418496 0.4277214763 0.3408654982 0.0683783439 0.3380701101 0.5755079331 0.1583729853 0.0951548019 0.0566032937 0.3733605613 0.1390422807 0.3420373681 0.3972119759 0.1652301142 0.4667577878 0.5663295328 0.5403092607 0.0227718444 0.5810005597 0.7797495362 0.1994246152 0.5615370832 0.0329632608 0.5404277148 0.0457041606 0.5264554229 0.0866977639 0.2229007418 0.0443143547 0.3830201759 0.1706293451 0.4684277177 0.1973451397 0.4222754950 0.6087136557 0.0943077934 0.2921036147 0.2492247307 0.0301506983 0.2423836799 0.2971773674 0.1157848215 0.0782543908 0.1957847098 0.5000000000 0.7848267284 0.8146771231 0.7981494254 0.8046153092 0.5858552766 0.7732026120 0.9687377032 0.7155226418 0.6372951598 0.6091691504 0.9310551774 0.6960018270 0.9725470744 0.7945037278 0.9415509282 0.6433071247 0.1449203036 0.6943361661 0.5375991225 0.7338801550 0.9606725434 0.6357385870 0.7508845248 0.8141495490 0.7130040976 0.9671633881 0.9866328294 0.5000500855 0.9452372887 0.5577661054
 0.5638415464 0.4963779297 0.2983521443 0.0578315657 0.2783462339 0.3981342759 0.1549179248 0.6549794453 0.5230085445 0.1679383035 0.1758221278 0.2183119043 0.2504974030 0.0318493014 0.0803966068 0.0093990000 0.0425281531 0.3416518604 0.0840548637 0.0103825839 0.2690772306 0.6573597908 0.0874532820 0.3500016343 0.0642287301 0.6739740565 0.0164134193 0.1768176837 0.1039665260 0.1727896189 0.4671110264 0.2458536631 0.3853839148 0.1209230214 0.5139713179 0.0285004587 0.0292227246 0.0428224853 0.0097828320 0.1670363595 0.0089982978 0.4596532036 0.0240125220 0.2088494035 0.6050667537 0.5925731736 0.1055349912 0.0524386880 0.4629842351 0.2151732716 0.5000000000 0.3771853965 0.7528852002 0.7751204430 0.5185831054 0.7934366136 0.2323028746 0.8596991680 0.7224042760 0.7910645594 0.8779681658 0.1241029917 0.5624058823 0.6391273029 0.9361523857 0.7479676569 0.4549072282 0.7996759022 0.8053786942 0.5919163054 0.5054515758 0.9323936347 0.9878571580 0.8935512521 0.5041144652 0.9163023267 0.5746778142 0.9267859363 0.8876109249 0.8225566830
 0.3065582438 0.6634521767 0.4997127308 0.2857290448 0.0088539696 0.1897145763 0.0229402564 0.1585756138 0.3430397973 0.2701582184 0.2569863105 0.5998873700 0.1937935818 0.5403906319 0.0514704663 0.0029986978 0.3102881414 0.3161068505 0.0017037741 0.4147820600 0.1908668073 0.6669646662 0.6530946294 0.2739419564 0.5273433074 0.1239235724 0.4750463903 0.1021293194 0.6262069923 0.0065137802 0.3019547317 0.3466385034 0.0140016042 0.1193241151 0.5128288172 0.1376650529 0.6722517498 0.5949706990 0.1884263332 0.0486953514 0.0095714606 0.1126914568 0.1296037463 0.2047042228 0.6859342559 0.0659657586 0.1614715916 0.3307908401 0.0830265086 0.1853228769 0.6228146035 0.5000000000 0.9092052654 0.9975322207 0.9540163650 0.1303580188 0.7226736197 0.6838448237 0.5844915208 0.6050801486 0.8236721751 0.8738574580 0.8797742957 0.6937233616 0.9503986854 0.7445607601 0.9778382111 0.9684639248 0.9963820193 0.9225007805 0.6567501195 0.8079063932 0.6471313311 0.9940653836 0.7921943209 0.6869484556 0.7068977669 0.5187883410 0.9287156401 0.9138781983
 0.2711237808 0.1508827879 0.1820077013 0.1360701183 0.3536349526 0.2089005172 0.1617913628 0.5773129448 0.2727806904 0.3677982512 0.5378673275 0.2203420508 0.2462541222 0.2040328695 0.2138506270 0.2966447737 0.0367868982 0.4573333650 0.4741495269 0.7856744133 0.0312299130 0.1194447300 0.0208382761 0.2138039576 0.0010750268 0.4913372862 0.2140194097 0.1124298850 0.4536814246 0.5932329427 0.1357396580 0.0412601803 0.3889184995 0.2813475077 0.1360497366 0.0860860473 0.1573026395 0.0255054193 0.3771604302 0.2318605613 0.3786027895 0.4940047265 0.0087447831 0.5208436109 0.5433208489 0.1077743529 0.1018872309 0.2650089875 0.3789616527 0.2018505746 0.2471147998 0.0907947346 0.5000000000 0.9555376436 0.6935982922 0.5945672363 0.9172007244 0.6175259306 0.4223050631 0.8900410353 0.7871050465 0.8274520098 0.9666920765 0.2021582415 0.9808304352 0.7206866699 0.8655696225 0.5077275737 0.8224048549 0.7974915005 0.9030973748 0.7067243034 0.6915354568 0.9894713297 0.9779977127 0.5022288892 0.5988754749 0.9733288982 0.9378634931 0.9087266019
 0.0834163935 0.3823077922 0.3948753305 0.2148836951 0.3496786729 0.0292434379 0.3333814318 0.0299197650 0.4316754517 0.3107553646 0.1434273063 0.2164279127 0.3459001000 0.0190328673 0.1343433737 0.4717289190 0.2436899450 0.2981947436 0.0148017343 0.3920858676 0.0395794348 0.1272498505 0.6401284120 0.3968167146 0.0120666795 0.2431043019 0.0871557433 0.0973487609 0.3467711478 0.3365070891 0.0356274451 0.0208441302 0.0688764996 0.0776960988 0.2815964034 0.0789251938 0.2061539625 0.0700094518 0.0504274408 0.3229858462 0.1663891975 0.1717796811 0.0351578760 0.0346745588 0.1096672597 0.5675729897 0.0222625113 0.1886486661 0.0444983397 0.1953846908 0.2248795570 0.0024677793 0.0444623564 0.5000000000 0.9279340859 0.8170173053 0.7009331979 0.9027527499 0.9229871936 0.9529167861 0.9829703302 0.5256246412 0.8066016319 0.7170611233 0.5678146463 0.5459250800 0.9685050700 0.9352684070 0.8209800316 0.6795029980 0.3773889548 0.8127923531 0.4058441402 0.8876553154 0.9180941348 0.5978333032 0.7971172697 0.4408915813 0.2374241462 0.7421324487
 0.0722622737 0.0499311438 0.5894413232 0.3190528421 0.0575839996 0.2253870538 0.0251709900 0.5815198512 0.6389396891 0.1355699554 0.5145670681 0.1444123695 0.0379767080 0.5139315354 0.0459880906 0.3326784364 0.2533317722 0.1220739631 0.0286914138 0.2068190029 0.2860584758 0.2788465020 0.1277538709 0.2803309568 0.6826542617 0.4183102059 0.2042473161 0.0495864142 0.1711379283 0.0953411112 0.1957211583 0.0513343117 0.0209884872 0.2384288624 0.3524284637 0.0913629677 0.4568818416 0.5503182406 0.2164279092 0.2143657488 0.6395807638 0.1361754124 0.1774823741 0.6881723367 0.1919945464 0.1683713192 0.5344518654 0.2310043494 0.6268145183 0.4141447234 0.4814168946 0.0459836350 0.3064017078 0.0720659141 0.5000000000 0.8789718516 0.7927665858 0.8748027213 0.1556002961 0.8539315490 0.6187063130 0.7962538679 0.9145092405 0.6951539157 0.4643173118 0.4668541740 0.7899350925 0.4882563430 0.9503531882 0.5826766834 0.4574035241 0.5620082698 0.9069896314 0.5836935251 0.4235682598 0.9341826712 0.9619811651 0.8017765077 0.8890811113 0.9132503882
 0.2045390953 0.1924232629 0.0219791908 0.2107117124 0.6114557266 0.4435181038 0.7515890502 0.4668890405 0.2555245668 0.4406554629 0.1603874323 0.6125706742 0.3199866320 0.0643093934 0.3032286781 0.0988737838 0.4799205319 0.0081987494 0.1289328661 0.2209029408 0.0017670380 0.3931467878 0.2763012428 0.0112612159 0.2540298376 0.0239967075 0.3250224760 0.3315501263 0.0630468457 0.3437858060 0.0349850062 0.2506755142 0.3404562544 0.1906543445 0.0563892826 0.8106981130 0.1072512069 0.3430881504 0.0710055157 0.1974096428 0.0657958404 0.0325293892 0.0584706608 0.0882640932 0.0264524566 0.2762106020 0.4082898191 0.0014949304 0.0051803449 0.2267973880 0.2065633864 0.8696419812 0.4054327637 0.1829826947 0.1210281484 0.5000000000 0.5767148743 0.8692734680 0.8988381784 0.8463771396 0.5735510226 0.8963623511 0.6752245630 0.4554414753 0.6003921496 0.4502956380 0.3971805540 0.7844523272 0.7083543906 0.6859386752 0.7854802632 0.4765217808 0.8037857178 0.7423799024 0.9072539518 0.9424312270 0.9970401572 0.8682148514 0.8905341177 0.8647737096
 0.4487878510 0.2552898859 0.0876531102 0.0000217438 0.0092953575 0.0728066721 0.7065421969 0.3031837756 0.1387866713 0.1775686207 0.2450604029 0.3380938018 0.4259971263 0.4522318167 0.0240567270 0.1002004529 0.8125874934 0.4451571459 0.1594443252 0.1813914420 0.0092770632 0.4263799644 0.5667854012 0.0865760250 0.4527976898 0.3054163085 0.2396813054 0.1972067008 0.2417537358 0.3797742656 0.1820184342 0.2920379595 0.1327860939 0.1760876402 0.1858857585 0.2162153113 0.0832216063 0.3137889198 0.3556554151 0.2070455512 0.2302768266 0.0565501445 0.0462506702 0.4009648546 0.0690985410 0.0590121673 0.5158836968 0.1905641637 0.4731543247 0.0312622968 0.7676971254 0.2773263803 0.0827992756 0.2990668021 0.2072334142 0.4232851257 0.5000000000 0.8606311849 0.9955155972 0.7154344446 0.2610611553 0.7710615141 0.7238647077 0.6917100574 0.5400912784 0.8375808007 0.8302237549 0.8506073694 0.7365966919 0.5260550454 0.6351929907 0.9806963801 0.6653999339 0.5634510866 0.6446544422 0.8705844056 0.1809777028 0.7824232672 0.9927927041 0.8159380007
 0.0059713852 0.2273404121 0.5967646699 0.2319751625 0.0279323653 0.0587174641 0.6557934591 0.1267888194 0.2796918474 0.4866450667 0.4871906455 0.5243060304 0.0689928877 0.2545429515 0.2495261378 0.0453582833 0.1939066080 0.0412834737 0.1579373501 0.3966704216 0.3224203584 0.1421870098 0.2180403312 0.2870834609 0.2837174486 0.0792555773 0.5764362792 0.1051423128 0.0030037372 0.2335399597 0.5363117322 0.4068036510 0.3888845536 0.5272257485 0.0952643538 0.0778186620 0.5506609448 0.4910325062 0.3157891118 0.0376560145 0.1826332537 0.1087114873 0.1291891981 0.0376517535 0.2024387651 0.2319043074 0.1257397996 0.1244307322 0.0275484518 0.2844773582 0.1403008320 0.3161551763 0.3824740694 0.0972472501 0.1251972787 0.1307265320 0.1393688151 0.5000000000 0.7215791399 0.9106268649 0.9466555461 0.5029710041 0.7590205051 0.4672950371 0.9461446348 0.8286046068 0.7255376248 0.3362635120 0.7181529947 0.9194883994 0.9773333812 0.7903289351 0.8500068158 0.7410638637 0.9879467134 0.9604469197 0.3299508387 0.4714629593 0.7559648001 0.8734709211
 0.0983438317 0.1872436113 0.1469467606 0.2140024089 0.2051161622 0.0516546697 0.1849973080 0.2978361068 0.3799997386 0.1200292064 0.2038923947 0.4059294502 0.4037561482 0.0190912235 0.0136449503 0.4737957707 0.1226554208 0.0439745841 0.2399488564 0.1929223235 0.3004185975 0.1689154045 0.0516089213 0.0956846811 0.1602540501 0.1199814573 0.1368544103 0.2115411172 0.4950415791 0.1170324999 0.0352365054 0.7246819569 0.0597484092 0.8045893198 0.0186102696 0.0107532042 0.3267757932 0.3787899645 0.0478728881 0.0680793953 0.1416410673 0.2331040308 0.1382969014 0.5947585515 0.3171392010 0.3479602352 0.2787980194 0.0282712869 0.1361175018 0.3627048402 0.2775957240 0.4155084792 0.5776949369 0.0770128064 0.8443997039 0.1011618216 0.0044844028 0.2784208601 0.5000000000 0.3546535631 0.8992393120 0.7651873282 0.8969309830 0.9391211525 0.9062661928 0.9767600418 0.8012920785 0.9626807544 0.7383230903 0.4519527722 0.7166119381 0.7255984281 0.9160588781 0.1974081202 0.8384024557 0.7589404576 0.2438629700 0.5540476099 0.6463396160 0.9382979106
 0.0337528919 0.2330030691 0.4073867704 0.1912766312 0.1593275048 0.1432289485 0.1129423760 0.1618452216 0.0449990242 0.0777880292 0.1066960311 0.1178219308 0.0459186190 0.2187837005 0.3746170922 0.5080602869 0.6456659135 0.4275554980 0.0934918936 0.1714231843 0.0632867511 0.7538151109 0.5617883036 0.1953615388 0.2308957238 0.1472161891 0.2535669704 0.0851898084 0.3203976849 0.0306045771 0.0064349606 0.2648740793 0.2197074654 0.0662438003 0.0488066709 0.1386590651 0.0390468264 0.6291754034 0.5867809638 0.3715102186 0.1129778013 0.0981971346 0.3139214979 0.2789272474 0.0799231008 0.0299052560 0.0073906808 0.2761283746 0.3709536577 0.3908308496 0.2089354406 0.3949198514 0.1099589647 0.0470832139 0.1460684510 0.1536228604 0.2845655554 0.0893731351 0.6453464369 0.5000000000 0.4697574069 0.9615468848 0.7797704648 0.7548811074 0.7351669797 0.7341294691 0.9640228260 0.9642096550 0.1645147966 0.9888299118 0.6038646609 0.6967191208 0.8800663803 0.4779160319 0.6757731080 0.7298313014 0.9776977287 0.9049541988 0.3598477815 0.4450906891
 0.3914461388 0.2720385822 0.0537394234 0.0397314244 0.4701475289 0.4535096956 0.1062430437 0.0673661180 0.0135137548 0.5136394587 0.0545747754 0.2590325275 0.0947602911 0.2727522652 0.2488372823 0.2427273952 0.0040775163 0.2936576607 0.0248124910 0.0363401745 0.2473055969 0.1728119011 0.4862798398 0.0810344642 0.0408016379 0.1835771920 0.0014443190 0.1839679914 0.0690834597 0.1517925721 0.5089724043 0.3002977845 0.1705783767 0.5122229295 0.0075509227 0.6548773425 0.1301678599 0.3084916284 0.0343968177 0.2078555273 0.5639293912 0.7801810817 0.1656512545 0.2670260041 0.0655977366 0.0035728382 0.0019579256 0.3228660189 0.1812451578 0.0689448226 0.1220318342 0.1763278249 0.2128949535 0.0170296698 0.3812936870 0.4264489774 0.7389388447 0.0533444539 0.1007606880 0.5302425931 0.5000000000 0.9609257054 0.9238331129 0.9485531393 0.3810932104 0.5149470461 0.8060424625 0.5573795868 0.8582790929 0.7016423556 0.5828414214 0.6273735743 0.8412508947 0.7021780191 0.7914974584 0.7520337816 0.9876273751 0.9227260672 0.8397862471 0.7837446882
 0.1448557984 0.2472387486 0.1811190286 0.3703209602 0.1347679661 0.1857645576 0.0972905147 0.1613742652 0.6042526626 0.0855126722 0.0427051113 0.0296244645 0.1783527599 0.0674294118 0.0896898972 0.0369784824 0.1139897057 0.0618686091 0.0486960660 0.0388296579 0.2854260146 0.0153496240 0.0889307646 0.2792081550 0.0890394752 0.0891269700 0.0421621175 0.4303760873 0.0881098705 0.1128441182 0.3477898041 0.1575709728 0.0524663550 0.1523554283 0.2122838802 0.4159031259 0.0660182337 0.1017588735 0.2233068784 0.4313449596 0.4474086612 0.1303132866 0.5369601007 0.2991870344 0.3218010869 0.1447777293 0.2674289545 0.0483584555 0.2672044474 0.3039981730 0.8758970083 0.1261425420 0.1725479902 0.4743753588 0.2037461321 0.1036376489 0.2289384859 0.4970289959 0.2348126718 0.0384531152 0.0390742946 0.5000000000 0.8720258673 0.5944155317 0.5494987978 0.4613966279 0.9530636278 0.9339588749 0.7446025046 0.6141769630 0.4977751678 0.5834106434 0.8171582040 0.9413091158 0.8544985153 0.9793637794 0.9760748941 0.7419487073 0.7652688664 0.8952999564
 0.0536146903 0.2158429483 0.0722800543 0.6164392312 0.4040750599 0.0115544549 0.2901635278 0.6108484812 0.3597088757 0.4308593803 0.1897205728 0.0179742399 0.2920340909 0.3256447666 0.4806687085 0.1476398074 0.2694790860 0.4025198527 0.2821328378 0.2452727243 0.0323776490 0.3796594105 0.2207904605 0.0480163335 0.0161815323 0.2269186222 0.1252136579 0.0321957994 0.0694584998 0.2050398492 0.2944705098 0.0119200669 0.2779835151 0.7803830634 0.4716571068 0.1971198351 0.7250388447 0.0680349644 0.5611086672 0.1692988897 0.2359933290 0.1163480665 0.2247652625 0.7076760685 0.1572190155 0.1774524528 0.0092219328 0.0961863710 0.3081910411 0.0274529256 0.4375941177 0.1202257043 0.0333079235 0.1933983681 0.0854907595 0.3247754370 0.2761352923 0.2409794949 0.1030690170 0.2202295352 0.0761668871 0.1279741327 0.5000000000 0.3106833554 0.8737174001 0.6426327110 0.6401768390 0.9516074285 0.7166270225 0.8384158333 0.9966075583 0.9692207435 0.8679463999 0.6221890573 0.9834565495 0.7496960391 0.6181179507 0.9503538894 0.7767150032 0.9924288532
 0.3743655362 0.0485482751 0.1990951580 0.2296584505 0.5548305962 0.4099451690 0.6226468780 0.4326316777 0.0865288121 0.2366126118 0.2466333321 0.1471022669 0.0862828930 0.3296660227 0.0962380740 0.3864302807 0.4374988766 0.7372965641 0.2069887644 0.3634335156 0.0597826245 0.0490636126 0.0162236065 0.1235215589 0.4898138148 0.2518911122 0.0881455691 0.6636815072 0.4492496318 0.0400528269 0.1654029835 0.0811276021 0.0501028951 0.2747102444 0.0814187379 0.0082149715 0.0096884694 0.2258834037 0.0344758734 0.0603038707 0.3553423270 0.0591930471 0.1762342076 0.3280164920 0.5795550543 0.0987826185 0.1616741266 0.1351837278 0.5339447656 0.2054962722 0.3608726971 0.3062766384 0.7978417585 0.2829388767 0.3048460843 0.5445585247 0.3082899426 0.5327049629 0.0608788475 0.2451188926 0.0514468607 0.4055844683 0.6893166446 0.5000000000 0.2522532002 0.6819010972 0.6189253696 0.7156634048 0.9308292326 0.7892625420 0.8849632903 0.7701703328 0.9256316700 0.4580945864 0.8802982860 0.9308848165 0.3572127319 0.8422177997 0.8140817796 0.9009776476
 0.1291117000 0.2984225719 0.4226311066 0.0695728388 0.5277242234 0.1471013190 0.2211897490 0.3545899530 0.2237383953 0.2362056122 0.0458399873 0.4190608510 0.1550260174 0.0689418720 0.0079536575 0.5746892915 0.3880146960 0.1290996401 0.1044891263 0.1556479044 0.1019562866 0.1852490898 0.3883199131 0.3717825336 0.0350867256 0.2149682535 0.2314710732 0.4272180278 0.6356824287 0.2172124558 0.3560138320 0.2982249513 0.6637834012 0.3570447886 0.2574734741 0.6311547721 0.1229152331 0.1840994531 0.3771748816 0.0895399225 0.4078518869 0.0950248709 0.5628497019 0.0104662578 0.0474887265 0.4011365854 0.2859426900 0.2745164117 0.2096694550 0.0584490718 0.0638476143 0.0496013146 0.0191695648 0.4321853537 0.5356826882 0.3996078504 0.4599087216 0.0538553652 0.0937338072 0.2648330203 0.6189067896 0.4505012022 0.1262825999 0.7477467998 0.5000000000 0.7900951800 0.4209935889 0.3600592235 0.8611441841 0.5890994650 0.8734835554 0.8681549443 0.8351415228 0.8752662637 0.7000791636 0.9921655187 0.9444713379 0.3633312430 0.8746925497 0.9480831208
 0.4461982817 0.1199309241 0.1785982151 0.4805480821 0.0969421484 0.3196219913 0.0791935662 0.7362233859 0.7128841879 0.6003138335 0.3362414718 0.3390258290 0.1577353276 0.1070494732 0.1798523353 0.1297929395 0.2947105803 0.1934254099 0.0673385986 0.4317473361 0.2554182752 0.7475530489 0.3113713246 0.4583267072 0.5235339391 0.3111645004 0.0039224380 0.0402026437 0.0516692253 0.1548747776 0.5298375821 0.5023716615 0.0518500896 0.2761035962 0.1316258657 0.2530820943 0.3273721125 0.3688791315 0.1500154932 0.2779984006 0.3377624280 0.0423665821 0.4758547616 0.0633387726 0.3348115963 0.2586647406 0.1317033480 0.6021184271 0.6126481810 0.3566928753 0.2520323431 0.2554392399 0.2793133301 0.4540749200 0.5331458260 0.5497043620 0.1624191993 0.1713953932 0.0232399582 0.2658705309 0.4850529539 0.5386033721 0.3573672890 0.3180989028 0.2099048200 0.5000000000 0.6067883220 0.9388030466 0.9620108110 0.9055021823 0.3468380602 0.7587821553 0.4740412750 0.9009527053 0.8371791352 0.9370562466 0.5923917366 0.6327553346 0.8169111574 0.7960900613
 0.4313436546 0.1163642917 0.6186934724 0.0808719927 0.1016786096 0.0639420730 0.0795798756 0.1045264272 0.1597831756 0.0736525270 0.3916416292 0.5364463679 0.0120919423 0.1442617662 0.1073105834 0.0529058228 0.0909486482 0.0369743008 0.4852710728 0.5561685219 0.8099467563 0.0407302266 0.2108683343 0.1327134890 0.5446265154 0.2939281463 0.4383219802 0.1648840682 0.3620283259 0.0331891626 0.2462351662 0.0156921305 0.1442193122 0.3992975391 0.2820589497 0.4037266779 0.2656522717 0.0144107670 0.0067343618 0.1028178746 0.4072540081 0.3010364533 0.1656905452 0.3062893234 0.0425513882 0.0408928606 0.1550019937 0.0590945716 0.3676877073 0.8550796964 0.5450927718 0.0221617889 0.1344303775 0.0314949300 0.2100649075 0.6028194460 0.1697762451 0.2744623752 0.1987079215 0.0359771740 0.1939575375 0.0469363722 0.3598231610 0.3810746304 0.5790064111 0.3932116780 0.5000000000 0.9307887578 0.7906696130 0.5684537210 0.8147596402 0.8791221424 0.8824301914 0.9403461235 0.9197895425 0.4584080205 0.9646409029 0.7498709966 0.6283631150 0.4397811995
 0.1945112609 0.4116946337 0.1274571678 0.2601726960 0.1045524050 0.0952028935 0.0729125850 0.3822724500 0.2032291895 0.0051254734 0.1951263283 0.0717950814 0.4734215012 0.1660458847 0.3389122260 0.0563270847 0.4046103837 0.2676651519 0.5994906322 0.1292883903 0.2054164024 0.3020557157 0.3817373069 0.2379512110 0.2177737983 0.5927085735 0.3979595306 0.1100287068 0.1384404647 0.8518020679 0.4926413454 0.0022994290 0.1945027495 0.0449016278 0.0194450290 0.0369611090 0.3199173007 0.2480496898 0.1532036474 0.5839074202 0.5137164057 0.2125536136 0.1418128620 0.2956894187 0.4028038887 0.0413997292 0.1024184076 0.2427937246 0.1558589470 0.3056638339 0.2003240978 0.0315360752 0.4922724263 0.0647315930 0.5117436570 0.2155476728 0.1493926306 0.6637364880 0.0373192456 0.0357903450 0.4426204132 0.0660411251 0.0483925715 0.2843365952 0.6399407765 0.0611969534 0.0692112422 0.5000000000 0.8995333498 0.9255975247 0.6853930719 0.9690051822 0.6474981082 0.9698789990 0.9310351395 0.8063473259 0.5327049080 0.8300862385 0.6897285417 0.7901034186
 0.0104128276 0.1917123804 0.3751350477 0.3115151770 0.2850966501 0.1141109626 0.1136662122 0.3759307775 0.1773893131 0.4565401517 0.2461238562 0.3887741380 0.1120612008 0.0564345440 0.3573755552 0.4968005858 0.1069911064 0.4023166318 0.0415023025 0.5656345246 0.0656882998 0.2798806163 0.6436631990 0.0430077836 0.0294183828 0.6368102976 0.1368988997 0.2276673117 0.4326873431 0.4473808913 0.1120393395 0.3823904757 0.0838460397 0.0383859495 0.2339896006 0.3093206228 0.0924127020 0.1209670542 0.6577271595 0.9392092970 0.1181429899 0.1385429371 0.2501164202 0.1713393570 0.0238316973 0.0393943519 0.3863525415 0.0738565175 0.2542798119 0.4624008775 0.1946213058 0.0036179807 0.1775951451 0.1790199684 0.0496468118 0.2916456094 0.2634033081 0.2818470053 0.2616769097 0.8354852034 0.1417209071 0.2553974954 0.2833729775 0.0691707674 0.1388558159 0.0379891890 0.2093303870 0.1004666502 0.5000000000 0.6061808780 0.8759538392 0.5726673936 0.9419788382 0.8710323514 0.7404452963 0.3124664384 0.8558299232 0.6991847027 0.6352840811 0.9313787361
 0.3859974612 0.3060345373 0.0907905511 0.3320305859 0.2015854916 0.6780612608 0.2393608913 0.2096282056 0.5595535097 0.2014698658 0.8233914084 0.4940926976 0.1122313434 0.1842369281 0.0231509648 0.3387785445 0.1920370329 0.0382650049 0.4084987440 0.0291433548 0.0641143689 0.2732901098 0.2228082333 0.3148754208 0.0199143826 0.2048630369 0.0240541298 0.5798519087 0.2038499881 0.1706419584 0.0736036633 0.3333622729 0.2124204633 0.2690574374 0.0844415362 0.0913324168 0.4208940256 0.2649301909 0.0631377195 0.0080831750 0.6393612249 0.3400459368 0.0687026448 0.1519948903 0.4527992048 0.0961730103 0.1861972281 0.0461095314 0.4177864007 0.2661198450 0.4080836946 0.0774992195 0.2025084995 0.3204970020 0.4173233166 0.3140613248 0.4739449546 0.0805116006 0.5480472278 0.0111700882 0.2983576444 0.3858230370 0.1615841667 0.2107374580 0.4109005350 0.0944978177 0.4315462790 0.0744024753 0.3938191220 0.5000000000 0.8733510212 0.7229745520 0.9728382751 0.6483440166 0.2164522446 0.9979376394 0.9373527110 0.7173264409 0.6336624548 0.6162297770
 0.3502337320 0.4981677469 0.1255985695 0.1719014383 0.4303181180 0.3738201690 0.0282355464 0.3717301147 0.1991546038 0.0748712615 0.1298438009 0.4936502237 0.3209316605 0.0252979370 0.4501509609 0.1934145866 0.1413323353 0.7549554866 0.2300801059 0.2339636032 0.4243740013 0.0602721773 0.3423321181 0.0302304856 0.5245319066 0.4582820302 0.0482705070 0.1558554801 0.1158071410 0.1494777269 0.0422409645 0.2439910425 0.0489248291 0.4316515787 0.1189411691 0.5603642564 0.3284239274 0.6902759773 0.1188105353 0.4648221473 0.1155004070 0.8374984497 0.3553251636 0.1463101091 0.5345335976 0.5021639591 0.4317366469 0.1474390983 0.2370307532 0.0393274566 0.4945484242 0.3432498805 0.0969026252 0.6226110452 0.5425964759 0.2145197368 0.3648070093 0.0226666188 0.2833880619 0.3961353391 0.4171585786 0.5022248322 0.0033924417 0.1150367097 0.1265164446 0.6531619398 0.1852403598 0.3146069281 0.1240461608 0.1266489788 0.5000000000 0.7672321001 0.5396845518 0.5704465941 0.4744616719 0.7136355208 0.9866816397 0.3978517903 0.9284229449 0.6307818772
 0.1641149923 0.0842669755 0.3870946880 0.0147714038 0.1114959156 0.3979388044 0.4197031990 0.5104692417 0.2402689159 0.1228095388 0.2772167379 0.2560836777 0.1223198612 0.0946340230 0.7280155714 0.0896271752 0.0492954007 0.4822571446 0.2675677227 0.0402423487 0.2341670856 0.0729292072 0.0383813697 0.0179459847 0.3373109710 0.4248053142 0.3316085807 0.4647439194 0.4958342934 0.1960045622 0.2710085466 0.0341650892 0.6126275233 0.1480934770 0.4821700051 0.0750922471 0.0832628472 0.2251126873 0.1145261672 0.1051066702 0.1359799923 0.0156124817 0.2631648629 0.1291329474 0.2098626912 0.0220240696 0.2954749581 0.2305917263 0.0044806922 0.3642614130 0.0676063653 0.1920936068 0.2932756966 0.1872076469 0.4379917302 0.5234782192 0.0193036199 0.2096710649 0.2744015719 0.3032808792 0.3726264257 0.4165893566 0.0307792565 0.2298296672 0.1318450557 0.2412178447 0.1208778576 0.0309948178 0.4273326064 0.2770254480 0.2327678999 0.5000000000 0.8904133427 0.9837913715 0.4759551425 0.4531006903 0.7629912914 0.7377340524 0.9645540428 0.9072696457
 0.4740444466 0.0276461157 0.5946925265 0.3225771214 0.0180097632 0.4628530187 0.2290806513 0.5563137937 0.1111173760 0.0586822804 0.3912517639 0.0747826092 0.4497683905 0.1978109714 0.1093279708 0.2967107082 0.2576156270 0.3407830503 0.0299721867 0.2998139142 0.0012845872 0.2445079666 0.0733217618 0.2580406505 0.0214150736 0.1808158524 0.1608915190 0.4969539783 0.6779427716 0.0757099545 0.8001180330 0.2194522831 0.6451658936 0.0658954349 0.2101769368 0.2965209589 0.4031766160 0.1283364452 0.1522487416 0.0498811398 0.2096507810 0.1496997598 0.2532846729 0.3092905227 0.2689496302 0.2105791747 0.3269729876 0.3153164853 0.3725305220 0.2491154752 0.0121428420 0.3528686689 0.3084645432 0.5941558598 0.0930103686 0.1962142822 0.3346000661 0.1499931842 0.0839411219 0.1199336197 0.1587491053 0.1828417960 0.1320536001 0.0743683300 0.1648584772 0.5259587250 0.1175698086 0.3525018918 0.0580211618 0.0271617249 0.4603154482 0.1095866573 0.5000000000 0.8704692045 0.3635924137 0.9795827829 0.6878216899 0.9257395874 0.5867102012 0.3585925852
 0.1192351656 0.1506434464 0.0137424829 0.1343289747 0.3644852616 0.5415867330 0.0433641889 0.1072748080 0.1602770026 0.1681504603 0.3504630130 0.4076639774 0.3227116159 0.0170988855 0.2656805414 0.6464892265 0.3051420617 0.6775005220 0.2357110804 0.0790319093 0.1082337051 0.2924081744 0.1090408949 0.0335316072 0.0332576396 0.4513647830 0.3163466890 0.6252430387 0.3221621502 0.3785212001 0.5763744832 0.2572079746 0.6392142689 0.2458840278 0.0969109346 0.0774509202 0.2730521234 0.0041679565 0.3030417105 0.1748965476 0.2513298781 0.3365240419 0.0013157699 0.2211446587 0.1598387828 0.2762075002 0.2465715214 0.2233665468 0.4804465373 0.1858504510 0.1064487479 0.0059346164 0.0105286703 0.1123446846 0.4163064749 0.2576200976 0.4365489134 0.2589361363 0.8025918798 0.5220839681 0.2978219809 0.0586908842 0.3778109427 0.5419054136 0.1247337363 0.0990472947 0.0596538765 0.0301210010 0.1289676486 0.3516559834 0.4295534059 0.0162086285 0.1295307955 0.5000000000 0.9181158385 0.3965918417 0.5925497775 0.7572783795 0.9781346048 0.6205082747
 0.4606307999 0.6554481634 0.1352818674 0.1375039125 0.3321294384 0.1153109654 0.1586878236 0.4036423267 0.2155072360 0.0952405165 0.1061230973 0.8059573729 0.2356793223 0.2494478192 0.3384006741 0.0679773761 0.2868684101 0.2747100493 0.0232420914 0.1715485510 0.1846767435 0.2037557910 0.0314545117 0.2534692015 0.1421300580 0.0654922413 0.2681236689 0.0168103182 0.1769767135 0.2667055009 0.5533536444 0.0100839463 0.1220754238 0.3667935222 0.3509936813 0.1295174177 0.2390824633 0.1958177378 0.1666547321 0.2587031515 0.3375915544 0.6617524522 0.1851635473 0.3936217164 0.6267301129 0.1861284284 0.4694510861 0.3736461567 0.0128240543 0.2869959024 0.4958855348 0.2078056791 0.0220022873 0.0819058652 0.5764317402 0.0927460482 0.3553455578 0.0120532866 0.1615975443 0.3242268920 0.2085025416 0.1455014847 0.0165434505 0.1197017140 0.2999208364 0.1628208648 0.0802104575 0.0689648605 0.2595547037 0.7835477554 0.5255383281 0.5240448575 0.6364075863 0.0818841615 0.5000000000 0.9097874924 0.8292035932 0.8159542956 0.9286449936 0.6783894097
 0.5626387614 0.3914776934 0.1664360014 0.0621468520 0.5100325756 0.5158070695 0.4519282799 0.2130468381 0.0480072743 0.0854048931 0.3094759317 0.2073112950 0.2764915706 0.5740126850 0.5485766674 0.0158830657 0.4969162004 0.0315267228 0.0189614585 0.4958577766 0.4233327842 0.0138284502 0.4659121864 0.4412702618 0.1326142834 0.0010341297 0.4715012315 0.1311813728 0.0281165649 0.0697295523 0.4883040759 0.0547404536 0.1671135517 0.3983034748 0.5832414994 0.3890476121 0.1538897115 0.0389933282 0.0155404447 0.3045578994 0.2458395524 0.4666304323 0.4565533293 0.1567198312 0.2737280021 0.3915469672 0.1808643329 0.1918249945 0.0619571248 0.0328366119 0.0836976733 0.3130515444 0.4977711108 0.4021666968 0.0658173288 0.0575687730 0.1294155944 0.0395530803 0.2410595424 0.2701686986 0.2479662184 0.0206362206 0.2503039609 0.0691151835 0.0078344813 0.0629437534 0.5415919795 0.1936526741 0.6875335616 0.0020623606 0.2863644792 0.5468993097 0.0204172171 0.6034081583 0.0902125076 0.5000000000 0.9796490020 0.8897131127 0.7516799364 0.7564469490
 0.1044307136 0.1152872440 0.1675582096 0.2643363326 0.0810869267 0.0210998068 0.1649899016 0.4905695966 0.1393489052 0.0510480156 0.1462619990 0.6830928324 0.5903258607 0.4178615591 0.0983439978 0.6356793556 0.1559844409 0.0486111936 0.5874084281 0.3660974621 0.7851798351 0.3776944693 0.3370258831 0.2092941260 0.2461881000 0.2729271301 0.2078175470 0.4499870640 0.0986535891 0.0175616383 0.2983822872 0.0517014163 0.0422270246 0.1916875067 0.2489803852 0.5463671718 0.5361476137 0.6918472532 0.2508510144 0.1286751942 0.8428706311 0.0801242520 0.0184400927 0.1464823826 0.3517351708 0.6120442075 0.4383971601 0.2852556334 0.1873365764 0.0133671706 0.4253221858 0.2931022331 0.4011245251 0.2028827303 0.0380188349 0.0029598428 0.8190222972 0.6700491613 0.7561370300 0.0223022713 0.0123726249 0.0239251059 0.3818820493 0.6427872681 0.0555286621 0.4076082634 0.0353590971 0.4672950920 0.1441700768 0.0626472890 0.0133183603 0.2370087086 0.3121783101 0.4074502225 0.1707964068 0.0203509980 0.5000000000 0.7905329563 0.5395996281 0.7573096343
 0.0902019900 0.0150438348 0.5102921558 0.3662667358 0.5464733388 0.4832904117 0.1491647006 0.6386857172 0.6713744805 0.2944141164 0.1503828571 0.1767034034 0.1830863575 0.3744081784 0.6071827982 0.1125556973 0.1171304871 0.0736287952 0.3998445758 0.2523635046 0.2236648160 0.4041763026 0.3314491730 0.6849981540 0.0295321122 0.1255048377 0.2332964401 0.2632685680 0.4894562796 0.1478018859 0.2846215733 0.0699347794 0.3935255446 0.2199033351 0.4235529759 0.1801890759 0.0475651834 0.2437793401 0.0944361815 0.5557029072 0.2320489553 0.1138457976 0.0816467986 0.3727653133 0.2252654233 0.1607997874 0.3557476644 0.1173520677 0.5875227645 0.4999499145 0.0732140637 0.4812116590 0.0266711018 0.5591084187 0.1982234923 0.1317851486 0.2175767328 0.5285370407 0.4459523901 0.0950458012 0.0772739328 0.2580512927 0.0496461106 0.1577822003 0.6366687570 0.3672446654 0.2501290034 0.1699137615 0.3008152973 0.2826735591 0.6021482097 0.2622659476 0.0742604126 0.2427216205 0.1840457044 0.1102868873 0.2094670437 0.5000000000 0.9661889018 0.8837861744
 0.1956549919 0.0755596066 0.0205071403 0.5490168995 0.0323285046 0.3932415852 0.1767548222 0.1350860797 0.0805342214 0.1512778607 0.3564481420 0.2376217908 0.0646387309 0.0815459339 0.4159707193 0.1429986322 0.1164641501 0.2792975561 0.0037160509 0.2580066791 0.3343494326 0.0783806277 0.4931597006 0.2525263965 0.2507157341 0.1995326213 0.0871253050 0.4301241153 0.5397479707 0.4872906829 0.1014243415 0.1928792409 0.4338465816 0.0412498371 0.0638832119 0.0589598618 0.0777803344 0.3007123598 0.7672552388 0.0680222444 0.5429741352 0.2279471582 0.1436496038 0.3585516477 0.1221755823 0.0601737499 0.3323372656 0.0017798861 0.6381385297 0.0547627113 0.1123890751 0.0712843599 0.0621365069 0.7625758538 0.1109188887 0.1094658823 0.0072072959 0.2440351999 0.3536603840 0.6401522185 0.1602137529 0.2347311336 0.2232849968 0.1859182204 0.1253074503 0.1830888426 0.3716368850 0.3102714583 0.3647159189 0.3663375452 0.0715770551 0.0354459572 0.4132897988 0.0218653952 0.0713550064 0.2483200636 0.4604003719 0.0338110982 0.5000000000 0.9702286154
 0.0155427295 0.1970822852 0.5684140561 0.2550090893 0.3814538493 0.5873724661 0.3347517868 0.7848882469 0.0604644601 0.4414998056 0.2162405549 0.2126544213 0.1683413416 0.1005719084 0.0129254729 0.0427434083 0.3188151237 0.1130013025 0.0175197521 0.1112074199 0.2652315707 0.0306608289 0.5379824403 0.0187974835 0.1229509753 0.2053381254 0.1181222647 0.5468526526 0.2820475549 0.0058389118 0.0654906103 0.0432970009 0.2307669445 0.1791940049 0.2038690819 0.4148972820 0.2566489442 0.2107174090 0.2428064139 0.5741687936 0.0410611988 0.1972771718 0.0465535772 0.5701303392 0.2272588809 0.5335727226 0.4919783131 0.0848512843 0.0837961211 0.4422338946 0.1774433170 0.0861218017 0.0912733981 0.2578675513 0.0867496118 0.1352262904 0.1840619993 0.1265290789 0.0617020894 0.5549093109 0.2162553118 0.1047000436 0.0075711468 0.0990223524 0.0519168792 0.2039099387 0.5602188005 0.2098965814 0.0686212639 0.3837702230 0.3692181228 0.0927303543 0.6414074148 0.3794917253 0.3216105903 0.2435530510 0.2426903657 0.1162138256 0.0297713846 0.5000000000
]
