n: 20

c:
[
 0.5000000000 0.5880660929 0.9753983670 0.7650454598 0.6599140474 0.9351950475 0.6547527936 0.4699259872 0.5719310890 0.7663398478 0.8646807847 0.8973448295 0.9062864976 0.9556969557 0.7057985398 0.3265630133 0.8791106484 0.7871401902 0.7333738082 0.8765762815
 0.4119339071 0.5000000000 0.7693792877 0.6585061844 0.8608850481 0.9462547043 0.7247867483 0.4696865488 0.6388955573 0.6822968800 0.3185845023 0.7992344144 0.3663467553 0.4719037088 0.8002952379 0.4271510975 0.7804382797 0.9707107836 0.7004952470 0.9752858503
 0.0246016330 0.2306207123 0.5000000000 0.9761417322 0.8095114222 0.5655780987 0.6347152974 0.5858921775 0.6216879563 0.9368830751 0.4139095949 0.8388618923 0.9293418915 0.5310014166 0.7614469898 0.9905161819 0.9442188050 0.8160071968 0.9832188218 0.9377420199
 0.2349545402 0.3414938156 0.0238582678 0.5000000000 0.9463824374 0.8971488489 0.5344636475 0.8270297103 0.7720977271 0.7806978405 0.8030593527 0.9855171791 0.8208533208 0.6649958626 0.7894535704 0.9900091918 0.6836457971 0.6469095279 0.4695993563 0.9160030014
 0.3400859526 0.1391149519 0.1904885778 0.0536175626 0.5000000000 0.7486972711 0.8703697973 0.8967215624 0.6337686270 0.8894604171 0.2508066071 0.7465958928 0.6741175825 0.3605488125 0.9695748920 0.6292724075 0.8157492961 0.9769359542 0.5087836427 0.5644062044
 0.0648049525 0.0537452957 0.4344219013 0.1028511511 0.2513027289 0.5000000000 0.8561591584 0.1178684851 0.7569283174 0.8665363106 0.8765565666 0.7299341925 0.8743759824 0.8352612270 0.8468646106 0.6966530077 0.6225272082 0.5147992831 0.5235564208 0.8140868395
 0.3452472064 0.2752132517 0.3652847026 0.4655363525 0.1296302027 0.1438408416 0.5000000000 0.4720644726 0.8803741744 0.7969661881 0.7527966861 0.9412017566 0.9218421719 0.7418542939 0.5605995227 0.6092560738 0.8728998252 0.8419701523 0.8948698860 0.8528985916
 0.5300740128 0.5303134512 0.4141078225 0.1729702897 0.1032784376 0.8821315149 0.5279355274 0.5000000000 0.8750191818 0.9922271649 0.7700739421 0.9207239933 0.8503708927 0.8366080230 0.7352934129 0.9541586899 0.9020853075 0.7097620792 0.6629011459 0.8745874340
 0.4280689110 0.3611044427 0.3783120437 0.2279022729 0.3662313730 0.2430716826 0.1196258256 0.1249808182 0.5000000000 0.9531791419 0.7826728296 0.9015294043 0.4411606470 0.9210219515 0.8309590404 0.8171276514 0.8256388914 0.8259134749 0.1495420200 0.8606710310
 0.2336601522 0.3177031200 0.0631169249 0.2193021595 0.1105395829 0.1334636894 0.2030338119 0.0077728351 0.0468208581 0.5000000000 0.9608730458 0.6737170067 0.9771247758 0.7576578973 0.7422468022 0.8707903217 0.7933630618 0.7437637692 0.4650480392 0.6024469910
 0.1353192153 0.6814154977 0.5860904051 0.1969406473 0.7491933929 0.1234434334 0.2472033139 0.2299260579 0.2173271704 0.0391269542 0.5000000000 0.7950915373 0.9283041275 0.4799278984 0.8979268449 0.9117055652 0.6318922820 0.5854167994 0.6163818662 0.8840084055
 0.1026551705 0.2007655856 0.1611381077 0.0144828209 0.2534041072 0.2700658075 0.0587982434 0.0792760067 0.0984705957 0.3262829933 0.2049084627 0.5000000000 0.7888605515 0.5986855514 0.7041622884 0.8787573022 0.7554391374 0.0974545363 0.5460802818 0.4644902114
 0.0937135024 0.6336532447 0.0706581085 0.1791466792 0.3258824175 0.1256240176 0.0781578281 0.1496291073 0.5588393530 0.0228752242 0.0716958725 0.2111394485 0.5000000000 0.4736732749 0.5811471721 0.6534165335 0.8858192148 0.9463537646 0.4761317300 0.9989987664
 0.0443030443 0.5280962912 0.4689985834 0.3350041374 0.6394511875 0.1647387730 0.2581457061 0.1633919770 0.0789780485 0.2423421027 0.5200721016 0.4013144486 0.5263267251 0.5000000000 0.4541970640 0.7170746612 0.6091295370 0.9595215586 0.8289071958 0.4978931106
 0.2942014602 0.1997047621 0.2385530102 0.2105464296 0.0304251080 0.1531353894 0.4394004773 0.2647065871 0.1690409596 0.2577531978 0.1020731551 0.2958377116 0.4188528279 0.5458029360 0.5000000000 0.9461309262 0.7915268239 0.7359133246 0.7980154410 0.8718375778
 0.6734369867 0.5728489025 0.0094838181 0.0099908082 0.3707275925 0.3033469923 0.3907439262 0.0458413101 0.1828723486 0.1292096783 0.0882944348 0.1212426978 0.3465834665 0.2829253388 0.0538690738 0.5000000000 0.9322696993 0.9841628587 0.7014336093 0.7125162081
 0.1208893516 0.2195617203 0.0557811950 0.3163542029 0.1842507039 0.3774727918 0.1271001748 0.0979146925 0.1743611086 0.2066369382 0.3681077180 0.2445608626 0.1141807852 0.3908704630 0.2084731761 0.0677303007 0.5000000000 0.4588881947 0.8914890980 0.4855842183
 0.2128598098 0.0292892164 0.1839928032 0.3530904721 0.0230640458 0.4852007169 0.1580298477 0.2902379208 0.1740865251 0.2562362308 0.4145832006 0.9025454637 0.0536462354 0.0404784414 0.2640866754 0.0158371413 0.5411118053 0.5000000000 0.8202147793 0.7229901361
 0.2666261918 0.2995047530 0.0167811782 0.5304006437 0.4912163573 0.4764435792 0.1051301140 0.3370988541 0.8504579800 0.5349519608 0.3836181338 0.4539197182 0.5238682700 0.1710928042 0.2019845590 0.2985663907 0.1085109020 0.1797852207 0.5000000000 0.5468849046
 0.1234237185 0.0247141497 0.0622579801 0.0839969986 0.4355937956 0.1859131605 0.1471014084 0.1254125660 0.1393289690 0.3975530090 0.1159915945 0.5355097886 0.0010012336 0.5021068894 0.1281624222 0.2874837919 0.5144157817 0.2770098639 0.4531150954 0.5000000000
]
