n: 20

c:
[
 0.5000000000 0.9710366982 0.8093194806 0.9491389648 0.9462945137 0.9449990385 0.8349599080 0.9810084924 0.6858140316 0.6445492042 0.8910646621 0.2485933143 0.9667307123 0.6366867689 0.8435192282 0.9370305325 0.8450396712 0.9529811827 0.7113441134 0.3326972068
 0.0289633018 0.5000000000 0.6520592867 0.8498030900 0.6870426291 0.9969169789 0.9796149794 0.9862589853 0.9472544525 0.9667869976 0.6410379759 0.8375314844 0.9201460425 0.8436819095 0.4093507813 0.8813315639 0.4232181112 0.9087977940 0.4951792851 0.8888631177
 0.1906805194 0.3479407133 0.5000000000 0.6440050602 0.8046427295 0.8514262501 0.6767082583 0.8363909670 0.6747522348 0.8604118273 0.8771610891 0.9877298041 0.8873901874 0.8725574349 0.7630724196 0.4285927063 0.5361669619 0.7412010768 0.8497611104 0.8659266808
 0.0508610352 0.1501969100 0.3559949398 0.5000000000 0.7769369171 0.9306608481 0.8526522281 0.6505457193 0.6873097195 0.9912409982 0.8537836591 0.7330935319 0.9947912736 0.7590922626 0.8610606159 0.7853836085 0.5636544828 0.7792238998 0.8379848626 0.9100115009
 0.0537054863 0.3129573709 0.1953572705 0.2230630829 0.5000000000 0.8268760215 0.9294410793 0.7998333827 0.9855849471 0.9765670176 0.6615785018 0.9711814439 0.9299910272 0.9152405798 0.9178495193 0.6366018905 0.9065834267 0.7821416979 0.7317541220 0.9356814247
 0.0550009615 0.0030830211 0.1485737499 0.0693391519 0.1731239785 0.5000000000 0.9819601991 0.8654772990 0.9104376827 0.7417462939 0.8027278789 0.9791144860 0.7489190389 0.4502979666 0.9096719649 0.8692425848 0.6848749694 0.9920238175 0.7154910946 0.8622994740
 0.1650400920 0.0203850206 0.3232917417 0.1473477719 0.0705589207 0.0180398009 0.5000000000 0.5138577685 0.9065294384 0.9079452805 0.9692306679 0.8011391412 0.7771458917 0.9454347626 0.2809426417 0.5738998521 0.5637173205 0.9787626104 0.9053435551 0.3791414134
 0.0189915076 0.0137410147 0.1636090330 0.3494542807 0.2001666173 0.1345227010 0.4861422315 0.5000000000 0.7491137766 0.8794075471 0.9797451136 0.8100982249 0.5797066360 0.8291518380 0.5411873643 0.8884557857 0.7808840553 0.9833156837 0.4975772853 0.7335507110
 0.3141859684 0.0527455475 0.3252477652 0.3126902805 0.0144150529 0.0895623173 0.0934705616 0.2508862234 0.5000000000 0.7506308962 0.7252081843 0.7941325042 0.4016433047 0.4257380049 0.8983811194 0.7787557498 0.8738116697 0.8818524642 0.9532575854 0.9543217460
 0.3554507958 0.0332130024 0.1395881727 0.0087590018 0.0234329824 0.2582537061 0.0920547195 0.1205924529 0.2493691038 0.5000000000 0.9008554638 0.8346230691 0.9241794305 0.8518000304 0.8383173684 0.6459176071 0.7117598335 0.7360313326 0.7648779125 0.7602979032
 0.1089353379 0.3589620241 0.1228389109 0.1462163409 0.3384214982 0.1972721211 0.0307693321 0.0202548864 0.2747918157 0.0991445362 0.5000000000 0.8455061265 0.8769142988 0.8700396604 0.8017458102 0.7022030984 0.9426337035 0.9625423176 0.8577939733 0.8886172800
 0.7514066857 0.1624685156 0.0122701959 0.2669064681 0.0288185561 0.0208855140 0.1988608588 0.1899017751 0.2058674958 0.1653769309 0.1544938735 0.5000000000 0.8654325078 0.7877624470 0.8863182829 0.8606666319 0.8921848504 0.8469605302 0.9864789107 0.6502281680
 0.0332692877 0.0798539575 0.1126098126 0.0052087264 0.0700089728 0.2510809611 0.2228541083 0.4202933640 0.5983566953 0.0758205695 0.1230857012 0.1345674922 0.5000000000 0.9134595598 0.6568022189 0.9643457957 0.9194520800 0.4990942327 0.4495088382 0.7738274494
 0.3633132311 0.1563180905 0.1274425651 0.2409077374 0.0847594202 0.5497020334 0.0545652374 0.1708481620 0.5742619951 0.1481999696 0.1299603396 0.2122375530 0.0865404402 0.5000000000 0.7968749467 0.6673044437 0.6944999260 0.8629511595 0.7920031985 0.8344583934
 0.1564807718 0.5906492187 0.2369275804 0.1389393841 0.0821504807 0.0903280351 0.7190573583 0.4588126357 0.1016188806 0.1616826316 0.1982541898 0.1136817171 0.3431977811 0.2031250533 0.5000000000 0.9342518484 0.8550165475 0.4157453261 0.8147905125 0.8150918710
 0.0629694675 0.1186684361 0.5714072937 0.2146163915 0.3633981095 0.1307574152 0.4261001479 0.1115442143 0.2212442502 0.3540823929 0.2977969016 0.1393333681 0.0356542043 0.3326955563 0.0657481516 0.5000000000 0.7580671832 0.8288079929 0.7612010547 0.9751389453
 0.1549603288 0.5767818888 0.4638330381 0.4363455172 0.0934165733 0.3151250306 0.4362826795 0.2191159447 0.1261883303 0.2882401665 0.0573662965 0.1078151496 0.0805479200 0.3055000740 0.1449834525 0.2419328168 0.5000000000 0.5283314102 0.8561957032 0.1344912485
 0.0470188173 0.0912022060 0.2587989232 0.2207761002 0.2178583021 0.0079761825 0.0212373896 0.0166843163 0.1181475358 0.2639686674 0.0374576824 0.1530394698 0.5009057673 0.1370488405 0.5842546739 0.1711920071 0.4716685898 0.5000000000 0.8112843067 0.7514585348
 0.2886558866 0.5048207149 0.1502388896 0.1620151374 0.2682458780 0.2845089054 0.0946564449 0.5024227147 0.0467424146 0.2351220875 0.1422060267 0.0135210893 0.5504911618 0.2079968015 0.1852094875 0.2387989453 0.1438042968 0.1887156933 0.5000000000 0.8767610515
 0.6673027932 0.1111368823 0.1340733192 0.0899884991 0.0643185753 0.1377005260 0.6208585866 0.2664492890 0.0456782540 0.2397020968 0.1113827200 0.3497718320 0.2261725506 0.1655416066 0.1849081290 0.0248610547 0.8655087515 0.2485414652 0.1232389485 0.5000000000
]
