n: 20

c:
[
 0.5000000000 0.8230163713 0.8386577217 0.9783903313 0.6455029814 0.6827265951 0.3366038177 0.8029576077 0.8164274614 0.8956960433 0.6740092385 0.5921261560 0.5320996814 0.1794979092 0.7280511881 0.9347325254 0.9732338367 0.7511171404 0.7314369423 0.5446589008
 0.1769836287 0.5000000000 0.5582827102 0.8654373640 0.9379908538 0.7792356952 0.7367221351 0.8465448431 0.8970195173 0.2131025515 0.8111016767 0.4832212902 0.6059621701 0.6196693702 0.9680313374 0.8453877538 0.7129687373 0.5161492066 0.7319729875 0.6793019784
 0.1613422783 0.4417172898 0.5000000000 0.5775546507 0.7783227332 0.9874150026 0.6334493264 0.7298158997 0.7958187262 0.5897635487 0.7101879177 0.4903977918 0.5650587311 0.6640871615 0.5123065165 0.6888207758 0.8673799539 0.6853104258 0.8662634529 0.7298023855
 0.0216096687 0.1345626360 0.4224453493 0.5000000000 0.9460581539 0.9227627554 0.9407417610 0.6278621019 0.8052043182 0.9383998724 0.6469374752 0.7384381100 0.9364417341 0.7753797743 0.8052909712 0.6920351178 0.9987294208 0.8570349712 0.6758871720 0.0789311909
 0.3544970186 0.0620091462 0.2216772668 0.0539418461 0.5000000000 0.8604043983 0.9665296443 0.3225373193 0.8696138979 0.3904038023 0.6305375755 0.5386022432 0.9197752702 0.8950189109 0.9690184663 0.7353653222 0.9321910242 0.9424072546 0.4474208291 0.7093576694
 0.3172734049 0.2207643048 0.0125849974 0.0772372446 0.1395956017 0.5000000000 0.9107025230 0.6466524320 0.5296925372 0.9775644359 0.8572847826 0.9289480573 0.6075118999 0.4191487881 0.7801003614 0.4596698687 0.6832167624 0.8778643852 0.9823776350 0.9142480504
 0.6633961823 0.2632778649 0.3665506736 0.0592582390 0.0334703557 0.0892974770 0.5000000000 0.9760010411 0.8983222159 0.7064333874 0.7774051804 0.8644322348 0.5298582161 0.5347938504 0.5833711470 0.7837997051 0.9902528468 0.9362719778 0.9700849630 0.7478135413
 0.1970423923 0.1534551569 0.2701841003 0.3721378981 0.6774626807 0.3533475680 0.0239989589 0.5000000000 0.8410432719 0.4317313368 0.9567676935 0.7017961118 0.3387787857 0.3384715801 0.1804840171 0.7254368625 0.8849758061 0.4745069966 0.5584467361 0.8990844421
 0.1835725386 0.1029804827 0.2041812738 0.1947956818 0.1303861021 0.4703074628 0.1016777841 0.1589567281 0.5000000000 0.9386368863 0.6111622967 0.4231945997 0.2054856675 0.9570266163 0.5456139930 0.9404126268 0.6723224527 0.9047199374 0.8904279099 0.6856128497
 0.1043039567 0.7868974485 0.4102364513 0.0616001276 0.6095961977 0.0224355641 0.2935666126 0.5682686632 0.0613631137 0.5000000000 0.7895681952 0.3617345047 0.9571407541 0.7346114949 0.9651610877 0.5286419502 0.9709310665 0.8436404876 0.7811018495 0.8428398261
 0.3259907615 0.1888983233 0.2898120823 0.3530625248 0.3694624245 0.1427152174 0.2225948196 0.0432323065 0.3888377033 0.2104318048 0.5000000000 0.7689046883 0.8752107730 0.3043105632 0.7148119979 0.6888726369 0.9453965158 0.6971714007 0.8399246738 0.8130996755
 0.4078738440 0.5167787098 0.5096022082 0.2615618900 0.4613977568 0.0710519427 0.1355677652 0.2982038882 0.5768054003 0.6382654953 0.2310953117 0.5000000000 0.9645489502 0.9821479420 0.3889126702 0.6575577224 0.8846708106 0.4438791143 0.6513745970 0.9702630805
 0.4679003186 0.3940378299 0.4349412689 0.0635582659 0.0802247298 0.3924881001 0.4701417839 0.6612212143 0.7945143325 0.0428592459 0.1247892270 0.0354510498 0.5000000000 0.5454001655 0.2211629357 0.7302113413 0.9918867890 0.8611156537 0.4853930763 0.8790981040
 0.8205020908 0.3803306298 0.3359128385 0.2246202257 0.1049810891 0.5808512119 0.4652061496 0.6615284199 0.0429733837 0.2653885051 0.6956894368 0.0178520580 0.4545998345 0.5000000000 0.9417821734 0.5560727087 0.5953305715 0.8231004690 0.9871072891 0.6747700760
 0.2719488119 0.0319686626 0.4876934835 0.1947090288 0.0309815337 0.2198996386 0.4166288530 0.8195159829 0.4543860070 0.0348389123 0.2851880021 0.6110873298 0.7788370643 0.0582178266 0.5000000000 0.4125308976 0.9468794888 0.9662011496 0.9253737306 0.5521084810
 0.0652674746 0.1546122462 0.3111792242 0.3079648822 0.2646346778 0.5403301313 0.2162002949 0.2745631375 0.0595873732 0.4713580498 0.3111273631 0.3424422776 0.2697886587 0.4439272913 0.5874691024 0.5000000000 0.7446481110 0.8921542594 0.6144059066 0.4657227817
 0.0267661633 0.2870312627 0.1326200461 0.0012705792 0.0678089758 0.3167832376 0.0097471532 0.1150241939 0.3276775473 0.0290689335 0.0546034842 0.1153291894 0.0081132110 0.4046694285 0.0531205112 0.2553518890 0.5000000000 0.4229255182 0.7184419040 0.9581490587
 0.2488828596 0.4838507934 0.3146895742 0.1429650288 0.0575927454 0.1221356148 0.0637280222 0.5254930034 0.0952800626 0.1563595124 0.3028285993 0.5561208857 0.1388843463 0.1768995310 0.0337988504 0.1078457406 0.5770744818 0.5000000000 0.4149148367 0.6309744054
 0.2685630577 0.2680270125 0.1337365471 0.3241128280 0.5525791709 0.0176223650 0.0299150370 0.4415532639 0.1095720901 0.2188981505 0.1600753262 0.3486254030 0.5146069237 0.0128927109 0.0746262694 0.3855940934 0.2815580960 0.5850851633 0.5000000000 0.5027065121
 0.4553410992 0.3206980216 0.2701976145 0.9210688091 0.2906423306 0.0857519496 0.2521864587 0.1009155579 0.3143871503 0.1571601739 0.1869003245 0.0297369195 0.1209018960 0.3252299240 0.4478915190 0.5342772183 0.0418509413 0.3690255946 0.4972934879 0.5000000000
]
