n: 40

c:
[
 0.5000000000 0.9357987406 0.7418336541 0.9262463048 0.6269558724 0.8350977901 0.8591212763 0.6199194560 0.9822972730 0.6229841446 0.7173686248 0.9687824215 0.9267087725 0.3751824069 0.8607157029 0.7597578713 0.9301491636 0.9863063968 0.9548934163 0.8585854350 0.8276750390 0.6233501875 0.7875639153 0.9658015709 0.9782141482 0.8623475897 0.9470395143 0.7612737087 0.7056102418 0.5781615314 0.5152064681 0.7148133897 0.8474949367 0.5847725615 0.9378054363 0.9130186293 0.7788661061 0.5123489382 0.8389599329 0.6014692547
 0.0642012594 0.5000000000 0.2002939496 0.6145769541 0.8125908623 0.5896725724 0.8050458339 0.6893989685 0.2914626290 0.8343576737 0.3841080385 0.6597262551 0.5911706533 0.5832626023 0.7036923346 0.3787694622 0.9951030983 0.8996306185 0.9515694784 0.9237065828 0.9278932223 0.6717725076 0.9017862695 0.8441178212 0.6853158683 0.8224400884 0.7554539905 0.0829078634 0.9746101220 0.4533890385 0.8112946815 0.9361240911 0.3078861541 0.9548185517 0.9723026187 0.7036069997 0.8876416848 0.6022685077 0.9705070934 0.6139686445
 0.2581663459 0.7997060504 0.5000000000 0.8976444876 0.6672545340 0.9781474735 0.8939074897 0.6513007358 0.8601053969 0.6482495925 0.7932019462 0.8227477807 0.5876116329 0.8307413943 0.7612337980 0.7795370489 0.7686447906 0.5227249088 0.8218310293 0.5360039599 0.5827737942 0.9089110247 0.7323039455 0.5796745375 0.8391290158 0.9707174156 0.9231356834 0.9463806547 0.9852052412 0.5344888842 0.8295298949 0.7573142368 0.6876671612 0.3085549100 0.8085195516 0.4674011286 0.6333275373 0.3029035218 0.5338881549 0.5352004502
 0.0737536952 0.3854230459 0.1023555124 0.5000000000 0.5812670097 0.4954795002 0.6039836215 0.5189907529 0.8016146482 0.7119029805 0.7962809649 0.6433186683 0.9724577608 0.7298855599 0.7482108545 0.8972005491 0.7481308766 0.8324981943 0.9472828865 0.7768195463 0.9466785042 0.9403183845 0.8925424143 0.9696447378 0.9192271859 0.6468240693 0.8333022246 0.8327505548 0.5206366335 0.6386229506 0.6831104414 0.7466895497 0.8132976114 0.9286217741 0.9640328617 0.8265376019 0.8579733764 0.9601913251 0.7972242340 0.8178216927
 0.3730441276 0.1874091377 0.3327454660 0.4187329903 0.5000000000 0.8990053161 0.4643151040 0.9985228688 0.6363046541 0.5362069462 0.6304773941 0.5709630845 0.7855830914 0.5434472499 0.3479692524 0.6547048480 0.6730022566 0.7722736462 0.7470404476 0.7409729833 0.7763685213 0.3994413384 0.9280140254 0.6531391805 0.7038927003 0.7682524371 0.8047403142 0.8953659531 0.9834626189 0.9101011361 0.8413003670 0.4514316891 0.9544043495 0.7250544538 0.6102253186 0.9617036140 0.2679497742 0.9205702825 0.7809536756 0.4433079907
 0.1649022099 0.4103274276 0.0218525265 0.5045204998 0.1009946839 0.5000000000 0.4969456430 0.7091745473 0.9791788517 0.6249634495 0.6726291464 0.3277585825 0.6899443098 0.7137399805 0.8071085690 0.7490520309 0.8834845186 0.7425409523 0.4490992560 0.5965306717 0.9812566799 0.7770238686 0.5162226067 0.3304878938 0.8623792006 0.5652511910 0.7382624534 0.6959575421 0.8717462961 0.7113916860 0.5850713902 0.9218438314 0.8641924217 0.2387839707 0.7931606788 0.6647269255 0.7139419774 0.7539017454 0.5649263209 0.5651940953
 0.1408787237 0.1949541661 0.1060925103 0.3960163785 0.5356848960 0.5030543570 0.5000000000 0.6042994142 0.7597011515 0.9432611499 0.8061752149 0.5516426902 0.4229871381 0.8754252736 0.4811786011 0.7752229320 0.9257504947 0.3708048993 0.9947948031 0.9320526263 0.1743355368 0.7940703345 0.7579423848 0.7151238585 0.9382668819 0.6982832810 0.9624564803 0.9863305127 0.9771145382 0.7585553530 0.8022499938 0.8951783788 0.7427324784 0.9212128638 0.7108403936 0.9680257229 0.5950949050 0.7903710777 0.5009894742 0.9979134631
 0.3800805440 0.3106010315 0.3486992642 0.4810092471 0.0014771312 0.2908254527 0.3957005858 0.5000000000 0.9131656219 0.6884303237 0.7706786337 0.6726129170 0.7641591655 0.7822109902 0.8143741487 0.6966199293 0.8719858884 0.9477200637 0.7579980571 0.9613179208 0.2918579589 0.9141761589 0.7185425325 0.7739112751 0.9451582300 0.9225189730 0.4794409765 0.9795012597 0.4836594002 0.7217932966 0.9775606732 0.3760200564 0.5781830199 0.8678642023 0.7687648341 0.8301526146 0.6130485754 0.7591923092 0.1526222576 0.9167155435
 0.0177027270 0.7085373710 0.1398946031 0.1983853518 0.3636953459 0.0208211483 0.2402988485 0.0868343781 0.5000000000 0.5707548522 0.3863532025 0.6026631004 0.8796201548 0.4388711724 0.8512787668 0.9705976623 0.7376918920 0.8307569761 0.4695399710 0.9212665575 0.6959583352 0.5619610213 0.8657663840 0.5316494725 0.7888425935 0.7853995584 0.8740182761 0.8621741488 0.7127569748 0.8786594520 0.6395855987 0.8469574888 0.7871552427 0.8936296048 0.6129424741 0.6677731670 0.7099971184 0.9757859493 0.8537594739 0.8596076530
 0.3770158554 0.1656423263 0.3517504075 0.2880970195 0.4637930538 0.3750365505 0.0567388501 0.3115696763 0.4292451478 0.5000000000 0.9181661445 0.9690582986 0.9471834277 0.8254267024 0.5710140106 0.7074065806 0.4512808805 0.7235002260 0.7905742499 0.6608482583 0.4925820706 0.4093259067 0.9909815026 0.6227848343 0.9600516743 0.3507670522 0.8661134773 0.6398575287 0.6493988662 0.9779985693 0.9117680447 0.7870460296 0.3563961069 0.8272839665 0.8212550878 0.8940992256 0.5806922166 0.8998265136 0.9325797938 0.5265983700
 0.2826313752 0.6158919615 0.2067980538 0.2037190351 0.3695226059 0.3273708536 0.1938247851 0.2293213663 0.6136467975 0.0818338555 0.5000000000 0.5155407237 0.7433199193 0.6497100483 0.8894396818 0.6432337918 0.8797201100 0.5456405224 0.9271499862 0.6762155944 0.9028124205 0.9673247711 0.5964344736 0.7211952211 0.5821412274 0.7459457504 0.6068662986 0.9782932097 0.7765452643 0.9875688449 0.7915780135 0.9152763313 0.5782756892 0.7537422639 0.4466125321 0.6282369872 0.8699531118 0.9927534581 0.5346255626 0.9744225132
 0.0312175785 0.3402737449 0.1772522193 0.3566813317 0.4290369155 0.6722414175 0.4483573098 0.3273870830 0.3973368996 0.0309417014 0.4844592763 0.5000000000 0.5953111317 0.9072302656 0.4199440312 0.5310220167 0.8961384172 0.7810736274 0.6628712805 0.6918513486 0.7858362282 0.7255806632 0.7275830690 0.9996199133 0.9495858653 0.2544636620 0.6245585404 0.8124784024 0.7588014019 0.9484342623 0.6342985238 0.8501694240 0.7754393855 0.8929079629 0.9059381959 0.5773443765 0.4284635612 0.9414070111 0.8609481793 0.5763143481
 0.0732912275 0.4088293467 0.4123883671 0.0275422392 0.2144169086 0.3100556902 0.5770128619 0.2358408345 0.1203798452 0.0528165723 0.2566800807 0.4046888683 0.5000000000 0.9630920121 0.3903981765 0.5933451630 0.8455637877 0.7317206623 0.7166143338 0.6785648755 0.7873475049 0.7082118852 0.3241819705 0.5994416015 0.7384879121 0.6984215657 0.3793575931 0.4153554993 0.8915209930 0.9484875081 0.5593320442 0.7615634353 0.6027828224 0.9480905073 0.6536899468 0.9604780416 0.8750902292 0.7053430118 0.7523526709 0.5586332791
 0.6248175931 0.4167373977 0.1692586057 0.2701144401 0.4565527501 0.2862600195 0.1245747264 0.2177890098 0.5611288276 0.1745732976 0.3502899517 0.0927697344 0.0369079879 0.5000000000 0.6527279705 0.4585706633 0.7276928421 0.8468053078 0.6181661694 0.7947561217 0.7735283196 0.6041392203 0.8998299195 0.9556457552 0.6613175351 0.8059216002 0.9845636574 0.6701639329 0.6588103971 0.7155672922 0.1155909068 0.8639659897 0.4438999763 0.5321340558 0.2427031298 0.9980243092 0.8785370032 0.4195747759 0.8449493043 0.9502419146
 0.1392842971 0.2963076654 0.2387662020 0.2517891455 0.6520307476 0.1928914310 0.5188213989 0.1856258513 0.1487212332 0.4289859894 0.1105603182 0.5800559688 0.6096018235 0.3472720295 0.5000000000 0.9874045680 0.4869739484 0.7776651679 0.5279153189 0.7667343507 0.3295103364 0.3182025548 0.3573338090 0.8205061456 0.9922530260 0.8180069776 0.8530390293 0.8944361344 0.7322839430 0.9961085113 0.9526620556 0.9885078796 0.7185669292 0.9320976558 0.3670001496 0.9040524731 0.4514703866 0.9682427235 0.3528010835 0.4178564069
 0.2402421287 0.6212305378 0.2204629511 0.1027994509 0.3452951520 0.2509479691 0.2247770680 0.3033800707 0.0294023377 0.2925934194 0.3567662082 0.4689779833 0.4066548370 0.5414293367 0.0125954320 0.5000000000 0.3659993138 0.6867046680 0.8144373740 0.7835040426 0.9449826953 0.6199857136 0.8791043709 0.7978826456 0.8596479708 0.8856744971 0.9779650857 0.5226378427 0.4643696109 0.7725432402 0.1779093548 0.9464311437 0.8426915251 0.6070594917 0.6086976357 0.6302552847 0.8995671939 0.7526346488 0.9838923885 0.8472947000
 0.0698508364 0.0048969017 0.2313552094 0.2518691234 0.3269977434 0.1165154814 0.0742495053 0.1280141116 0.2623081080 0.5487191195 0.1202798900 0.1038615828 0.1544362123 0.2723071579 0.5130260516 0.6340006862 0.5000000000 0.9168210913 0.8351336521 0.6909003341 0.7532167857 0.6858635165 0.5489265196 0.8493537326 0.7300799245 0.9741057858 0.7868851252 0.7721412030 0.4978963098 0.9540321682 0.9239144243 0.8390182227 0.8430610709 0.8594464502 0.9991326463 0.8696818614 0.7813161482 0.8002088362 0.9734672993 0.7839697265
 0.0136936032 0.1003693815 0.4772750912 0.1675018057 0.2277263538 0.2574590477 0.6291951007 0.0522799363 0.1692430239 0.2764997740 0.4543594776 0.2189263726 0.2682793377 0.1531946922 0.2223348321 0.3132953320 0.0831789087 0.5000000000 0.9760285593 0.6984233326 0.8024792618 0.5081127742 0.7021941337 0.8118498111 0.9578588773 0.8526396926 0.7680459902 0.5421370546 0.4994055786 0.8400090493 0.8778810479 0.6358659579 0.9506392033 0.4857150752 0.6669373214 0.9124384123 0.6845837298 0.8428970800 0.9979784374 0.7674657247
 0.0451065837 0.0484305216 0.1781689707 0.0527171135 0.2529595524 0.5509007440 0.0052051969 0.2420019429 0.5304600290 0.2094257501 0.0728500138 0.3371287195 0.2833856662 0.3818338306 0.4720846811 0.1855626260 0.1648663479 0.0239714407 0.5000000000 0.9504673683 0.6621806051 0.8939038162 0.5659178948 0.6765606698 0.5875853858 0.8440034991 0.7344468225 0.9273475334 0.3957989775 0.9278623922 0.7190830499 0.9928002733 0.9044235072 0.9187027063 0.5731894636 0.8995597525 0.4564545257 0.5434730272 0.9529084792 0.7177017621
 0.1414145650 0.0762934172 0.4639960401 0.2231804537 0.2590270167 0.4034693283 0.0679473737 0.0386820792 0.0787334425 0.3391517417 0.3237844056 0.3081486514 0.3214351245 0.2052438783 0.2332656493 0.2164959574 0.3090996659 0.3015766674 0.0495326317 0.5000000000 0.7640088586 0.7905768390 0.1814430264 0.8497886612 0.4184799698 0.8492841295 0.8043245848 0.9434636401 0.9419558316 0.9371505618 0.9403039684 0.6970139585 0.8099234441 0.9868934177 0.7434767551 0.7469881567 0.6855790802 0.8552707887 0.6273416078 0.6910327008
 0.1723249610 0.0721067777 0.4172262058 0.0533214958 0.2236314787 0.0187433201 0.8256644632 0.7081420411 0.3040416648 0.5074179294 0.0971875795 0.2141637718 0.2126524951 0.2264716804 0.6704896636 0.0550173047 0.2467832143 0.1975207382 0.3378193949 0.2359911414 0.5000000000 0.9175597354 0.7354430187 0.6926373175 0.8995580892 0.5951046380 0.6570508169 0.9709172371 0.9370225304 0.8385738496 0.7209899584 0.8710063676 0.7141216111 0.7753891829 0.7494148261 0.5378072638 0.8249382911 0.9447215640 0.4424612981 0.6902533398
 0.3766498125 0.3282274924 0.0910889753 0.0596816155 0.6005586616 0.2229761314 0.2059296655 0.0858238411 0.4380389787 0.5906740933 0.0326752289 0.2744193368 0.2917881148 0.3958607797 0.6817974452 0.3800142864 0.3141364835 0.4918872258 0.1060961838 0.2094231610 0.0824402646 0.5000000000 0.3287752645 0.7359062110 0.7510972414 0.4652526101 0.7842611587 0.7337083638 0.7293680973 0.7499654110 0.9199911250 0.7546524117 0.9511010528 0.5702285058 0.5583173421 0.9880009001 0.8888532019 0.8648828071 0.9070168458 0.6545670874
 0.2124360847 0.0982137305 0.2676960545 0.1074575857 0.0719859746 0.4837773933 0.2420576152 0.2814574675 0.1342336160 0.0090184974 0.4035655264 0.2724169310 0.6758180295 0.1001700805 0.6426661910 0.1208956291 0.4510734804 0.2978058663 0.4340821052 0.8185569736 0.2645569813 0.6712247355 0.5000000000 0.9302850039 0.6591073585 0.7706133439 0.4598993569 0.9658007027 0.9498471872 0.5329037268 0.9847721301 0.4693002106 0.3833364857 0.8335995546 0.8798466534 0.8385881219 0.4392024816 0.8551479867 0.8271288812 0.3302794887
 0.0341984291 0.1558821788 0.4203254625 0.0303552622 0.3468608195 0.6695121062 0.2848761415 0.2260887249 0.4683505275 0.3772151657 0.2788047789 0.0003800867 0.4005583985 0.0443542448 0.1794938544 0.2021173544 0.1506462674 0.1881501889 0.3234393302 0.1502113388 0.3073626825 0.2640937890 0.0697149961 0.5000000000 0.9776394682 0.9029948197 0.3989426048 0.9013873152 0.9000250846 0.7320898543 0.2754486993 0.2172165698 0.8988385067 0.7444721123 0.6152773780 0.7039508108 0.5960293481 0.7222583587 0.5839504516 0.4106895051
 0.0217858518 0.3146841317 0.1608709842 0.0807728141 0.2961072997 0.1376207994 0.0617331181 0.0548417700 0.2111574065 0.0399483257 0.4178587726 0.0504141347 0.2615120879 0.3386824649 0.0077469740 0.1403520292 0.2699200755 0.0421411227 0.4124146142 0.5815200302 0.1004419108 0.2489027586 0.3408926415 0.0223605318 0.5000000000 0.7848558649 0.4193689428 0.9558826797 0.6426141079 0.6403131153 0.9561417199 0.9179282726 0.6471049349 0.8220873012 0.9880359804 0.5019537458 0.8592466564 0.6967058365 0.3576736923 0.5988403662
 0.1376524103 0.1775599116 0.0292825844 0.3531759307 0.2317475629 0.4347488090 0.3017167190 0.0774810270 0.2146004416 0.6492329478 0.2540542496 0.7455363380 0.3015784343 0.1940783998 0.1819930224 0.1143255029 0.0258942142 0.1473603074 0.1559965009 0.1507158705 0.4048953620 0.5347473899 0.2293866561 0.0970051803 0.2151441351 0.5000000000 0.8734376892 0.6416119132 0.9655779408 0.9283995773 0.7404030663 0.5053257585 0.8440579982 0.8457736696 0.7565669367 0.5739579985 0.4476147056 0.3373881765 0.7718305673 0.8204882767
 0.0529604857 0.2445460095 0.0768643166 0.1666977754 0.1952596858 0.2617375466 0.0375435197 0.5205590235 0.1259817239 0.1338865227 0.3931337014 0.3754414596 0.6206424069 0.0154363426 0.1469609707 0.0220349143 0.2131148748 0.2319540098 0.2655531775 0.1956754152 0.3429491831 0.2157388413 0.5401006431 0.6010573952 0.5806310572 0.1265623108 0.5000000000 0.6378268506 0.9993822047 0.5151817736 0.8189015037 0.9757409863 0.9743953235 0.7278301832 0.7566188868 0.4095672199 0.9772576498 0.9620967965 0.6377855228 0.7909604119
 0.2387262913 0.9170921366 0.0536193453 0.1672494452 0.1046340469 0.3040424579 0.0136694873 0.0204987403 0.1378258512 0.3601424713 0.0217067903 0.1875215976 0.5846445007 0.3298360671 0.1055638656 0.4773621573 0.2278587970 0.4578629454 0.0726524666 0.0565363599 0.0290827629 0.2662916362 0.0341992973 0.0986126848 0.0441173203 0.3583880868 0.3621731494 0.5000000000 0.5373706364 0.9864066574 0.9509617661 0.5259815768 0.5731539635 0.3471434534 0.3966348148 0.9838118528 0.9587540554 0.3373794222 0.7561930126 0.9229428084
 0.2943897582 0.0253898780 0.0147947588 0.4793633665 0.0165373811 0.1282537039 0.0228854618 0.5163405998 0.2872430252 0.3506011338 0.2234547357 0.2411985981 0.1084790070 0.3411896029 0.2677160570 0.5356303891 0.5021036902 0.5005944214 0.6042010225 0.0580441684 0.0629774696 0.2706319027 0.0501528128 0.0999749154 0.3573858921 0.0344220592 0.0006177953 0.4626293636 0.5000000000 0.7718962327 0.7157354496 0.4556666559 0.9254800604 0.6971115184 0.8827611551 0.5422346746 0.9367973295 0.3274072269 0.6352212801 0.8085214361
 0.4218384686 0.5466109615 0.4655111158 0.3613770494 0.0898988639 0.2886083140 0.2414446470 0.2782067034 0.1213405480 0.0220014307 0.0124311551 0.0515657377 0.0515124919 0.2844327078 0.0038914887 0.2274567598 0.0459678318 0.1599909507 0.0721376078 0.0628494382 0.1614261504 0.2500345890 0.4670962732 0.2679101457 0.3596868847 0.0716004227 0.4848182264 0.0135933426 0.2281037673 0.5000000000 0.5291535049 0.9486745212 0.7524663668 0.9991396749 0.7011552960 0.4341744047 0.6864981953 0.9492866908 0.6148801165 0.7209655789
 0.4847935319 0.1887053185 0.1704701051 0.3168895586 0.1586996330 0.4149286098 0.1977500062 0.0224393268 0.3604144013 0.0882319553 0.2084219865 0.3657014762 0.4406679558 0.8844090932 0.0473379444 0.8220906452 0.0760855757 0.1221189521 0.2809169501 0.0596960316 0.2790100416 0.0800088750 0.0152278699 0.7245513007 0.0438582801 0.2595969337 0.1810984963 0.0490382339 0.2842645504 0.4708464951 0.5000000000 0.6908906042 0.6198948502 0.9612125131 0.9775032661 0.8970294136 0.6574216660 0.8458896755 0.3528924564 0.7896073609
 0.2851866103 0.0638759089 0.2426857632 0.2533104503 0.5485683109 0.0781561686 0.1048216212 0.6239799436 0.1530425112 0.2129539704 0.0847236687 0.1498305760 0.2384365647 0.1360340103 0.0114921204 0.0535688563 0.1609817773 0.3641340421 0.0071997267 0.3029860415 0.1289936324 0.2453475883 0.5306997894 0.7827834302 0.0820717274 0.4946742415 0.0242590137 0.4740184232 0.5443333441 0.0513254788 0.3091093958 0.5000000000 0.9490620717 0.6576176380 0.9441767586 0.9537344641 0.6818175879 0.4052100240 0.7808705845 0.5113986970
 0.1525050633 0.6921138459 0.3123328388 0.1867023886 0.0455956505 0.1358075783 0.2572675216 0.4218169801 0.2128447573 0.6436038931 0.4217243108 0.2245606145 0.3972171776 0.5561000237 0.2814330708 0.1573084749 0.1569389291 0.0493607967 0.0955764928 0.1900765559 0.2858783889 0.0488989472 0.6166635143 0.1011614933 0.3528950651 0.1559420018 0.0256046765 0.4268460365 0.0745199396 0.2475336332 0.3801051498 0.0509379283 0.5000000000 0.5511586593 0.9153686861 0.9429429500 0.4942806631 0.8059817126 0.8738385344 0.9881278965
 0.4152274385 0.0451814483 0.6914450900 0.0713782259 0.2749455462 0.7612160293 0.0787871362 0.1321357977 0.1063703952 0.1727160335 0.2462577361 0.1070920371 0.0519094927 0.4678659442 0.0679023442 0.3929405083 0.1405535498 0.5142849248 0.0812972937 0.0131065823 0.2246108171 0.4297714942 0.1664004454 0.2555278877 0.1779126988 0.1542263304 0.2721698168 0.6528565466 0.3028884816 0.0008603251 0.0387874869 0.3423823620 0.4488413407 0.5000000000 0.6647688435 0.9556911780 0.7169014223 0.9553567355 0.7042549978 0.9963269436
 0.0621945637 0.0276973813 0.1914804484 0.0359671383 0.3897746814 0.2068393212 0.2891596064 0.2312351659 0.3870575259 0.1787449122 0.5533874679 0.0940618041 0.3463100532 0.7572968702 0.6329998504 0.3913023643 0.0008673537 0.3330626786 0.4268105364 0.2565232449 0.2505851739 0.4416826579 0.1201533466 0.3847226220 0.0119640196 0.2434330633 0.2433811132 0.6033651852 0.1172388449 0.2988447040 0.0224967339 0.0558232414 0.0846313139 0.3352311565 0.5000000000 0.5716497529 0.8452627650 0.5883586458 0.7007534530 0.6772273577
 0.0869813707 0.2963930003 0.5325988714 0.1734623981 0.0382963860 0.3352730745 0.0319742771 0.1698473854 0.3322268330 0.1059007744 0.3717630128 0.4226556235 0.0395219584 0.0019756908 0.0959475269 0.3697447153 0.1303181386 0.0875615877 0.1004402475 0.2530118433 0.4621927362 0.0119990999 0.1614118781 0.2960491892 0.4980462542 0.4260420015 0.5904327801 0.0161881472 0.4577653254 0.5658255953 0.1029705864 0.0462655359 0.0570570500 0.0443088220 0.4283502471 0.5000000000 0.9848606499 0.9923779005 0.8374681286 0.9558280667
 0.2211338939 0.1123583152 0.3666724627 0.1420266236 0.7320502258 0.2860580226 0.4049050950 0.3869514246 0.2900028816 0.4193077834 0.1300468882 0.5715364388 0.1249097708 0.1214629968 0.5485296134 0.1004328061 0.2186838518 0.3154162702 0.5435454743 0.3144209198 0.1750617089 0.1111467981 0.5607975184 0.4039706519 0.1407533436 0.5523852944 0.0227423502 0.0412459446 0.0632026705 0.3135018047 0.3425783340 0.3181824121 0.5057193369 0.2830985777 0.1547372350 0.0151393501 0.5000000000 0.5292570841 0.7328153221 0.9176329407
 0.4876510618 0.3977314923 0.6970964782 0.0398086749 0.0794297175 0.2460982546 0.2096289223 0.2408076908 0.0242140507 0.1001734864 0.0072465419 0.0585929889 0.2946569882 0.5804252241 0.0317572765 0.2473653512 0.1997911638 0.1571029200 0.4565269728 0.1447292113 0.0552784360 0.1351171929 0.1448520133 0.2777416413 0.3032941635 0.6626118235 0.0379032035 0.6626205778 0.6725927731 0.0507133092 0.1541103245 0.5947899760 0.1940182874 0.0446432645 0.4116413542 0.0076220995 0.4707429159 0.5000000000 0.8548445747 0.5745970174
 0.1610400671 0.0294929066 0.4661118451 0.2027757660 0.2190463244 0.4350736791 0.4990105258 0.8473777424 0.1462405261 0.0674202062 0.4653744374 0.1390518207 0.2476473291 0.1550506957 0.6471989165 0.0161076115 0.0265327007 0.0020215626 0.0470915208 0.3726583922 0.5575387019 0.0929831542 0.1728711188 0.4160495484 0.6423263077 0.2281694327 0.3622144772 0.2438069874 0.3647787199 0.3851198835 0.6471075436 0.2191294155 0.1261614656 0.2957450022 0.2992465470 0.1625318714 0.2671846779 0.1451554253 0.5000000000 0.7177807555
 0.3985307453 0.3860313555 0.4647995498 0.1821783073 0.5566920093 0.4348059047 0.0020865369 0.0832844565 0.1403923470 0.4734016300 0.0255774868 0.4236856519 0.4413667209 0.0497580854 0.5821435931 0.1527053000 0.2160302735 0.2325342753 0.2822982379 0.3089672992 0.3097466602 0.3454329126 0.6697205113 0.5893104949 0.4011596338 0.1795117233 0.2090395881 0.0770571916 0.1914785639 0.2790344211 0.2103926391 0.4886013030 0.0118721035 0.0036730564 0.3227726423 0.0441719333 0.0823670593 0.4254029826 0.2822192445 0.5000000000
]
