n: 40

c:
[
 0.5000000000 0.9237529326 0.5627179480 0.9882675729 0.7475550476 0.7396824828 0.8788931834 0.7219093593 0.6877503892 0.9836675053 0.7111736599 0.6450747829 0.9458967177 0.8727186277 0.3473473663 0.9263463976 0.5210776899 0.9628318525 0.8239986532 0.8610755008 0.8980248814 0.7432480106 0.3628389397 0.9413994010 0.9984557796 0.9222432340 0.9283375550 0.9256247228 0.3654094864 0.6726992653 0.8648891588 0.9848686774 0.4899561886 0.8402584887 0.4853119857 0.8520977942 0.6310072061 0.9592980557 0.7481961313 0.8459703612
 0.0762470674 0.5000000000 0.6416947979 0.3628848170 0.9456422456 0.9378028650 0.3991465430 0.3941449379 0.3006840022 0.6748249706 0.6576206774 0.2922007358 0.7688532235 0.5126959215 0.5613257900 0.6893242891 0.8480910300 0.8533669018 0.9151861860 0.8576503732 0.9508118510 0.2913546726 0.8044525725 0.8549889541 0.4218646296 0.9382451323 0.5818921731 0.8598828649 0.6384188783 0.3881271532 0.4801376400 0.5471522977 0.8197427626 0.6216046943 0.8896662140 0.9645084669 0.6206320181 0.5533805699 0.8410700943 0.9871347758
 0.4372820520 0.3583052021 0.5000000000 0.9254728215 0.3943272885 0.4120576172 0.3211177414 0.9604326363 0.6266553616 0.6623605263 0.8891174324 0.5495603081 0.9606031378 0.5233458728 0.9451848520 0.9338620186 0.4045249104 0.9686127402 0.5768089482 0.8021629182 0.9049578114 0.2938233241 0.8953206231 0.8611530322 0.8557063577 0.8412794361 0.6309001729 0.4594066357 0.9356320478 0.5172958615 0.6694361396 0.5766791780 0.9645419735 0.9504246951 0.9340032516 0.9137832877 0.8471751668 0.6663678746 0.6292389989 0.9730921885
 0.0117324271 0.6371151830 0.0745271785 0.5000000000 0.8966951964 0.8117894189 0.4418092813 0.9577928142 0.9303621756 0.7395423960 0.8454259448 0.7747835343 0.2513781474 0.7534962288 0.6612542703 0.5211628097 0.8680257665 0.9302042579 0.7559113545 0.8554677191 0.7147763496 0.8890688104 0.6203701832 0.6893255346 0.4583451744 0.7470414171 0.6827293598 0.5980074676 0.7328770370 0.8790517076 0.8658985969 0.6585264737 0.9490147384 0.6042338221 0.9471682736 0.5783709593 0.6438018505 0.7088329803 0.9225407528 0.8063091053
 0.2524449524 0.0543577544 0.6056727115 0.1033048036 0.5000000000 0.9963070443 0.8369164083 0.5522488015 0.7880775938 0.8666241002 0.8206022747 0.9348151533 0.8814202390 0.9697588811 0.4842932433 0.8102685009 0.9223154746 0.7443007294 0.7624031309 0.8264429108 0.6352652760 0.3118995251 0.5983826446 0.3378851591 0.9610426579 0.5016624783 0.6938206793 0.8714550608 0.7567412626 0.7168657161 0.9192515634 0.7215770945 0.7334043464 0.8624552149 0.4416768630 0.9417824154 0.9953234400 0.6911856697 0.9400517629 0.5089694249
 0.2603175172 0.0621971350 0.5879423828 0.1882105811 0.0036929557 0.5000000000 0.9471374200 0.9337958140 0.7990330203 0.4014637383 0.7238824146 0.5570570204 0.9035739204 0.6698016286 0.8057249757 0.9096888424 0.7295359479 0.9809739957 0.7131644977 0.5701584478 0.9248520871 0.6350051830 0.8139020340 0.8935820736 0.8028474493 0.9646002261 0.5514865069 0.4018123062 0.6237316238 0.8955357811 0.9658655172 0.9496659393 0.6436806593 0.9563070993 0.6950191367 0.8863077570 0.5833306161 0.8883548626 0.8176826691 0.8895846310
 0.1211068166 0.6008534570 0.6788822586 0.5581907187 0.1630835917 0.0528625800 0.5000000000 0.9975591765 0.5236502319 0.7757006304 0.9793397306 0.7642439593 0.7490039299 0.8371124272 0.4184340872 0.9171814332 0.5895252111 0.6308427986 0.9674161799 0.4138358099 0.9361738527 0.8343248604 0.4592650602 0.5952975141 0.5642604263 0.9741154668 0.7662797395 0.3718672497 0.6097644023 0.8450527611 0.8217242141 0.8237165138 0.9770782193 0.7013216909 0.3419227147 0.4504115635 0.4845501136 0.7538843629 0.2197878772 0.5981202035
 0.2780906407 0.6058550621 0.0395673637 0.0422071858 0.4477511985 0.0662041860 0.0024408235 0.5000000000 0.9855244913 0.9855900429 0.6637705248 0.4267938243 0.7907226272 0.8552646913 0.8773800938 0.7949510327 0.9012205516 0.7040344221 0.9099672111 0.8626141049 0.7079792549 0.5859813807 0.8450105098 0.3708015811 0.9475721989 0.5806183277 0.5650568783 0.9559265914 0.7358700249 0.7528664818 0.7439063429 0.7599420964 0.5250283276 0.6252980124 0.9625704421 0.5577374971 0.8835223311 0.4454785840 0.6646070662 0.9488551274
 0.3122496108 0.6993159978 0.3733446384 0.0696378244 0.2119224062 0.2009669797 0.4763497681 0.0144755087 0.5000000000 0.1947833210 0.6120874100 0.6313408219 0.7164117714 0.9403480355 0.2955012326 0.7641131160 0.4743932472 0.4949638360 0.8774276211 0.8318697485 0.7558087807 0.8623075821 0.8918264556 0.4873181930 0.7909378611 0.8260831646 0.4228796472 0.5463960253 0.9203282339 0.7149810885 0.7227617039 0.8514273686 0.6425755350 0.5785052864 0.1817629929 0.9772460266 0.5325966394 0.3874715954 0.9536742511 0.8053770103
 0.0163324947 0.3251750294 0.3376394737 0.2604576040 0.1333758998 0.5985362617 0.2242993696 0.0144099571 0.8052166790 0.5000000000 0.5223446413 0.6200373293 0.7156029423 0.9593937529 0.4312383595 0.4269566292 0.9763232246 0.7412217151 0.9636908394 0.9234664100 0.7562070980 0.9616814877 0.8415501190 0.7443046607 0.6168110712 0.8069159120 0.9360388449 0.9844146101 0.9846323089 0.9218884903 0.4509733668 0.9849281615 0.7795197013 0.8580532512 0.9206499667 0.9983565629 0.4370818677 0.9502475341 0.7547534690 0.7412786181
 0.2888263401 0.3423793226 0.1108825676 0.1545740552 0.1793977253 0.2761175854 0.0206602694 0.3362294752 0.3879125900 0.4776553587 0.5000000000 0.8754980976 0.3509252231 0.4984921876 0.7119668409 0.9470140252 0.4057364137 0.5809655550 0.4704359948 0.6855286583 0.4845977801 0.6275786516 0.9109705290 0.9141831207 0.8274136293 0.9407796861 0.5570021453 0.6515347549 0.5795661451 0.7847400376 0.8751138782 0.7748761363 0.8002314059 0.5215181995 0.3912712024 0.6555795012 0.9134113986 0.7498976343 0.6100916910 0.9502017629
 0.3549252171 0.7077992642 0.4504396919 0.2252164657 0.0651848467 0.4429429796 0.2357560407 0.5732061757 0.3686591781 0.3799626707 0.1245019024 0.5000000000 0.6109300222 0.9783447848 0.8075657524 0.5974774550 0.8063891985 0.8379974556 0.8243124875 0.9136157483 0.6932747476 0.7024539613 0.7367220110 0.9711760001 0.7758713770 0.8031594112 0.4080234777 0.8614707564 0.6461193370 0.8830477463 0.9171359037 0.9701514864 0.5770224555 0.9459242527 0.8779985317 0.8354013244 0.7268669250 0.9729079722 0.8218249945 0.5512062768
 0.0541032823 0.2311467765 0.0393968622 0.7486218526 0.1185797610 0.0964260796 0.2509960701 0.2092773728 0.2835882286 0.2843970577 0.6490747769 0.3890699778 0.5000000000 0.4697495075 0.7151464994 0.9749389663 0.8097060165 0.5387049053 0.6306012071 0.5418793225 0.9594568573 0.5281037159 0.6096885352 0.5695925466 0.8918593631 0.8822096990 0.7216269739 0.6945521723 0.8697968994 0.6051705641 0.6756795614 0.9330328181 0.9458985578 0.9943000816 0.9995243749 0.7203181371 0.6785054562 0.7655360837 0.9921039626 0.8461955269
 0.1272813723 0.4873040785 0.4766541272 0.2465037712 0.0302411189 0.3301983714 0.1628875728 0.1447353087 0.0596519645 0.0406062471 0.5015078124 0.0216552152 0.5302504925 0.5000000000 0.5656052757 0.6126144952 0.8267452711 0.8165562335 0.7468707269 0.8699557824 0.4983117575 0.9532260212 0.7441047361 0.8089291927 0.7786561772 0.9609007251 0.5191249552 0.5328203945 0.2464321333 0.9367381595 0.5460280792 0.9864862720 0.9035853941 0.9517044169 0.7666592581 0.9753622814 0.8962163368 0.8439485164 0.9538192079 0.7632489670
 0.6526526337 0.4386742100 0.0548151480 0.3387457297 0.5157067567 0.1942750243 0.5815659128 0.1226199062 0.7044987674 0.5687616405 0.2880331591 0.1924342476 0.2848535006 0.4343947243 0.5000000000 0.9291391232 0.7367157866 0.3461987386 0.7916881010 0.9822226391 0.2612656324 0.2658676201 0.7330937768 0.5278118393 0.9527563689 0.8433278945 0.5339000520 0.5734188015 0.9304840856 0.6359702251 0.8116670629 0.9203849025 0.8156203730 0.9665937130 0.3958565271 0.6959557863 0.8196755400 0.2353460493 0.3223441139 0.3998250638
 0.0736536024 0.3106757109 0.0661379814 0.4788371903 0.1897314991 0.0903111576 0.0828185668 0.2050489673 0.2358868840 0.5730433708 0.0529859748 0.4025225450 0.0250610337 0.3873855048 0.0708608768 0.5000000000 0.8293696271 0.8255694656 0.3990850637 0.9544082591 0.9846425972 0.6370834143 0.3695690475 0.9051205142 0.7738503508 0.8479373939 0.9873427421 0.7672612058 0.9474398045 0.9934760660 0.9966744636 0.7297306347 0.7647246657 0.6236688147 0.6305646209 0.9909032876 0.4608128848 0.7707531693 0.9276066319 0.7870320339
 0.4789223101 0.1519089700 0.5954750896 0.1319742335 0.0776845254 0.2704640521 0.4104747889 0.0987794484 0.5256067528 0.0236767754 0.5942635863 0.1936108015 0.1902939835 0.1732547289 0.2632842134 0.1706303729 0.5000000000 0.8895281996 0.2865344018 0.7511708730 0.7223942718 0.8511937943 0.8736079844 0.8851308282 0.6544954365 0.8529512493 0.7538650132 0.7105910066 0.9739766216 0.7558761188 0.8354277279 0.6342618790 0.9149212964 0.7986257506 0.5867790321 0.5993961455 0.9661493494 0.8017752153 0.6422657643 0.2381813743
 0.0371681475 0.1466330982 0.0313872598 0.0697957421 0.2556992706 0.0190260043 0.3691572014 0.2959655779 0.5050361640 0.2587782849 0.4190344450 0.1620025444 0.4612950947 0.1834437665 0.6538012614 0.1744305344 0.1104718004 0.5000000000 0.9982129436 0.5730522312 0.7439572747 0.8476317768 0.6430171594 0.6502153335 0.8897600409 0.9632514706 0.9563386580 0.8538166417 0.5458094583 0.1740115917 0.6581967660 0.7655200993 0.5849085091 0.8025604405 0.9681202081 0.9217780927 0.6608585416 0.9723728757 0.9539616722 0.7379718063
 0.1760013468 0.0848138140 0.4231910518 0.2440886455 0.2375968691 0.2868355023 0.0325838201 0.0900327889 0.1225723789 0.0363091606 0.5295640052 0.1756875125 0.3693987929 0.2531292731 0.2083118990 0.6009149363 0.7134655982 0.0017870564 0.5000000000 0.9604325882 0.8199442837 0.6479301535 0.4818164478 0.5700030978 0.5060120144 0.7526772747 0.7253043976 0.7026327003 0.9101930150 0.9254901684 0.9503525056 0.5809134968 0.9320882265 0.5381634879 0.8484025493 0.6045605751 0.9468532118 0.7865275333 0.7448602623 0.7956980966
 0.1389244992 0.1423496268 0.1978370818 0.1445322809 0.1735570892 0.4298415522 0.5861641901 0.1373858951 0.1681302515 0.0765335900 0.3144713417 0.0863842517 0.4581206775 0.1300442176 0.0177773609 0.0455917409 0.2488291270 0.4269477688 0.0395674118 0.5000000000 0.7027490185 0.7814782548 0.9857466837 0.5220368691 0.4198650717 0.5954281118 0.6304169827 0.9041183442 0.6003483992 0.4821785442 0.8205666191 0.9977676202 0.6622524697 0.9613803644 0.8636724558 0.8636467773 0.8062515001 0.7318327411 0.5852825502 0.6675199640
 0.1019751186 0.0491881490 0.0950421886 0.2852236504 0.3647347240 0.0751479129 0.0638261473 0.2920207451 0.2441912193 0.2437929020 0.5154022199 0.3067252524 0.0405431427 0.5016882425 0.7387343676 0.0153574028 0.2776057282 0.2560427253 0.1800557163 0.2972509815 0.5000000000 0.8978216612 0.8359757555 0.6227507213 0.9826869031 0.6500677761 0.6274930251 0.6181943570 0.7795644876 0.5046908710 0.7641975594 0.7151471476 0.9015010366 0.9299328339 0.9094148960 0.8313372870 0.7134146483 0.9729349870 0.6787502806 0.5698017358
 0.2567519894 0.7086453274 0.7061766759 0.1109311896 0.6881004749 0.3649948170 0.1656751396 0.4140186193 0.1376924179 0.0383185123 0.3724213484 0.2975460387 0.4718962841 0.0467739788 0.7341323799 0.3629165857 0.1488062057 0.1523682232 0.3520698465 0.2185217452 0.1021783388 0.5000000000 0.9939535309 0.4317329380 0.7780847412 0.9049044674 0.9971871974 0.9119093052 0.6451739240 0.9578092251 0.7272605321 0.9594576398 0.7548293094 0.7168113556 0.6646133329 0.6756073676 0.7343206100 0.6294940516 0.8242077767 0.8566806221
 0.6371610603 0.1955474275 0.1046793769 0.3796298168 0.4016173554 0.1860979660 0.5407349398 0.1549894902 0.1081735444 0.1584498810 0.0890294710 0.2632779890 0.3903114648 0.2558952639 0.2669062232 0.6304309525 0.1263920156 0.3569828406 0.5181835522 0.0142533163 0.1640242445 0.0060464691 0.5000000000 0.9611682933 0.9310521618 0.2497607978 0.5118063982 0.7683975323 0.4997716847 0.9184525219 0.5227034413 0.8727499884 0.8025319536 0.5179095772 0.7613008515 0.8657815202 0.8204592215 0.2901260477 0.8274607867 0.4689069258
 0.0586005990 0.1450110459 0.1388469678 0.3106744654 0.6621148409 0.1064179264 0.4047024859 0.6291984189 0.5126818070 0.2556953393 0.0858168793 0.0288239999 0.4304074534 0.1910708073 0.4721881607 0.0948794858 0.1148691718 0.3497846665 0.4299969022 0.4779631309 0.3772492787 0.5682670620 0.0388317067 0.5000000000 0.3499920886 0.9161789723 0.6628300674 0.4140629253 0.6195722411 0.5521010546 0.8035749050 0.9094180960 0.9565310510 0.3791243897 0.7811825159 0.6510523043 0.7545180992 0.6890507916 0.9644601646 0.9918596739
 0.0015442204 0.5781353704 0.1442936423 0.5416548256 0.0389573421 0.1971525507 0.4357395737 0.0524278011 0.2090621389 0.3831889288 0.1725863707 0.2241286230 0.1081406369 0.2213438228 0.0472436311 0.2261496492 0.3455045635 0.1102399591 0.4939879856 0.5801349283 0.0173130969 0.2219152588 0.0689478382 0.6500079114 0.5000000000 0.9715745616 0.7716889332 0.8271361071 0.8183484343 0.8452022896 0.7817510479 0.6660773988 0.3948996608 0.5378524288 0.6867111579 0.9323643427 0.5847158018 0.6988446782 0.9672075009 0.4965396823
 0.0777567660 0.0617548677 0.1587205639 0.2529585829 0.4983375217 0.0353997739 0.0258845332 0.4193816723 0.1739168354 0.1930840880 0.0592203139 0.1968405888 0.1177903010 0.0390992749 0.1566721055 0.1520626061 0.1470487507 0.0367485294 0.2473227253 0.4045718882 0.3499322239 0.0950955326 0.7502392022 0.0838210277 0.0284254384 0.5000000000 0.9594343200 0.6843610676 0.8293852598 0.7799715903 0.6660236885 0.9226850027 0.9446344822 0.9813945416 0.9385750506 0.8669457252 0.7249647378 0.5035626992 0.3420723438 0.8838486549
 0.0716624450 0.4181078269 0.3690998271 0.3172706402 0.3061793207 0.4485134931 0.2337202605 0.4349431217 0.5771203528 0.0639611551 0.4429978547 0.5919765223 0.2783730261 0.4808750448 0.4660999480 0.0126572579 0.2461349868 0.0436613420 0.2746956024 0.3695830173 0.3725069749 0.0028128026 0.4881936018 0.3371699326 0.2283110668 0.0405656800 0.5000000000 0.9044640646 0.6677168296 0.9282598624 0.7784377935 0.3866873701 0.4502334513 0.6529797656 0.8571786238 0.6890869122 0.4940499667 0.9111617851 0.7671377274 0.8596852535
 0.0743752772 0.1401171351 0.5405933643 0.4019925324 0.1285449392 0.5981876938 0.6281327503 0.0440734086 0.4536039747 0.0155853899 0.3484652451 0.1385292436 0.3054478277 0.4671796055 0.4265811985 0.2327387942 0.2894089934 0.1461833583 0.2973672997 0.0958816558 0.3818056430 0.0880906948 0.2316024677 0.5859370747 0.1728638929 0.3156389324 0.0955359354 0.5000000000 0.9407609581 0.8085532895 0.5268255591 0.9029166244 0.7962007927 0.8066927107 0.4135727609 0.4606956038 0.7426653832 0.8808993471 0.6915368473 0.6393318375
 0.6345905136 0.3615811217 0.0643679522 0.2671229630 0.2432587374 0.3762683762 0.3902355977 0.2641299751 0.0796717661 0.0153676911 0.4204338549 0.3538806630 0.1302031006 0.7535678667 0.0695159144 0.0525601955 0.0260233784 0.4541905417 0.0898069850 0.3996516008 0.2204355124 0.3548260760 0.5002283153 0.3804277589 0.1816515657 0.1706147402 0.3322831704 0.0592390419 0.5000000000 0.6465702070 0.9615744278 0.7932673800 0.4956201889 0.8035089915 0.9843049007 0.4392219122 0.7827316142 0.9014687692 0.4874234604 0.7717120012
 0.3273007347 0.6118728468 0.4827041385 0.1209482924 0.2831342839 0.1044642189 0.1549472389 0.2471335182 0.2850189115 0.0781115097 0.2152599624 0.1169522537 0.3948294359 0.0632618405 0.3640297749 0.0065239340 0.2441238812 0.8259884083 0.0745098316 0.5178214558 0.4953091290 0.0421907749 0.0815474781 0.4478989454 0.1547977104 0.2200284097 0.0717401376 0.1914467105 0.3534297930 0.5000000000 0.7854289354 0.9553175787 0.9688945942 0.4805834876 0.7820204851 0.7142642186 0.8368509660 0.9811345446 0.9762176570 0.6648726022
 0.1351108412 0.5198623600 0.3305638604 0.1341014031 0.0807484366 0.0341344828 0.1782757859 0.2560936571 0.2772382961 0.5490266332 0.1248861218 0.0828640963 0.3243204386 0.4539719208 0.1883329371 0.0033255364 0.1645722721 0.3418032340 0.0496474944 0.1794333809 0.2358024406 0.2727394679 0.4772965587 0.1964250950 0.2182489521 0.3339763115 0.2215622065 0.4731744409 0.0384255722 0.2145710646 0.5000000000 0.7698281632 0.9714866207 0.6842545462 0.8849421999 0.9618438860 0.8789168942 0.9894965198 0.8093866386 0.7372715978
 0.0151313226 0.4528477023 0.4233208220 0.3414735263 0.2784229055 0.0503340607 0.1762834862 0.2400579036 0.1485726314 0.0150718385 0.2251238637 0.0298485136 0.0669671819 0.0135137280 0.0796150975 0.2702693653 0.3657381210 0.2344799007 0.4190865032 0.0022323798 0.2848528524 0.0405423602 0.1272500116 0.0905819040 0.3339226012 0.0773149973 0.6133126299 0.0970833756 0.2067326200 0.0446824213 0.2301718368 0.5000000000 0.9004205040 0.8233654809 0.9685671114 0.4659753453 0.9245691591 0.9272371028 0.8255761228 0.6493990621
 0.5100438114 0.1802572374 0.0354580265 0.0509852616 0.2665956536 0.3563193407 0.0229217807 0.4749716724 0.3574244650 0.2204802987 0.1997685941 0.4229775445 0.0541014422 0.0964146059 0.1843796270 0.2352753343 0.0850787036 0.4150914909 0.0679117735 0.3377475303 0.0984989634 0.2451706906 0.1974680464 0.0434689490 0.6051003392 0.0553655178 0.5497665487 0.2037992073 0.5043798111 0.0311054058 0.0285133793 0.0995794960 0.5000000000 0.9833879051 0.7978202580 0.5960887743 0.9158111596 0.7108992028 0.8801346858 0.6121542157
 0.1597415113 0.3783953057 0.0495753049 0.3957661779 0.1375447851 0.0436929007 0.2986783091 0.3747019876 0.4214947136 0.1419467488 0.4784818005 0.0540757473 0.0056999184 0.0482955831 0.0334062870 0.3763311853 0.2013742494 0.1974395595 0.4618365121 0.0386196356 0.0700671661 0.2831886444 0.4820904228 0.6208756103 0.4621475712 0.0186054584 0.3470202344 0.1933072893 0.1964910085 0.5194165124 0.3157454538 0.1766345191 0.0166120949 0.5000000000 0.6704518394 0.5200506587 0.8343758622 0.8561941104 0.7302673051 0.7095399349
 0.5146880143 0.1103337860 0.0659967484 0.0528317264 0.5583231370 0.3049808633 0.6580772853 0.0374295579 0.8182370071 0.0793500333 0.6087287976 0.1220014683 0.0004756251 0.2333407419 0.6041434729 0.3694353791 0.4132209679 0.0318797919 0.1515974507 0.1363275442 0.0905851040 0.3353866671 0.2386991485 0.2188174841 0.3132888421 0.0614249494 0.1428213762 0.5864272391 0.0156950993 0.2179795149 0.1150578001 0.0314328886 0.2021797420 0.3295481606 0.5000000000 0.8805746947 0.3956051641 0.6262881487 0.9966954807 0.9578982022
 0.1479022058 0.0354915331 0.0862167123 0.4216290407 0.0582175846 0.1136922430 0.5495884365 0.4422625029 0.0227539734 0.0016434371 0.3444204988 0.1645986756 0.2796818629 0.0246377186 0.3040442137 0.0090967124 0.4006038545 0.0782219073 0.3954394249 0.1363532227 0.1686627130 0.3243926324 0.1342184798 0.3489476957 0.0676356573 0.1330542748 0.3109130878 0.5393043962 0.5607780878 0.2857357814 0.0381561140 0.5340246547 0.4039112257 0.4799493413 0.1194253053 0.5000000000 0.9779120788 0.7902840300 0.5988612150 0.4896738993
 0.3689927939 0.3793679819 0.1528248332 0.3561981495 0.0046765600 0.4166693839 0.5154498864 0.1164776689 0.4674033606 0.5629181323 0.0865886014 0.2731330750 0.3214945438 0.1037836632 0.1803244600 0.5391871152 0.0338506506 0.3391414584 0.0531467882 0.1937484999 0.2865853517 0.2656793900 0.1795407785 0.2454819008 0.4152841982 0.2750352622 0.5059500333 0.2573346168 0.2172683858 0.1631490340 0.1210831058 0.0754308409 0.0841888404 0.1656241378 0.6043948359 0.0220879212 0.5000000000 0.8436483202 0.7484437366 0.9622282843
 0.0407019443 0.4466194301 0.3336321254 0.2911670197 0.3088143303 0.1116451374 0.2461156371 0.5545214160 0.6125284046 0.0497524659 0.2501023657 0.0270920278 0.2344639163 0.1560514836 0.7646539507 0.2292468307 0.1982247847 0.0276271243 0.2134724667 0.2681672589 0.0270650130 0.3705059484 0.7098739523 0.3109492084 0.3011553218 0.4964373008 0.0888382149 0.1191006529 0.0985312308 0.0188654554 0.0105034802 0.0727628972 0.2891007972 0.1438058896 0.3737118513 0.2097159700 0.1563516798 0.5000000000 0.9628726010 0.5151413682
 0.2518038687 0.1589299057 0.3707610011 0.0774592472 0.0599482371 0.1823173309 0.7802121228 0.3353929338 0.0463257489 0.2452465310 0.3899083090 0.1781750055 0.0078960374 0.0461807921 0.6776558861 0.0723933681 0.3577342357 0.0460383278 0.2551397377 0.4147174498 0.3212497194 0.1757922233 0.1725392133 0.0355398354 0.0327924991 0.6579276562 0.2328622726 0.3084631527 0.5125765396 0.0237823430 0.1906133614 0.1744238772 0.1198653142 0.2697326949 0.0033045193 0.4011387850 0.2515562634 0.0371273990 0.5000000000 0.4749309918
 0.1540296388 0.0128652242 0.0269078115 0.1936908947 0.4910305751 0.1104153690 0.4018797965 0.0511448726 0.1946229897 0.2587213819 0.0497982371 0.4487937232 0.1538044731 0.2367510330 0.6001749362 0.2129679661 0.7618186257 0.2620281937 0.2043019034 0.3324800360 0.4301982642 0.1433193779 0.5310930742 0.0081403261 0.5034603177 0.1161513451 0.1403147465 0.3606681625 0.2282879988 0.3351273978 0.2627284022 0.3506009379 0.3878457843 0.2904600651 0.0421017978 0.5103261007 0.0377717157 0.4848586318 0.5250690082 0.5000000000
]
