n: 40

c:
[
 0.5000000000 0.6659209223 0.3184138093 0.9357682669 0.7301983268 0.7653859375 0.3752869871 0.8882851049 0.5225988630 0.8486204256 0.4854989709 0.8483822299 0.9524283812 0.9624893034 0.8953577982 0.9510807758 0.6682766434 0.8073615280 0.8523965582 0.7720984582 0.8611449208 0.8808500513 0.8884969716 0.9106861071 0.9383343666 0.8373397573 0.7574021035 0.9651115864 0.5952372459 0.7045151398 0.9341550640 0.8793298589 0.9488941526 0.9821496927 0.4911774103 0.8092203367 0.8002453236 0.9681806756 0.6777256477 0.9602400728
 0.3340790777 0.5000000000 0.7862693829 0.3807420287 0.9314064130 0.2178074258 0.9860965966 0.7165895329 0.7288833198 0.8937946176 0.8161664177 0.9815179743 0.8834705689 0.7736947153 0.9934076201 0.8911108831 0.7609921353 0.7504480172 0.4319000991 0.9092305598 0.7675549513 0.3768508427 0.6988860624 0.9535456871 0.8441364626 0.7527198516 0.5308166492 0.2574195355 0.7676814195 0.9894249382 0.7406190014 0.8060631003 0.9748965123 0.7647155156 0.9249326831 0.5449983007 0.9230146884 0.9249443974 0.6797217602 0.8448300953
 0.6815861907 0.2137306171 0.5000000000 0.2498939972 0.9499467191 0.9997654867 0.8308895672 0.5628554290 0.8294511534 0.5609109323 0.8206651384 0.8976532447 0.5376714614 0.9493177613 0.6663057186 0.8416300364 0.7387836623 0.6176722007 0.7696112343 0.9875865231 0.6560298149 0.9942483025 0.8536235156 0.8963672584 0.9899989293 0.7370608127 0.8718077548 0.9496469285 0.9744557851 0.9704225836 0.5296976321 0.9822090085 0.7117927449 0.7807274012 0.9842401689 0.9321569723 0.5905463155 0.9059560063 0.6231837042 0.7922991856
 0.0642317331 0.6192579713 0.7501060028 0.5000000000 0.8279175896 0.5136375006 0.5462280950 0.8898922298 0.8758112706 0.2239483329 0.2716878545 0.7992374202 0.8303362243 0.7717263430 0.8802674663 0.7969709588 0.8721947426 0.6878273142 0.9479510524 0.9267900626 0.5677052331 0.3162126620 0.9520488493 0.2748128124 0.5204780204 0.4172467671 0.6857825504 0.3213072928 0.8853835882 0.3703203371 0.5034427296 0.9320317807 0.6270583240 0.9624041995 0.9977824802 0.7465717248 0.5679601533 0.8452531491 0.6573094271 0.8709314466
 0.2698016732 0.0685935870 0.0500532809 0.1720824104 0.5000000000 0.6526695529 0.9092814630 0.5459794529 0.5825848043 0.9515260983 0.9921977515 0.9669461573 0.9063096923 0.9901035022 0.6976023143 0.9862930476 0.9959952686 0.8194462930 0.5515310489 0.4503462261 0.8739732116 0.7991313117 0.3907911243 0.3346095521 0.7954683540 0.6638074362 0.6367423700 0.8437772931 0.8045762886 0.9398690732 0.9549749123 0.6692758582 0.6694745326 0.2861193879 0.7608034012 0.4179748919 0.8634555250 0.9794448287 0.9687235531 0.9797512447
 0.2346140625 0.7821925742 0.0002345133 0.4863624994 0.3473304471 0.5000000000 0.4361713750 0.7715458583 0.6224230712 0.7345433405 0.9956200778 0.9493563588 0.9614432025 0.5505504930 0.6815889813 0.8576464042 0.8085075427 0.9310233778 0.5278047471 0.9918686810 0.5666364216 0.7838769248 0.2147771590 0.8074588958 0.6644090972 0.4995526846 0.9125959553 0.9199944746 0.6895077160 0.7658082259 0.9976931779 0.9850201632 0.9129206331 0.9268401992 0.8965943572 0.8386727434 0.9639206141 0.7569269241 0.8729857748 0.3885113115
 0.6247130129 0.0139034034 0.1691104328 0.4537719050 0.0907185370 0.5638286250 0.5000000000 0.6721390103 0.4067121636 0.8692436173 0.8645920522 0.6908773310 0.6813392016 0.6584069376 0.6745026020 0.7346098688 0.6321615379 0.8818394125 0.5321655694 0.5629775954 0.5469538778 0.7815100410 0.9230370207 0.6780895086 0.8773453945 0.9212481251 0.7705976071 0.5816676177 0.5292867495 0.7077593394 0.7734217537 0.6239885016 0.6634021399 0.9547661607 0.9353928407 0.5225446832 0.7428473616 0.9453766701 0.8616358623 0.8355854972
 0.1117148951 0.2834104671 0.4371445710 0.1101077702 0.4540205471 0.2284541417 0.3278609897 0.5000000000 0.6785570292 0.8329557913 0.6632325632 0.9725531070 0.9609639627 0.9530664498 0.6197109386 0.9910548850 0.9240928728 0.9189616262 0.9768539446 0.9906513618 0.7866132166 0.3524428011 0.9854762607 0.6030719959 0.7520107367 0.3771806723 0.3844007874 0.8667783017 0.8708762322 0.9294600134 0.9281715238 0.6293225424 0.4064000856 0.8419106457 0.8331368718 0.8132241133 0.9728769007 0.6714225570 0.6669607237 0.9002469416
 0.4774011370 0.2711166802 0.1705488466 0.1241887294 0.4174151957 0.3775769288 0.5932878364 0.3214429708 0.5000000000 0.6191002216 0.9863237261 0.7262755512 0.9912565576 0.5789470977 0.7647665585 0.5488889751 0.9896261582 0.9280538528 0.6986685769 0.7597737096 0.8783777342 0.4693193617 0.7368296985 0.9751146990 0.9459120795 0.8588618249 0.8086128554 0.6972706195 0.9876761783 0.4973838670 0.9264476745 0.7493583049 0.5659604529 0.9284170833 0.5854502225 0.5939522613 0.9515724143 0.7443489787 0.9386975529 0.7136153230
 0.1513795744 0.1062053824 0.4390890677 0.7760516671 0.0484739017 0.2654566595 0.1307563827 0.1670442087 0.3808997784 0.5000000000 0.8423419021 0.3149991654 0.8901167195 0.5625173740 0.6880533142 0.9264200930 0.9245220096 0.5357738528 0.9365511922 0.8421076793 0.9777915582 0.9631765253 0.5070577729 0.9559035902 0.7917408973 0.9053100164 0.4575580056 0.8350671561 0.8394128007 0.7191780483 0.9470813801 0.5792302345 0.6505627138 0.7933186600 0.6018780258 0.4749413253 0.5482112073 0.9612473277 0.9105187888 0.5132523002
 0.5145010291 0.1838335823 0.1793348616 0.7283121455 0.0078022485 0.0043799222 0.1354079478 0.3367674368 0.0136762739 0.1576580979 0.5000000000 0.9496634120 0.8231537043 0.9620647654 0.5590233695 0.9713273635 0.7897436153 0.7814939257 0.9953590251 0.5073727057 0.6914685800 0.7550279027 0.8540541788 0.3332618763 0.9149073845 0.8754367021 0.4649476764 0.3251840435 0.7404752233 0.7979866958 0.6377677245 0.7435176095 0.9631173439 0.9229107015 0.4488444909 0.5953305015 0.8468587913 0.8212769796 0.8166025232 0.9340691959
 0.1516177701 0.0184820257 0.1023467553 0.2007625798 0.0330538427 0.0506436412 0.3091226690 0.0274468930 0.2737244488 0.6850008346 0.0503365880 0.5000000000 0.6313239910 0.5309467844 0.7557479822 0.6490226966 0.6517987335 0.6660482417 0.7111104762 0.8894498546 0.7790781838 0.8385990949 0.7570542461 0.9324780858 0.9298046092 0.9032644493 0.9059275369 0.1276447725 0.9802631867 0.9375882059 0.6279317320 0.6189890047 0.9870579231 0.5482296759 0.7254218227 0.9969298868 0.9599498328 0.8439667928 0.8298994601 0.6199423069
 0.0475716188 0.1165294311 0.4623285386 0.1696637757 0.0936903077 0.0385567975 0.3186607984 0.0390360373 0.0087434424 0.1098832805 0.1768462957 0.3686760090 0.5000000000 0.7860327449 0.8144378428 0.9285660530 0.9691594343 0.8814612676 0.3860925677 0.8565228578 0.8899140214 0.8109373352 0.9032631444 0.8020505521 0.1847892339 0.8972907041 0.9394308967 0.9856135957 0.7591465332 0.5903745889 0.8444590124 0.7048619330 0.6899770312 0.6973321782 0.8890891348 0.9877817398 0.2884925933 0.4194373982 0.9548791588 0.9341539463
 0.0375106966 0.2263052847 0.0506822387 0.2282736570 0.0098964978 0.4494495070 0.3415930624 0.0469335502 0.4210529023 0.4374826260 0.0379352346 0.4690532156 0.2139672551 0.5000000000 0.8817232066 0.7338646410 0.4927880504 0.9217198429 0.9226938400 0.4652787097 0.6141894577 0.7120425834 0.9714367608 0.3900794493 0.6857179932 0.8869522549 0.9616840001 0.6621964213 0.3836028341 0.8864416533 0.9342937925 0.9727100068 0.9891129618 0.5613399305 0.9809335628 0.8725478954 0.6770096188 0.9363268956 0.5586217122 0.9379712244
 0.1046422018 0.0065923799 0.3336942814 0.1197325337 0.3023976857 0.3184110187 0.3254973980 0.3802890614 0.2352334415 0.3119466858 0.4409766305 0.2442520178 0.1855621572 0.1182767934 0.5000000000 0.2907781312 0.9919043942 0.9770923642 0.9125216961 0.8433717774 0.3677520395 0.8718470076 0.8347285599 0.6943558941 0.8863323423 0.3674233955 0.9637233061 0.8720886469 0.7556714237 0.9955927885 0.9828763387 0.9658763090 0.8903136286 0.7562066837 0.8119189170 0.7094210063 0.9025929389 0.7484577202 0.7298590186 0.7319976422
 0.0489192242 0.1088891169 0.1583699636 0.2030290412 0.0137069524 0.1423535958 0.2653901312 0.0089451150 0.4511110249 0.0735799070 0.0286726365 0.3509773034 0.0714339470 0.2661353590 0.7092218688 0.5000000000 0.4054564191 0.9427449286 0.8341349049 0.9117145587 0.9702492692 0.9018970461 0.9649350969 0.7415724124 0.7886045841 0.8792120767 0.9919174543 0.5881355809 0.9030573966 0.7384316903 0.6709894289 0.4787615617 0.6008499258 0.7698604245 0.8660155831 0.9716843243 0.1334302602 0.5705427656 0.6989110061 0.6040695956
 0.3317233566 0.2390078647 0.2612163377 0.1278052574 0.0040047314 0.1914924573 0.3678384621 0.0759071272 0.0103738418 0.0754779904 0.2102563847 0.3482012665 0.0308405657 0.5072119496 0.0080956058 0.5945435809 0.5000000000 0.9774056354 0.9169781621 0.7235436114 0.8119355207 0.7281093191 0.9822690991 0.8248392331 0.7983166970 0.9532618875 0.8302373450 0.9218929958 0.9382415683 0.9057387643 0.9137560391 0.5806983773 0.7930038540 0.8530091395 0.8417763052 0.7997421071 0.3494091600 0.8364920471 0.8587536076 0.5586124079
 0.1926384720 0.2495519828 0.3823277993 0.3121726858 0.1805537070 0.0689766222 0.1181605875 0.0810383738 0.0719461472 0.4642261472 0.2185060743 0.3339517583 0.1185387324 0.0782801571 0.0229076358 0.0572550714 0.0225943646 0.5000000000 0.5785476225 0.7955655266 0.7916329372 0.5790364741 0.8314199365 0.9090462086 0.5535090822 0.6280123465 0.4776122269 0.4813009899 0.8698454643 0.5964513281 0.4564401527 0.9446694141 0.8331232361 0.1989419291 0.6990477114 0.9980518520 0.6042453466 0.3657287639 0.3403034221 0.6687800028
 0.1476034418 0.5680999009 0.2303887657 0.0520489476 0.4484689511 0.4721952529 0.4678344306 0.0231460554 0.3013314231 0.0634488078 0.0046409749 0.2888895238 0.6139074323 0.0773061600 0.0874783039 0.1658650951 0.0830218379 0.4214523775 0.5000000000 0.3489926962 0.4078974293 0.6363031090 0.8208415394 0.9342457598 0.6488757043 0.5334323841 0.8320933910 0.7517909816 0.7109204828 0.9424600526 0.9325067387 0.5617631574 0.6600274241 0.9169847229 0.6791309166 0.8629917293 0.4228459877 0.9127283120 0.6578660656 0.7256452249
 0.2279015418 0.0907694402 0.0124134769 0.0732099374 0.5496537739 0.0081313190 0.4370224046 0.0093486382 0.2402262904 0.1578923207 0.4926272943 0.1105501454 0.1434771422 0.5347212903 0.1566282226 0.0882854413 0.2764563886 0.2044344734 0.6510073038 0.5000000000 0.6237982086 0.9187254609 0.2756599376 0.9149823917 0.4350193535 0.8705474781 0.7174472444 0.6322219322 0.6273270239 0.6631765067 0.3146671380 0.9619016927 0.9458672559 0.3479332480 0.9995211679 0.7982790331 0.8322018091 0.7037091701 0.9362680774 0.8560346910
 0.1388550792 0.2324450487 0.3439701851 0.4322947669 0.1260267884 0.4333635784 0.4530461222 0.2133867834 0.1216222658 0.0222084418 0.3085314200 0.2209218162 0.1100859786 0.3858105423 0.6322479605 0.0297507308 0.1880644793 0.2083670628 0.5921025707 0.3762017914 0.5000000000 0.8543559997 0.9578419138 0.4584284581 0.8354261505 0.8664681880 0.6415329411 0.8700760574 0.9141056295 0.7141041326 0.9918509082 0.9312108512 0.8288072621 0.7319997095 0.7110332270 0.5979676478 0.9908721463 0.9798493972 0.7524898006 0.8185735049
 0.1191499487 0.6231491573 0.0057516975 0.6837873380 0.2008686883 0.2161230752 0.2184899590 0.6475571989 0.5306806383 0.0368234747 0.2449720973 0.1614009051 0.1890626648 0.2879574166 0.1281529924 0.0981029539 0.2718906809 0.4209635259 0.3636968910 0.0812745391 0.1456440003 0.5000000000 0.9316775191 0.9246819770 0.9328735894 0.3743966289 0.9359048411 0.5819100382 0.9325130477 0.9743408670 0.9818300634 0.4025718350 0.5921472587 0.7316210592 0.9028426754 0.9054495755 0.6037138393 0.9668640021 0.7926222683 0.8648347375
 0.1115030284 0.3011139376 0.1463764844 0.0479511507 0.6092088757 0.7852228410 0.0769629793 0.0145237393 0.2631703015 0.4929422271 0.1459458212 0.2429457539 0.0967368556 0.0285632392 0.1652714401 0.0350649031 0.0177309009 0.1685800635 0.1791584606 0.7243400624 0.0421580862 0.0683224809 0.5000000000 0.9278323352 0.6796355687 0.7016477472 0.6863655633 0.6569494396 0.7738352522 0.8582587763 0.9279999612 0.8045525314 0.1734804144 0.9360486893 0.7629940193 0.3845225759 0.4579595220 0.9311144446 0.8945384359 0.6168547262
 0.0893138929 0.0464543129 0.1036327416 0.7251871876 0.6653904479 0.1925411042 0.3219104914 0.3969280041 0.0248853010 0.0440964098 0.6667381237 0.0675219142 0.1979494479 0.6099205507 0.3056441059 0.2584275876 0.1751607669 0.0909537914 0.0657542402 0.0850176083 0.5415715419 0.0753180230 0.0721676648 0.5000000000 0.7873169199 0.8138432586 0.6424188802 0.8704979949 0.8423688222 0.5658972714 0.8332533095 0.8867701359 0.9968604739 0.9737966241 0.6687717530 0.7759467448 0.6329080124 0.3968492170 0.4895632081 0.7810661601
 0.0616656334 0.1558635374 0.0100010707 0.4795219796 0.2045316460 0.3355909028 0.1226546055 0.2479892633 0.0540879205 0.2082591027 0.0850926155 0.0701953908 0.8152107661 0.3142820068 0.1136676577 0.2113954159 0.2016833030 0.4464909178 0.3511242957 0.5649806465 0.1645738495 0.0671264106 0.3203644313 0.2126830801 0.5000000000 0.7637662819 0.9605905793 0.9388937160 0.5620502758 0.7752465983 0.6828009222 0.9166953631 0.2451622545 0.8714470776 0.7880124048 0.7370105174 0.9456957134 0.8728313518 0.7952022477 0.6318940758
 0.1626602427 0.2472801484 0.2629391873 0.5827532329 0.3361925638 0.5004473154 0.0787518749 0.6228193277 0.1411381751 0.0946899836 0.1245632979 0.0967355507 0.1027092959 0.1130477451 0.6325766045 0.1207879233 0.0467381125 0.3719876535 0.4665676159 0.1294525219 0.1335318120 0.6256033711 0.2983522528 0.1861567414 0.2362337181 0.5000000000 0.7709965405 0.6825248311 0.8814254866 0.8327408722 0.6840786897 0.2136910045 0.9929817180 0.9979216858 0.8201867518 0.6648925064 0.5059727011 0.7216869275 0.6851333679 0.5372342864
 0.2425978965 0.4691833508 0.1281922452 0.3142174496 0.3632576300 0.0874040447 0.2294023929 0.6155992126 0.1913871446 0.5424419944 0.5350523236 0.0940724631 0.0605691033 0.0383159999 0.0362766939 0.0080825457 0.1697626550 0.5223877731 0.1679066090 0.2825527556 0.3584670589 0.0640951589 0.3136344367 0.3575811198 0.0394094207 0.2290034595 0.5000000000 0.8563159568 0.8129744568 0.9711243671 0.9782536787 0.9741271723 0.9376507834 0.6703424778 0.8349203335 0.9893691768 0.8213672822 0.7617310482 0.8943671677 0.9993368150
 0.0348884136 0.7425804645 0.0503530715 0.6786927072 0.1562227069 0.0800055254 0.4183323823 0.1332216983 0.3027293805 0.1649328439 0.6748159565 0.8723552275 0.0143864043 0.3378035787 0.1279113531 0.4118644191 0.0781070042 0.5186990101 0.2482090184 0.3677780678 0.1299239426 0.4180899618 0.3430505604 0.1295020051 0.0611062840 0.3174751689 0.1436840432 0.5000000000 0.8227734700 0.8024180226 0.9672941343 0.8394309050 0.9201477318 0.7816282152 0.7292487806 0.9170054716 0.8087348882 0.8389494309 0.8889557403 0.8686283863
 0.4047627541 0.2323185805 0.0255442149 0.1146164118 0.1954237114 0.3104922840 0.4707132505 0.1291237678 0.0123238217 0.1605871993 0.2595247767 0.0197368133 0.2408534668 0.6163971659 0.2443285763 0.0969426034 0.0617584317 0.1301545357 0.2890795172 0.3726729761 0.0858943705 0.0674869523 0.2261647478 0.1576311778 0.4379497242 0.1185745134 0.1870255432 0.1772265300 0.5000000000 0.8728888841 0.7961568321 0.8890955833 0.7959306336 0.9611567725 0.7120141246 0.8917594387 0.9639106427 0.8808648501 0.7444474974 0.9979188672
 0.2954848602 0.0105750618 0.0295774164 0.6296796629 0.0601309268 0.2341917741 0.2922406606 0.0705399866 0.5026161330 0.2808219517 0.2020133042 0.0624117941 0.4096254111 0.1135583467 0.0044072115 0.2615683097 0.0942612357 0.4035486719 0.0575399474 0.3368234933 0.2858958674 0.0256591330 0.1417412237 0.4341027286 0.2247534017 0.1672591278 0.0288756329 0.1975819774 0.1271111159 0.5000000000 0.7138162456 0.7545465694 0.9922814249 0.8696693932 0.5976929810 0.8174861756 0.5425875478 0.7578778959 0.6712712861 0.1951371491
 0.0658449360 0.2593809986 0.4703023679 0.4965572704 0.0450250877 0.0023068221 0.2265782463 0.0718284762 0.0735523255 0.0529186199 0.3622322755 0.3720682680 0.1555409876 0.0657062075 0.0171236613 0.3290105711 0.0862439609 0.5435598473 0.0674932613 0.6853328620 0.0081490918 0.0181699366 0.0720000388 0.1667466905 0.3171990778 0.3159213103 0.0217463213 0.0327058657 0.2038431679 0.2861837544 0.5000000000 0.7244709999 0.5355284366 0.2848940305 0.8925042186 0.7924597125 0.8160934095 0.4803507447 0.8190611830 0.6359357990
 0.1206701411 0.1939368997 0.0177909915 0.0679682193 0.3307241418 0.0149798368 0.3760114984 0.3706774576 0.2506416951 0.4207697655 0.2564823905 0.3810109953 0.2951380670 0.0272899932 0.0341236910 0.5212384383 0.4193016227 0.0553305859 0.4382368426 0.0380983073 0.0687891488 0.5974281650 0.1954474686 0.1132298641 0.0833046369 0.7863089955 0.0258728277 0.1605690950 0.1109044167 0.2454534306 0.2755290001 0.5000000000 0.7701704739 0.8989105495 0.7518757192 0.9034497486 0.4143305615 0.7890118205 0.9250022331 0.8107859763
 0.0511058474 0.0251034877 0.2882072551 0.3729416760 0.3305254674 0.0870793669 0.3365978601 0.5935999144 0.4340395471 0.3494372862 0.0368826561 0.0129420769 0.3100229688 0.0108870382 0.1096863714 0.3991500742 0.2069961460 0.1668767639 0.3399725759 0.0541327441 0.1711927379 0.4078527413 0.8265195856 0.0031395261 0.7548377455 0.0070182820 0.0623492166 0.0798522682 0.2040693664 0.0077185751 0.4644715634 0.2298295261 0.5000000000 0.8478860467 0.7156064671 0.8428965249 0.4458389102 0.7085956559 0.4099844367 0.3298624560
 0.0178503073 0.2352844844 0.2192725988 0.0375958005 0.7138806121 0.0731598008 0.0452338393 0.1580893543 0.0715829167 0.2066813400 0.0770892985 0.4517703241 0.3026678218 0.4386600695 0.2437933163 0.2301395755 0.1469908605 0.8010580709 0.0830152771 0.6520667520 0.2680002905 0.2683789408 0.0639513107 0.0262033759 0.1285529224 0.0020783142 0.3296575222 0.2183717848 0.0388432275 0.1303306068 0.7151059695 0.1010894505 0.1521139533 0.5000000000 0.7848234464 0.9452565119 0.7028964278 0.8104838711 0.8294812679 0.8760205140
 0.5088225897 0.0750673169 0.0157598311 0.0022175198 0.2391965988 0.1034056428 0.0646071593 0.1668631282 0.4145497775 0.3981219742 0.5511555091 0.2745781773 0.1109108652 0.0190664372 0.1880810830 0.1339844169 0.1582236948 0.3009522886 0.3208690834 0.0004788321 0.2889667730 0.0971573246 0.2370059807 0.3312282470 0.2119875952 0.1798132482 0.1650796665 0.2707512194 0.2879858754 0.4023070190 0.1074957814 0.2481242808 0.2843935329 0.2151765536 0.5000000000 0.9370513834 0.7131104762 0.5520911169 0.8932000765 0.7303095172
 0.1907796633 0.4550016993 0.0678430277 0.2534282752 0.5820251081 0.1613272566 0.4774553168 0.1867758867 0.4060477387 0.5250586747 0.4046694985 0.0030701132 0.0122182602 0.1274521046 0.2905789937 0.0283156757 0.2002578929 0.0019481480 0.1370082707 0.2017209669 0.4020323522 0.0945504245 0.6154774241 0.2240532552 0.2629894826 0.3351074936 0.0106308232 0.0829945284 0.1082405613 0.1825138244 0.2075402875 0.0965502514 0.1571034751 0.0547434881 0.0629486166 0.5000000000 0.9632076470 0.5647108547 0.8800602590 0.3289972281
 0.1997546764 0.0769853116 0.4094536845 0.4320398467 0.1365444750 0.0360793859 0.2571526384 0.0271230993 0.0484275857 0.4517887927 0.1531412087 0.0400501672 0.7115074067 0.3229903812 0.0974070611 0.8665697398 0.6505908400 0.3957546534 0.5771540123 0.1677981909 0.0091278537 0.3962861607 0.5420404780 0.3670919876 0.0543042866 0.4940272989 0.1786327178 0.1912651118 0.0360893573 0.4574124522 0.1839065905 0.5856694385 0.5541610898 0.2971035722 0.2868895238 0.0367923530 0.5000000000 0.9896551503 0.9819452730 0.5215281562
 0.0318193244 0.0750556026 0.0940439937 0.1547468509 0.0205551713 0.2430730759 0.0546233299 0.3285774430 0.2556510213 0.0387526723 0.1787230204 0.1560332072 0.5805626018 0.0636731044 0.2515422798 0.4294572344 0.1635079529 0.6342712361 0.0872716880 0.2962908299 0.0201506028 0.0331359979 0.0688855554 0.6031507830 0.1271686482 0.2783130725 0.2382689518 0.1610505691 0.1191351499 0.2421221041 0.5196492553 0.2109881795 0.2914043441 0.1895161289 0.4479088831 0.4352891453 0.0103448497 0.5000000000 0.4260270611 0.7103050422
 0.3222743523 0.3202782398 0.3768162958 0.3426905729 0.0312764469 0.1270142252 0.1383641377 0.3330392763 0.0613024471 0.0894812112 0.1833974768 0.1701005399 0.0451208412 0.4413782878 0.2701409814 0.3010889939 0.1412463924 0.6596965779 0.3421339344 0.0637319226 0.2475101994 0.2073777317 0.1054615641 0.5104367919 0.2047977523 0.3148666321 0.1056328323 0.1110442597 0.2555525026 0.3287287139 0.1809388170 0.0749977669 0.5900155633 0.1705187321 0.1067999235 0.1199397410 0.0180547270 0.5739729389 0.5000000000 0.8930897041
 0.0397599272 0.1551699047 0.2077008144 0.1290685534 0.0202487553 0.6114886885 0.1644145028 0.0997530584 0.2863846770 0.4867476998 0.0659308041 0.3800576931 0.0658460537 0.0620287756 0.2680023578 0.3959304044 0.4413875921 0.3312199972 0.2743547751 0.1439653090 0.1814264951 0.1351652625 0.3831452738 0.2189338399 0.3681059242 0.4627657136 0.0006631850 0.1313716137 0.0020811328 0.8048628509 0.3640642010 0.1892140237 0.6701375440 0.1239794860 0.2696904828 0.6710027719 0.4784718438 0.2896949578 0.1069102959 0.5000000000
]
