n: 40

c:
[
 0.5000000000 0.8565091633 0.5734388534 0.4648863877 0.4651554543 0.9805269549 0.8135234013 0.9167428491 0.8967224855 0.7855408330 0.8253682641 0.7618688427 0.9903265511 0.8921419739 0.9036150615 0.8642923884 0.8353341999 0.8863125236 0.7916243517 0.9221620967 0.9365803391 0.1603151504 0.9000971478 0.7814867234 0.6426007439 0.7753642361 0.2940217713 0.4102796018 0.5373549228 0.4051579130 0.1858601014 0.9516039753 0.9110317117 0.8243838559 0.8883754875 0.2635556768 0.8680236461 0.7831477942 0.8249194391 0.8312866918
 0.1434908367 0.5000000000 0.5418530326 0.3986207078 0.7255966903 0.1626540148 0.5526062182 0.7197740949 0.8604958073 0.8195757698 0.6342865307 0.4087462226 0.3710753294 0.4892079744 0.8540870919 0.6942733329 0.7463573136 0.9975423521 0.2453492022 0.7585012056 0.7516539976 0.9939353578 0.8931795302 0.6301620472 0.7651562971 0.9675870302 0.4383871782 0.7798876430 0.9732585719 0.9349924096 0.8381513788 0.6931353158 0.7030602165 0.8459409242 0.8731098770 0.8687075650 0.6310445015 0.7377745397 0.9419067412 0.8731236192
 0.4265611466 0.4581469674 0.5000000000 0.4525160788 0.9312298845 0.5401140720 0.5134560027 0.7968406466 0.9905423106 0.8652603268 0.8335315340 0.4857889341 0.8157758316 0.9535881976 0.7617570089 0.9413499260 0.7094605351 0.9919449618 0.9195820874 0.8196909935 0.7486750005 0.4749117189 0.3768148151 0.5494418146 0.5003686464 0.8185877425 0.8407036455 0.9483208429 0.8687421638 0.7708650846 0.9720051280 0.9029432127 0.0978761062 0.8070445279 0.8962658054 0.8404780638 0.4804092570 0.4447277915 0.9767261645 0.5057387168
 0.5351136123 0.6013792922 0.5474839212 0.5000000000 0.7778934301 0.5161149373 0.8126682952 0.8987802083 0.9561399243 0.4781474329 0.9746446008 0.9187020829 0.9451405745 0.7564291403 0.8974629660 0.6325243429 0.8524784004 0.7953399808 0.6896966411 0.9066877488 0.8450849047 0.9324558788 0.9638894470 0.7342846822 0.5642037085 0.3990774859 0.8071353677 0.7778378129 0.9525388035 0.7686562464 0.9694252849 0.8610833246 0.5535516523 0.8697874171 0.5768845436 0.4281527159 0.4731543262 0.9304339634 0.8749864346 0.9341471395
 0.5348445457 0.2744033097 0.0687701155 0.2221065699 0.5000000000 0.7084650038 0.7957155129 0.9361561173 0.6594009447 0.7461516979 0.5637744288 0.7675728420 0.9403777687 0.6717911768 0.7914329933 0.6539521134 0.9963413846 0.6608577850 0.4791639941 0.6254165233 0.6647315318 0.9216111650 0.9778869867 0.9628193129 0.2423765882 0.6303944076 0.8926479891 0.7496636025 0.8872600696 0.5007644150 0.8512877040 0.6682415943 0.8256174742 0.4931595412 0.3068661890 0.7658982091 0.5703516831 0.9585389089 0.9512722591 0.6306250129
 0.0194730451 0.8373459852 0.4598859280 0.4838850627 0.2915349962 0.5000000000 0.8511145234 0.8816634257 0.8597445384 0.9628975268 0.9304331237 0.4951042938 0.3053385483 0.8829733350 0.3397854154 0.7976559737 0.9244835908 0.8419660520 0.9933165965 0.7628900821 0.5969950300 0.7760736833 0.8588386469 0.8082033806 0.7667243499 0.3734750641 0.9455069816 0.9577494895 0.6164501269 0.6638406269 0.5911023320 0.7506054077 0.7968524360 0.7649809381 0.5695846956 0.9344541177 0.9675986821 0.4325739794 0.8826858264 0.8772291574
 0.1864765987 0.4473937818 0.4865439973 0.1873317048 0.2042844871 0.1488854766 0.5000000000 0.9064747497 0.8722114620 0.9665387738 0.9364108371 0.6138647796 0.3340973439 0.5931504597 0.2760623962 0.8637869289 0.5261418204 0.6470042474 0.8744585826 0.6980152464 0.9294286415 0.6743877614 0.6329805551 0.9181838618 0.3630836850 0.9997306795 0.8314006466 0.5961163362 0.6276472713 0.6344067277 0.5778393068 0.7454958345 0.9667296542 0.6546472554 0.6798167117 0.8891933971 0.6745880363 0.2815988721 0.3359711973 0.9528025371
 0.0832571509 0.2802259051 0.2031593534 0.1012197917 0.0638438827 0.1183365743 0.0935252503 0.5000000000 0.5748704298 0.7518086981 0.2221953380 0.8893401449 0.7944029781 0.9216158856 0.9409327406 0.6270189780 0.8024241363 0.7307461823 0.4815208256 0.8765219527 0.8655202881 0.6957036811 0.7312772089 0.8831184838 0.8528837941 0.8637223650 0.6506860378 0.7742404951 0.9602022120 0.8730384369 0.6181229517 0.9739299689 0.9011255944 0.9299984792 0.5974976833 0.9403199154 0.6721166774 0.9420699076 0.9245127564 0.8608758784
 0.1032775145 0.1395041927 0.0094576894 0.0438600757 0.3405990553 0.1402554616 0.1277885380 0.4251295702 0.5000000000 0.8148275042 0.8013597987 0.3311322334 0.7561664761 0.7298020456 0.6382409442 0.7133455263 0.9578718418 0.3125712468 0.7731136493 0.8572653902 0.9562994462 0.8766503328 0.2273705399 0.7538237242 0.7464590570 0.4945614142 0.5480600347 0.9241102153 0.9540738556 0.9410610716 0.9597124888 0.4476891485 0.8921630950 0.6951514627 0.8155221968 0.8407858612 0.7805101335 0.4936773516 0.6442300626 0.2982340798
 0.2144591670 0.1804242302 0.1347396732 0.5218525671 0.2538483021 0.0371024732 0.0334612262 0.2481913019 0.1851724958 0.5000000000 0.9529700704 0.6079433487 0.8734146572 0.5079414928 0.6851207982 0.8312944269 0.9787990548 0.8950771096 0.2056696585 0.3790266872 0.7379447430 0.8365116781 0.9616113515 0.9688039250 0.5541951520 0.9445145317 0.8364926119 0.8653602183 0.8572725518 0.7502127602 0.1167495371 0.8250816573 0.9066870724 0.9699447415 0.9382015778 0.4803739048 0.6181538200 0.9578679407 0.9780907796 0.1837507097
 0.1746317359 0.3657134693 0.1664684660 0.0253553992 0.4362255712 0.0695668763 0.0635891629 0.7778046620 0.1986402013 0.0470299296 0.5000000000 0.8305875985 0.3981230453 0.3350040175 0.7721075697 0.8462426943 0.7457984428 0.5795242230 0.7786795475 0.8403076081 0.8218541352 0.5061125882 0.7146931067 0.8007347288 0.7314636878 0.7428256454 0.9910448083 0.5493698351 0.5853911488 0.8731424117 0.6678917484 0.8178480342 0.8357121104 0.7895782664 0.8175019234 0.8711129429 0.9768080502 0.6144591552 0.6707110202 0.9988927427
 0.2381311573 0.5912537774 0.5142110659 0.0812979171 0.2324271580 0.5048957062 0.3861352204 0.1106598551 0.6688677666 0.3920566513 0.1694124015 0.5000000000 0.5019117009 0.7683014864 0.7297913833 0.8819321370 0.7758711619 0.5507771522 0.7824914744 0.5259375277 0.8645910269 0.7605006771 0.9156377617 0.6242302994 0.8811115769 0.8923684554 0.7913248962 0.4032419308 0.9019222932 0.3555982030 0.9161842792 0.9480940579 0.9600460502 0.5687043421 0.9557950055 0.4180891308 0.4672873106 0.6876885219 0.8770878664 0.8066336654
 0.0096734489 0.6289246706 0.1842241684 0.0548594255 0.0596222313 0.6946614517 0.6659026561 0.2055970219 0.2438335239 0.1265853428 0.6018769547 0.4980882991 0.5000000000 0.6622141932 0.5554287607 0.4995095781 0.6179674955 0.9448414717 0.8352594483 0.5897500129 0.6751277473 0.2860930577 0.7680146654 0.8373167706 0.7877676385 0.9535621581 0.5299422711 0.5900082017 0.5215136582 0.8626503111 0.8150502986 0.8612450822 0.9154771529 0.8864685249 0.8807116939 0.8308431509 0.9357258990 0.6895791527 0.9900757549 0.9084190090
 0.1078580261 0.5107920256 0.0464118024 0.2435708597 0.3282088232 0.1170266650 0.4068495403 0.0783841144 0.2701979544 0.4920585072 0.6649959825 0.2316985136 0.3377858068 0.5000000000 0.9243577394 0.8473797050 0.7491752428 0.8674028244 0.9092664271 0.9529861066 0.8077528304 0.8692431791 0.4297048514 0.7270443878 0.8329392863 0.7088189147 0.7277067361 0.6914464549 0.8821840163 0.4919867402 0.7331021986 0.6152381237 0.6091175976 0.4342507143 0.7231980689 0.4682961105 0.9139807248 0.9810550698 0.9955708433 0.8734634248
 0.0963849385 0.1459129081 0.2382429911 0.1025370340 0.2085670067 0.6602145846 0.7239376038 0.0590672594 0.3617590558 0.3148792018 0.2278924303 0.2702086167 0.4445712393 0.0756422606 0.5000000000 0.4427813115 0.9821848980 0.7498609699 0.6573066832 0.9836119550 0.4621461698 0.9948725431 0.8346524317 0.3661470558 0.5349667968 0.9273001392 0.9139871559 0.9898037696 0.8518199049 0.4216851886 0.7130973551 0.4813349084 0.1771133234 0.7906794030 0.9845234927 0.8479373570 0.9964356848 0.9906747989 0.5709339438 0.3941897849
 0.1357076116 0.3057266671 0.0586500740 0.3674756571 0.3460478866 0.2023440263 0.1362130711 0.3729810220 0.2866544737 0.1687055731 0.1537573057 0.1180678630 0.5004904219 0.1526202950 0.5572186885 0.5000000000 0.9144820852 0.9850638225 0.9063454365 0.7287684884 0.9551392697 0.9237648815 0.8069016785 0.8451995010 0.8879402235 0.9323394362 0.4041792520 0.9781659771 0.9976287260 0.8869103469 0.9840777896 0.7592430533 0.8742298774 0.4194915966 0.9729541848 0.7869656245 0.7181573146 0.8236467077 0.7116116946 0.6801727812
 0.1646658001 0.2536426864 0.2905394649 0.1475215996 0.0036586154 0.0755164092 0.4738581796 0.1975758637 0.0421281582 0.0212009452 0.2542015572 0.2241288381 0.3820325045 0.2508247572 0.0178151020 0.0855179148 0.5000000000 0.6146490077 0.8183920099 0.7563126714 0.9843716696 0.4426534710 0.8310023310 0.6105485954 0.9586396591 0.8632496159 0.5209808794 0.8750894651 0.5524795196 0.9501149975 0.5454404063 0.9206792756 0.5135081233 0.3697364656 0.8620412583 0.9415498490 0.3774692469 0.8656382244 0.9029781798 0.8378246056
 0.1136874764 0.0024576479 0.0080550382 0.2046600192 0.3391422150 0.1580339480 0.3529957526 0.2692538177 0.6874287532 0.1049228904 0.4204757770 0.4492228478 0.0551585283 0.1325971756 0.2501390301 0.0149361775 0.3853509923 0.5000000000 0.9830067212 0.5712338078 0.6362033435 0.5088133247 0.4644817287 0.7673695807 0.7793316129 0.7551691328 0.4810100185 0.8273881859 0.7610287161 0.9797660456 0.9463507022 0.8073662071 0.6127147262 0.9525034258 0.9379660473 0.7263952748 0.8829676037 0.9840672708 0.7018995954 0.9856974188
 0.2083756483 0.7546507978 0.0804179126 0.3103033589 0.5208360059 0.0066834035 0.1255414174 0.5184791744 0.2268863507 0.7943303415 0.2213204525 0.2175085256 0.1647405517 0.0907335729 0.3426933168 0.0936545635 0.1816079901 0.0169932788 0.5000000000 0.5568889211 0.9231598922 0.7906878666 0.7600884770 0.5893434023 0.9793653006 0.6867534249 0.7629552624 0.7375206573 0.6674924287 0.6600889591 0.4328720009 0.8374699780 0.7558791961 0.9055110579 0.4038012600 0.8561822118 0.9314490324 0.9020561567 0.8484196017 0.3712330283
 0.0778379033 0.2414987944 0.1803090065 0.0933122512 0.3745834767 0.2371099179 0.3019847536 0.1234780473 0.1427346098 0.6209733128 0.1596923919 0.4740624723 0.4102499871 0.0470138934 0.0163880450 0.2712315116 0.2436873286 0.4287661922 0.4431110789 0.5000000000 0.9374736507 0.3521331643 0.6554743129 0.7091950418 0.7025436955 0.9208564646 0.9261857106 0.6880350168 0.8819921726 0.4923482414 0.6462731406 0.9806285653 0.9999765754 0.4554728588 0.5162300148 0.6915786071 0.9410682533 0.3325543428 0.2880850617 0.6702894282
 0.0634196609 0.2483460024 0.2513249995 0.1549150953 0.3352684682 0.4030049700 0.0705713585 0.1344797119 0.0437005538 0.2620552570 0.1781458648 0.1354089731 0.3248722527 0.1922471696 0.5378538302 0.0448607303 0.0156283304 0.3637966565 0.0768401078 0.0625263493 0.5000000000 0.5371809489 0.6998867506 0.7004012807 0.7874302997 0.9850253438 0.9324709939 0.2900721825 0.9518340164 0.3665842889 0.4840397042 0.8041562494 0.7781451325 0.9811469444 0.7494145021 0.6475009880 0.7599025347 0.8449030824 0.3834590821 0.5614363120
 0.8396848496 0.0060646422 0.5250882811 0.0675441212 0.0783888350 0.2239263167 0.3256122386 0.3042963189 0.1233496672 0.1634883219 0.4938874118 0.2394993229 0.7139069423 0.1307568209 0.0051274569 0.0762351185 0.5573465290 0.4911866753 0.2093121334 0.6478668357 0.4628190511 0.5000000000 0.8758966912 0.7065735792 0.9826039743 0.6209558013 0.6336374796 0.9153647693 0.5619082842 0.7911907161 0.3942088971 0.7553850480 0.6190485959 0.7626746209 0.6207758042 0.6570988242 0.9673491854 0.1337512721 0.9395993184 0.7642416468
 0.0999028522 0.1068204698 0.6231851849 0.0361105530 0.0221130133 0.1411613531 0.3670194449 0.2687227911 0.7726294601 0.0383886485 0.2853068933 0.0843622383 0.2319853346 0.5702951486 0.1653475683 0.1930983215 0.1689976690 0.5355182713 0.2399115230 0.3445256871 0.3001132494 0.1241033088 0.5000000000 0.9789052058 0.9543993650 0.7715105800 0.6585588807 0.8978542799 0.8020606153 0.8454463585 0.9536278011 0.9006369479 0.7338833963 0.5125431718 0.9868002407 0.8199540126 0.7157902464 0.8820011232 0.5419356444 0.3100617106
 0.2185132766 0.3698379528 0.4505581854 0.2657153178 0.0371806871 0.1917966194 0.0818161382 0.1168815162 0.2461762758 0.0311960750 0.1992652712 0.3757697006 0.1626832294 0.2729556122 0.6338529442 0.1548004990 0.3894514046 0.2326304193 0.4106565977 0.2908049582 0.2995987193 0.2934264208 0.0210947942 0.5000000000 0.9489124520 0.7134167935 0.8135827040 0.6270967341 0.8189675333 0.6524497818 0.8551842407 0.9287402801 0.6619312041 0.7933937175 0.6453083030 0.9421390292 0.5281622448 0.4562671804 0.6909715796 0.3103938901
 0.3573992561 0.2348437029 0.4996313536 0.4357962915 0.7576234118 0.2332756501 0.6369163150 0.1471162059 0.2535409430 0.4458048480 0.2685363122 0.1188884231 0.2122323615 0.1670607137 0.4650332032 0.1120597765 0.0413603409 0.2206683871 0.0206346994 0.2974563045 0.2125697003 0.0173960257 0.0456006350 0.0510875480 0.5000000000 0.8568530689 0.7814509050 0.2349126432 0.4784560025 0.9846807332 0.5683490989 0.8535317578 0.5480285380 0.6536585809 0.9247744429 0.8798891155 0.9978262474 0.8475652903 0.7057328808 0.5269138177
 0.2246357639 0.0324129698 0.1814122575 0.6009225141 0.3696055924 0.6265249359 0.0002693205 0.1362776350 0.5054385858 0.0554854683 0.2571743546 0.1076315446 0.0464378419 0.2911810853 0.0726998608 0.0676605638 0.1367503841 0.2448308672 0.3132465751 0.0791435354 0.0149746562 0.3790441987 0.2284894200 0.2865832065 0.1431469311 0.5000000000 0.9533934483 0.3907748189 0.1754976489 0.7070610899 0.9655989422 0.6362764432 0.1861069131 0.5494515242 0.6274466851 0.9582353905 0.7076110039 0.9748271488 0.8681294911 0.8861955814
 0.7059782287 0.5616128218 0.1592963545 0.1928646323 0.1073520109 0.0544930184 0.1685993534 0.3493139622 0.4519399653 0.1635073881 0.0089551917 0.2086751038 0.4700577289 0.2722932639 0.0860128441 0.5958207480 0.4790191206 0.5189899815 0.2370447376 0.0738142894 0.0675290061 0.3663625204 0.3414411193 0.1864172960 0.2185490950 0.0466065517 0.5000000000 0.5306192714 0.8393093434 0.7447039301 0.6764402807 0.8235654235 0.8645466531 0.7188491251 0.9143203757 0.8488469331 0.5653983229 0.5648430845 0.9099554778 0.6413571236
 0.5897203982 0.2201123570 0.0516791571 0.2221621871 0.2503363975 0.0422505105 0.4038836638 0.2257595049 0.0758897847 0.1346397817 0.4506301649 0.5967580692 0.4099917983 0.3085535451 0.0101962304 0.0218340229 0.1249105349 0.1726118141 0.2624793427 0.3119649832 0.7099278175 0.0846352307 0.1021457201 0.3729032659 0.7650873568 0.6092251811 0.4693807286 0.5000000000 0.8158852210 0.8572490831 0.9668001387 0.8195981006 0.4802909543 0.6910545444 0.8519154894 0.9554305279 0.5170783039 0.9994351637 0.3730050090 0.7594695200
 0.4626450772 0.0267414281 0.1312578362 0.0474611965 0.1127399304 0.3835498731 0.3723527287 0.0397977880 0.0459261444 0.1427274482 0.4146088512 0.0980777068 0.4784863418 0.1178159837 0.1481800951 0.0023712740 0.4475204804 0.2389712839 0.3325075713 0.1180078274 0.0481659836 0.4380917158 0.1979393847 0.1810324667 0.5215439975 0.8245023511 0.1606906566 0.1841147790 0.5000000000 0.8979131380 0.1686282495 0.8793328508 0.7324991499 0.6811656973 0.6617939847 0.2805291971 0.8817764539 0.9230638702 0.9524737680 0.9300977110
 0.5948420870 0.0650075904 0.2291349154 0.2313437536 0.4992355850 0.3361593731 0.3655932723 0.1269615631 0.0589389284 0.2497872398 0.1268575883 0.6444017970 0.1373496889 0.5080132598 0.5783148114 0.1130896531 0.0498850025 0.0202339544 0.3399110409 0.5076517586 0.6334157111 0.2088092839 0.1545536415 0.3475502182 0.0153192668 0.2929389101 0.2552960699 0.1427509169 0.1020868620 0.5000000000 0.9614756928 0.9748653167 0.9384699491 0.6105908637 0.9041199893 0.9292805436 0.6733185517 0.9374059744 0.4744338033 0.8479192944
 0.8141398986 0.1618486212 0.0279948720 0.0305747151 0.1487122960 0.4088976680 0.4221606932 0.3818770483 0.0402875112 0.8832504629 0.3321082516 0.0838157208 0.1849497014 0.2668978014 0.2869026449 0.0159222104 0.4545595937 0.0536492978 0.5671279991 0.3537268594 0.5159602958 0.6057911029 0.0463721989 0.1448157593 0.4316509011 0.0344010578 0.3235597193 0.0331998613 0.8313717505 0.0385243072 0.5000000000 0.8260029914 0.7405408255 0.9330746247 0.6218044675 0.7496943578 0.8836734312 0.8809223011 0.6869483199 0.5093328841
 0.0483960247 0.3068646842 0.0970567873 0.1389166754 0.3317584057 0.2493945923 0.2545041655 0.0260700311 0.5523108515 0.1749183427 0.1821519658 0.0519059421 0.1387549178 0.3847618763 0.5186650916 0.2407569467 0.0793207244 0.1926337929 0.1625300220 0.0193714347 0.1958437506 0.2446149520 0.0993630521 0.0712597199 0.1464682422 0.3637235568 0.1764345765 0.1804018994 0.1206671492 0.0251346833 0.1739970086 0.5000000000 0.7503844091 0.9294517710 0.6521334114 0.8026309659 0.5865736041 0.6575163523 0.6240658625 0.8611069838
 0.0889682883 0.2969397835 0.9021238938 0.4464483477 0.1743825258 0.2031475640 0.0332703458 0.0988744056 0.1078369050 0.0933129276 0.1642878896 0.0399539498 0.0845228471 0.3908824024 0.8228866766 0.1257701226 0.4864918767 0.3872852738 0.2441208039 0.0000234246 0.2218548675 0.3809514041 0.2661166037 0.3380687959 0.4519714620 0.8138930869 0.1354533469 0.5197090457 0.2675008501 0.0615300509 0.2594591745 0.2496155909 0.5000000000 0.8886447022 0.5037453117 0.6530367673 0.3456102861 0.8517606088 0.4667162677 0.6314447387
 0.1756161441 0.1540590758 0.1929554721 0.1302125829 0.5068404588 0.2350190619 0.3453527446 0.0700015208 0.3048485373 0.0300552585 0.2104217336 0.4312956579 0.1135314751 0.5657492857 0.2093205970 0.5805084034 0.6302635344 0.0474965742 0.0944889421 0.5445271412 0.0188530556 0.2373253791 0.4874568282 0.2066062825 0.3463414191 0.4505484758 0.2811508749 0.3089454556 0.3188343027 0.3894091363 0.0669253753 0.0705482290 0.1113552978 0.5000000000 0.9022178559 0.9013622569 0.8852046102 0.4185077105 0.9239504289 0.8402126109
 0.1116245125 0.1268901230 0.1037341946 0.4231154564 0.6931338110 0.4304153044 0.3201832883 0.4025023167 0.1844778032 0.0617984222 0.1824980766 0.0442049945 0.1192883061 0.2768019311 0.0154765073 0.0270458152 0.1379587417 0.0620339527 0.5961987400 0.4837699852 0.2505854979 0.3792241958 0.0131997593 0.3546916970 0.0752255571 0.3725533149 0.0856796243 0.1480845106 0.3382060153 0.0958800107 0.3781955325 0.3478665886 0.4962546883 0.0977821441 0.5000000000 0.9824264691 0.7118831362 0.8273590062 0.5222968726 0.6439950841
 0.7364443232 0.1312924350 0.1595219362 0.5718472841 0.2341017909 0.0655458823 0.1108066029 0.0596800846 0.1592141388 0.5196260952 0.1288870571 0.5819108692 0.1691568491 0.5317038895 0.1520626430 0.2130343755 0.0584501510 0.2736047252 0.1438177882 0.3084213929 0.3524990120 0.3429011758 0.1800459874 0.0578609708 0.1201108845 0.0417646095 0.1511530669 0.0445694721 0.7194708029 0.0707194564 0.2503056422 0.1973690341 0.3469632327 0.0986377431 0.0175735309 0.5000000000 0.8685058675 0.7856409739 0.9102546594 0.8849283098
 0.1319763539 0.3689554985 0.5195907430 0.5268456738 0.4296483169 0.0324013179 0.3254119637 0.3278833226 0.2194898665 0.3818461800 0.0231919498 0.5327126894 0.0642741010 0.0860192752 0.0035643152 0.2818426854 0.6225307531 0.1170323963 0.0685509676 0.0589317467 0.2400974653 0.0326508146 0.2842097536 0.4718377552 0.0021737526 0.2923889961 0.4346016771 0.4829216961 0.1182235461 0.3266814483 0.1163265688 0.4134263959 0.6543897139 0.1147953898 0.2881168638 0.1314941325 0.5000000000 0.9148824586 0.3187516397 0.4665922824
 0.2168522058 0.2622254603 0.5552722085 0.0695660366 0.0414610911 0.5674260206 0.7184011279 0.0579300924 0.5063226484 0.0421320593 0.3855408448 0.3123114781 0.3104208473 0.0189449302 0.0093252011 0.1763532923 0.1343617756 0.0159327292 0.0979438433 0.6674456572 0.1550969176 0.8662487279 0.1179988768 0.5437328196 0.1524347097 0.0251728512 0.4351569155 0.0005648363 0.0769361298 0.0625940256 0.1190776989 0.3424836477 0.1482393912 0.5814922895 0.1726409938 0.2143590261 0.0851175414 0.5000000000 0.9315746086 0.7222624732
 0.1750805609 0.0580932588 0.0232738355 0.1250135654 0.0487277409 0.1173141736 0.6640288027 0.0754872436 0.3557699374 0.0219092204 0.3292889798 0.1229121336 0.0099242451 0.0044291567 0.4290660562 0.2883883054 0.0970218202 0.2981004046 0.1515803983 0.7119149383 0.6165409179 0.0604006816 0.4580643556 0.3090284204 0.2942671192 0.1318705089 0.0900445222 0.6269949910 0.0475262320 0.5255661967 0.3130516801 0.3759341375 0.5332837323 0.0760495711 0.4777031274 0.0897453406 0.6812483603 0.0684253914 0.5000000000 0.5689004978
 0.1687133082 0.1268763808 0.4942612832 0.0658528605 0.3693749871 0.1227708426 0.0471974629 0.1391241216 0.7017659202 0.8162492903 0.0011072573 0.1933663346 0.0915809910 0.1265365752 0.6058102151 0.3198272188 0.1621753944 0.0143025812 0.6287669717 0.3297105718 0.4385636880 0.2357583532 0.6899382894 0.6896061099 0.4730861823 0.1138044186 0.3586428764 0.2405304800 0.0699022890 0.1520807056 0.4906671159 0.1388930162 0.3685552613 0.1597873891 0.3560049159 0.1150716902 0.5334077176 0.2777375268 0.4310995022 0.5000000000
]
